21 0.6359375 0.28541666666666665 0.046875 0.2
21 0.575 0.2875 0.046875 0.19166666666666668
21 0.36484375 0.3020833333333333 0.0484375 0.2
14 0.5078125 0.334375 0.0375 0.07291666666666667
14 0.43125 0.41041666666666665 0.0375 0.14166666666666666
13 0.5296875 0.415625 0.05 0.07708333333333334
14 0.384375 0.421875 0.053125 0.08541666666666667
14 0.3828125 0.6229166666666667 0.075 0.30833333333333335
14 0.48359375 0.6322916666666667 0.0578125 0.20625
13 0.53125 0.7052083333333333 0.06875 0.12291666666666666
14 0.29140625 0.8145833333333333 0.0796875 0.25