20 0.2671875 0.1328125 0.3046875 0.1234375 0.325 0.125 0.325 0.1015625 0.3171875 0.08125 0.3125 0.0828125 0.3109375 0.1078125 0.2671875 0.1015625 0.2453125 0.08125 0.2078125 0.071875 0.084375 0.08125 0.0734375 0.090625 0.0734375 0.146875 0.0875 0.153125 0.1796875 0.1625 0.2265625 0.1609375 0.2453125 0.153125 0.2671875 0.1328125
20 0.85 0.140625 0.8703125 0.121875 0.86875 0.0828125 0.8375 0.0578125 0.8140625 0.0734375 0.7765625 0.0625 0.7828125 0.075 0.8203125 0.09375 0.825 0.10625 0.796875 0.10625 0.778125 0.096875 0.7046875 0.103125 0.6625 0.075 0.625 0.0671875 0.5375 0.06875 0.4921875 0.08125 0.4921875 0.15 0.546875 0.165625 0.6484375 0.1640625 0.821875 0.1328125 0.834375 0.140625 0.85 0.140625
20 0.9109375 0.3390625 0.9125 0.3140625 0.903125 0.296875 0.8234375 0.284375 0.7609375 0.2421875 0.7140625 0.2234375 0.6296875 0.2109375 0.5125 0.2109375 0.490625 0.21875 0.4890625 0.375 0.5 0.3828125 0.71875 0.3765625 0.8828125 0.353125 0.9015625 0.3484375 0.9109375 0.3390625
20 0.828125 0.571875 0.846875 0.5625 0.8765625 0.5234375 0.9453125 0.5125 0.95625 0.5015625 0.9515625 0.4734375 0.88125 0.4625 0.8609375 0.4421875 0.834375 0.43125 0.5171875 0.4265625 0.4921875 0.4421875 0.484375 0.465625 0.4828125 0.528125 0.4890625 0.575 0.49375 0.5828125 0.5171875 0.5921875 0.66875 0.59375 0.828125 0.571875
20 0.4015625 0.396875 0.4328125 0.396875 0.440625 0.3890625 0.434375 0.375 0.4 0.371875 0.35625 0.3453125 0.31875 0.35625 0.2234375 0.34375 0.109375 0.34375 0.0796875 0.3515625 0.0734375 0.3609375 0.075 0.415625 0.1171875 0.428125 0.21875 0.428125 0.3125 0.415625 0.3640625 0.425 0.4015625 0.396875
20 0.34375 0.25390625 0.340625 0.228125 0.296875 0.2171875 0.0796875 0.21875 0.0703125 0.2328125 0.0703125 0.2734375 0.0796875 0.2859375 0.2953125 0.2875 0.334375 0.278125 0.34375 0.2682291671875 0.34375 0.25390625
20 0.4234375 0.5234375 0.41875 0.4984375 0.35 0.4796875 0.0890625 0.4796875 0.078125 0.4875 0.075 0.528125 0.078125 0.540625 0.090625 0.546875 0.353125 0.546875 0.3984375 0.5359375 0.4234375 0.5234375
20 0.3734375 0.6296875 0.3703125 0.6234375 0.346875 0.625 0.3265625 0.6375 0.296875 0.6390625 0.2484375 0.596875 0.1734375 0.6046875 0.084375 0.6 0.0734375 0.609375 0.0734375 0.66875 0.0828125 0.6796875 0.1015625 0.684375 0.2984375 0.684375 0.35625 0.6546875 0.3734375 0.6296875
20 0.30625 0.7453125 0.0890625 0.74375 0.0734375 0.7515625 0.0703125 0.7859375 0.0796875 0.809375 0.2796875 0.8125 0.3359375 0.7984375 0.3359375 0.75625 0.30625 0.7453125
20 0.7734375 0.7640625 0.796875 0.74375 0.8234375 0.74375 0.846875 0.73125 0.8765625 0.73125 0.8875 0.71875 0.8875 0.6875 0.8796875 0.678125 0.8375 0.6765625 0.828125 0.665625 0.78125 0.665625 0.7546875 0.6546875 0.715625 0.653125 0.596875 0.6296875 0.521875 0.63125 0.4921875 0.640625 0.4828125 0.653125 0.4859375 0.7890625 0.5015625 0.803125 0.546875 0.8140625 0.6328125 0.809375 0.696875 0.7953125 0.7734375 0.7640625
20 0.9265625 0.86875 0.9125 0.8609375 0.859375 0.8734375 0.828125 0.8453125 0.5015625 0.8453125 0.4875 0.853125 0.4859375 0.9203125 0.496875 0.9328125 0.8421875 0.9328125 0.8765625 0.9234375 0.928125 0.8765625 0.9265625 0.86875
20 0.24375 0.9140625 0.265625 0.9046875 0.3015625 0.9046875 0.3015625 0.8848958328125001 0.29375 0.8875 0.29375 0.87890625 0.3015625 0.875 0.2984375 0.86875 0.29375 0.8703125 0.2921875 0.8890625 0.275 0.89375 0.25 0.8828125 0.2234375 0.8828125 0.209375 0.86875 0.1859375 0.8609375 0.078125 0.859375 0.0703125 0.8671875 0.0671875 0.91875 0.075 0.9359375 0.1875 0.9359375 0.203125 0.93125 0.2234375 0.9140625 0.24375 0.9140625