23 0.9315972222222222 0.8336805555555555 0.13680555555555557 0.3326388888888889
23 0.7690972222222222 0.8315972222222222 0.17430555555555555 0.3368055555555556
23 0.5975694444444445 0.8361111111111111 0.1798611111111111 0.3277777777777778
23 0.41875 0.8361111111111111 0.19722222222222222 0.3277777777777778
23 0.22743055555555555 0.8347222222222223 0.18263888888888888 0.33055555555555555
23 0.07222222222222222 0.8354166666666667 0.1361111111111111 0.32916666666666666
23 0.07291666666666667 0.5055555555555555 0.14444444444444443 0.35138888888888886
23 0.2326388888888889 0.5100694444444445 0.19583333333333333 0.34930555555555554
23 0.41458333333333336 0.5076388888888889 0.18888888888888888 0.3541666666666667
23 0.5902777777777778 0.509375 0.175 0.3506944444444444
23 0.7638888888888888 0.5038194444444445 0.18194444444444444 0.3576388888888889
23 0.9329861111111111 0.5055555555555555 0.13402777777777777 0.3527777777777778
23 0.9288194444444444 0.16006944444444443 0.1423611111111111 0.32013888888888886
23 0.7677083333333333 0.15590277777777778 0.18819444444444444 0.31180555555555556
23 0.5850694444444444 0.1673611111111111 0.17708333333333334 0.3347222222222222
23 0.40208333333333335 0.16701388888888888 0.18333333333333332 0.33402777777777776
23 0.21909722222222222 0.17430555555555555 0.19652777777777777 0.34444444444444444
23 0.065625 0.16770833333333332 0.13125 0.33402777777777776