20 1 0.5322265625 0.9814453125 0.5078125 0.966796875 0.5009765625 0.9501953125 0.466796875 0.919921875 0.4892578125 0.9404296875 0.486328125 0.955078125 0.5009765625 0.95703125 0.5224609375 0.96875 0.5458984375 0.970703125 0.5927734375 1 0.6376953125 1 0.5322265625
20 0.236328125 0.8544921875 0.23046875 0.8623046875 0.2333984375 0.869140625 0.2509765625 0.86328125 0.263671875 0.8779296875 0.26953125 0.9013671875 0.267578125 0.9482421875 0.2958984375 1 0.390625 0.9990234375 0.357421875 0.9248046875 0.3330078125 0.896484375 0.2998046875 0.8828125 0.27734375 0.8603515625 0.2666015625 0.837890625 0.236328125 0.8544921875
20 0.8330078125 0.4921875 0.80078125 0.5146484375 0.814453125 0.5615234375 0.9140625 0.7314453125 0.9248046875 0.7421875 0.9375 0.7412109375 0.9658203125 0.7265625 0.978515625 0.7138671875 0.978515625 0.7060546875 0.875 0.5224609375 0.8447265625 0.490234375 0.8330078125 0.4921875
20 0.345703125 0.7880859375 0.357421875 0.8193359375 0.45703125 0.9912109375 0.4638671875 1 0.501953125 0.9990234375 0.5234375 0.9794921875 0.5234375 0.9658203125 0.419921875 0.7822265625 0.3896484375 0.75 0.3466796875 0.76953125 0.345703125 0.7880859375
20 0.7099609375 0.546875 0.6748046875 0.54296875 0.671875 0.5498046875 0.6796875 0.5634765625 0.720703125 0.6025390625 0.708984375 0.6689453125 0.763671875 0.7451171875 0.791015625 0.8056640625 0.80859375 0.8134765625 0.861328125 0.7822265625 0.859375 0.7509765625 0.810546875 0.6630859375 0.76953125 0.6044921875 0.759765625 0.5791015625 0.7099609375 0.546875
20 0.5517578125 0.5546875 0.5390625 0.5654296875 0.5390625 0.5791015625 0.5546875 0.6357421875 0.677734375 0.8525390625 0.6904296875 0.869140625 0.70703125 0.8701171875 0.7412109375 0.8515625 0.74609375 0.8310546875 0.6171875 0.6064453125 0.5732421875 0.560546875 0.5615234375 0.552734375 0.5517578125 0.5546875
20 0.025390625 0.3837890625 0.0029296875 0.3671875 0 0.4150390625 0.013671875 0.4423828125 0.013671875 0.4599609375 0.056640625 0.5263671875 0.052734375 0.5771484375 0.05859375 0.5966796875 0.1171875 0.6923828125 0.1357421875 0.7109375 0.1484375 0.7119140625 0.201171875 0.6787109375 0.185546875 0.6220703125 0.1328125 0.5361328125 0.03515625 0.4248046875 0.01953125 0.4013671875 0.025390625 0.3837890625
20 0.4677734375 0.638671875 0.447265625 0.6123046875 0.4345703125 0.60546875 0.42578125 0.6123046875 0.42578125 0.6220703125 0.4375 0.6474609375 0.4375 0.7001953125 0.46484375 0.7255859375 0.50390625 0.8232421875 0.546875 0.8974609375 0.5791015625 0.935546875 0.59375 0.9365234375 0.638671875 0.9091796875 0.634765625 0.8759765625 0.5859375 0.7880859375 0.517578125 0.6982421875 0.5078125 0.6591796875 0.4677734375 0.638671875
20 0.63671875 0.0419921875 0.64453125 0.0595703125 0.80078125 0.3271484375 0.818359375 0.3291015625 0.875 0.2958984375 0.869140625 0.2705078125 0.71484375 0.0029296875 0.6474609375 0 0.63671875 0.0224609375 0.63671875 0.0419921875
20 0.6552734375 0.177734375 0.5849609375 0.125 0.5634765625 0.119140625 0.55078125 0.0986328125 0.529296875 0.0849609375 0.5107421875 0.0546875 0.4931640625 0.0546875 0.46484375 0.0751953125 0.482421875 0.1181640625 0.48046875 0.1357421875 0.50390625 0.1767578125 0.505859375 0.2021484375 0.52734375 0.2431640625 0.56640625 0.3564453125 0.60546875 0.4169921875 0.6240234375 0.43359375 0.638671875 0.4365234375 0.6982421875 0.40625 0.7578125 0.3662109375 0.76171875 0.3447265625 0.75 0.3017578125 0.716796875 0.2470703125 0.6552734375 0.177734375
20 0.17578125 0.2333984375 0.1630859375 0.22265625 0.1533203125 0.22265625 0.1337890625 0.232421875 0.12109375 0.2509765625 0.150390625 0.3251953125 0.146484375 0.4052734375 0.15625 0.4638671875 0.19140625 0.5458984375 0.23828125 0.6259765625 0.2509765625 0.642578125 0.265625 0.6455078125 0.3876953125 0.578125 0.3984375 0.5673828125 0.3984375 0.5576171875 0.341796875 0.4580078125 0.267578125 0.3466796875 0.17578125 0.2333984375
20 0.40234375 0.1826171875 0.3701171875 0.1640625 0.3310546875 0.16015625 0.2861328125 0.10546875 0.2724609375 0.103515625 0.251953125 0.1201171875 0.265625 0.1533203125 0.265625 0.1708984375 0.27734375 0.1884765625 0.26953125 0.2138671875 0.271484375 0.2412109375 0.421875 0.5126953125 0.4423828125 0.53125 0.462890625 0.5322265625 0.5068359375 0.515625 0.5576171875 0.482421875 0.57421875 0.4638671875 0.572265625 0.4384765625 0.498046875 0.3056640625 0.40234375 0.1826171875