20 0.4794921875 0.40625 0.3427734375 0.404296875 0.1767578125 0.42578125 0.1572265625 0.43359375 0.1201171875 0.478515625 0.0517578125 0.48828125 0.04296875 0.4990234375 0.0478515625 0.525390625 0.0849609375 0.529296875 0.0927734375 0.537109375 0.1220703125 0.537109375 0.1416015625 0.55859375 0.1572265625 0.56640625 0.4609375 0.5732421875 0.4970703125 0.56640625 0.509765625 0.5517578125 0.515625 0.5244140625 0.51171875 0.4287109375 0.5009765625 0.4140625 0.4794921875 0.40625
20 0.4990234375 0.197265625 0.4599609375 0.185546875 0.3994140625 0.185546875 0.3115234375 0.201171875 0.2470703125 0.224609375 0.2158203125 0.240234375 0.2021484375 0.255859375 0.1708984375 0.255859375 0.1611328125 0.267578125 0.1201171875 0.267578125 0.111328125 0.2822265625 0.111328125 0.3095703125 0.1201171875 0.322265625 0.1591796875 0.322265625 0.1708984375 0.333984375 0.2236328125 0.333984375 0.2392578125 0.34375 0.2939453125 0.34765625 0.3818359375 0.3671875 0.44140625 0.3701171875 0.4697265625 0.369140625 0.5068359375 0.357421875 0.515625 0.3466796875 0.517578125 0.3310546875 0.513671875 0.2099609375 0.4990234375 0.197265625
20 0.068359375 0.1181640625 0.0849609375 0.138671875 0.1376953125 0.125 0.1708984375 0.154296875 0.5 0.1533203125 0.513671875 0.1416015625 0.513671875 0.0771484375 0.5048828125 0.06640625 0.1513671875 0.06640625 0.1181640625 0.078125 0.068359375 0.1181640625
20 0.7763671875 0.0859375 0.7490234375 0.0859375 0.7353515625 0.095703125 0.697265625 0.0927734375 0.697265625 0.1279296875 0.7021484375 0.1328125 0.70703125 0.1103515625 0.7294921875 0.10546875 0.7548828125 0.1171875 0.7783203125 0.115234375 0.7861328125 0.126953125 0.8115234375 0.138671875 0.92578125 0.1376953125 0.931640625 0.1259765625 0.93359375 0.0869140625 0.9228515625 0.0625 0.8173828125 0.0625 0.7919921875 0.0703125 0.7763671875 0.0859375
20 0.662109375 0.1982421875 0.662109375 0.2431640625 0.6923828125 0.25390625 0.916015625 0.2548828125 0.92578125 0.2509765625 0.9296875 0.2294921875 0.927734375 0.1982421875 0.9208984375 0.189453125 0.7216796875 0.185546875 0.662109375 0.1982421875
20 0.8955078125 0.314453125 0.7021484375 0.314453125 0.6455078125 0.341796875 0.625 0.3681640625 0.6259765625 0.375 0.6376953125 0.376953125 0.6591796875 0.373046875 0.6767578125 0.361328125 0.7041015625 0.359375 0.7470703125 0.400390625 0.76171875 0.4013671875 0.8173828125 0.39453125 0.9189453125 0.3984375 0.927734375 0.3857421875 0.92578125 0.3271484375 0.9150390625 0.318359375 0.8955078125 0.314453125
20 0.5927734375 0.46484375 0.57421875 0.4755859375 0.5771484375 0.5 0.6474609375 0.51953125 0.9140625 0.5185546875 0.92578125 0.5029296875 0.92578125 0.4697265625 0.921875 0.4580078125 0.9091796875 0.451171875 0.6494140625 0.451171875 0.5927734375 0.46484375
20 0.7880859375 0.5703125 0.6884765625 0.583984375 0.6337890625 0.57421875 0.6005859375 0.599609375 0.5654296875 0.6015625 0.556640625 0.6123046875 0.5654296875 0.625 0.6025390625 0.62890625 0.6396484375 0.654296875 0.6806640625 0.642578125 0.7802734375 0.65625 0.8359375 0.6572265625 0.8857421875 0.65625 0.9189453125 0.6484375 0.927734375 0.6240234375 0.923828125 0.5830078125 0.8818359375 0.5703125 0.7880859375 0.5703125
20 0.6689453125 0.71875 0.6640625 0.7255859375 0.6640625 0.7705078125 0.6689453125 0.775390625 0.7080078125 0.783203125 0.88671875 0.7822265625 0.9189453125 0.78125 0.927734375 0.7744140625 0.931640625 0.7373046875 0.9248046875 0.71484375 0.7021484375 0.7109375 0.6689453125 0.71875
20 0.7060546875 0.873046875 0.673828125 0.8720703125 0.673828125 0.8994140625 0.6806640625 0.916015625 0.685546875 0.9150390625 0.68359375 0.8935546875 0.7041015625 0.890625 0.7177734375 0.8984375 0.7353515625 0.8984375 0.7490234375 0.9140625 0.7685546875 0.923828125 0.81640625 0.9267578125 0.9228515625 0.9140625 0.923828125 0.8505859375 0.7900390625 0.8359375 0.7548828125 0.845703125 0.7333984375 0.865234375 0.7060546875 0.873046875
20 0.2080078125 0.892578125 0.2177734375 0.900390625 0.3017578125 0.896484375 0.3388671875 0.923828125 0.3740234375 0.931640625 0.4873046875 0.92578125 0.5078125 0.9150390625 0.5078125 0.8505859375 0.4951171875 0.841796875 0.4599609375 0.833984375 0.3759765625 0.83203125 0.2119140625 0.86328125 0.1748046875 0.865234375 0.1630859375 0.8515625 0.1455078125 0.853515625 0.12890625 0.8681640625 0.12890625 0.9150390625 0.1435546875 0.923828125 0.1533203125 0.939453125 0.16796875 0.9404296875 0.1806640625 0.92578125 0.22265625 0.9365234375 0.2138671875 0.923828125 0.1748046875 0.904296875 0.1728515625 0.890625 0.2080078125 0.892578125
20 0.2705078125 0.623046875 0.1025390625 0.6484375 0.0859375 0.6630859375 0.0859375 0.6865234375 0.0927734375 0.701171875 0.1787109375 0.71484375 0.2275390625 0.75 0.2841796875 0.775390625 0.3544921875 0.787109375 0.453125 0.7880859375 0.4970703125 0.787109375 0.509765625 0.7783203125 0.509765625 0.6240234375 0.5029296875 0.6171875 0.4111328125 0.615234375 0.2705078125 0.623046875