9 0.109375 0.5478515640625 0.109375 0.8349609359375 0.12402343593750001 0.845703125 0.1640625 0.8486328140625 0.1865234359375 0.84375 0.1953125 0.8330078140625 0.1953125 0.5576171859375 0.1845703140625 0.54296875 0.11621093593750001 0.54296875 0.109375 0.5478515640625
9 0.201171875 0.5498046859375 0.19921875 0.5966796859375 0.203125 0.8369140640625 0.2197265640625 0.84765625 0.259765625 0.8486328140625 0.2822265640625 0.841796875 0.287109375 0.8330078140625 0.283203125 0.5537109359375 0.2724609359375 0.54296875 0.2119140640625 0.54296875 0.201171875 0.5498046859375
9 0.296875 0.5517578140625 0.294921875 0.5888671859375 0.294921875 0.8349609359375 0.3173828140625 0.84765625 0.3515625 0.8486328140625 0.3740234359375 0.84375 0.37890625 0.8369140640625 0.37890625 0.5517578140625 0.3681640640625 0.54296875 0.3076171859375 0.54296875 0.296875 0.5517578140625
9 0.4052734359375 0.845703125 0.443359375 0.8486328140625 0.47265625 0.8388671859375 0.47265625 0.5439453140625 0.3935546859375 0.54296875 0.388671875 0.5498046859375 0.38671875 0.8330078140625 0.4052734359375 0.845703125
9 0.52734375 0.5869140640625 0.52734375 0.8837890640625 0.5458984359375 0.892578125 0.595703125 0.8916015640625 0.61328125 0.8857421859375 0.6171875 0.8623046859375 0.615234375 0.5869140640625 0.6025390640625 0.578125 0.5615234359375 0.572265625 0.52734375 0.5869140640625
9 0.6318359359375 0.580078125 0.625 0.5888671859375 0.625 0.8798828140625 0.6298828140625 0.888671875 0.6435546859375 0.892578125 0.6953125 0.8916015640625 0.71484375 0.8798828140625 0.71484375 0.5888671859375 0.7080078140625 0.580078125 0.6806640640625 0.5703125 0.6611328140625 0.5703125 0.6318359359375 0.580078125
9 0.724609375 0.5869140640625 0.724609375 0.8798828140625 0.7412109359375 0.892578125 0.794921875 0.8916015640625 0.810546875 0.8857421859375 0.814453125 0.8662109359375 0.8125 0.5869140640625 0.8056640640625 0.580078125 0.7626953140625 0.5703125 0.724609375 0.5869140640625
9 0.8310546859375 0.580078125 0.82421875 0.5888671859375 0.82421875 0.8701171859375 0.826171875 0.8857421859375 0.8349609359375 0.890625 0.892578125 0.8916015640625 0.912109375 0.8837890640625 0.916015625 0.8583984359375 0.9140625 0.5869140640625 0.8818359359375 0.5703125 0.8603515640625 0.5703125 0.8310546859375 0.580078125
9 0.9169921859375 0.513671875 0.8935546859375 0.513671875 0.86328125 0.5244140640625 0.859375 0.5654296859375 0.9091796859375 0.580078125 0.9140625 0.5869140640625 0.912109375 0.7900390640625 0.9140625 0.8291015640625 0.923828125 0.8349609359375 0.947265625 0.8271484359375 0.951171875 0.8017578140625 0.94921875 0.5322265640625 0.9443359359375 0.5234375 0.9208984359375 0.51953125 0.9169921859375 0.513671875
9 0.759765625 0.5283203140625 0.759765625 0.5673828140625 0.8076171859375 0.580078125 0.8154296859375 0.59375 0.822265625 0.5927734359375 0.8291015640625 0.580078125 0.84765625 0.5732421859375 0.84765625 0.5283203140625 0.8134765640625 0.513671875 0.7646484359375 0.5234375 0.759765625 0.5283203140625
9 0.6630859359375 0.525390625 0.662109375 0.5673828140625 0.7041015640625 0.578125 0.72265625 0.5927734359375 0.7294921859375 0.580078125 0.75 0.5693359359375 0.748046875 0.5263671859375 0.7138671859375 0.513671875 0.6943359359375 0.513671875 0.6630859359375 0.525390625
9 0.5654296859375 0.5234375 0.560546875 0.5322265640625 0.5625 0.5673828140625 0.6103515640625 0.580078125 0.623046875 0.5927734359375 0.6298828140625 0.580078125 0.650390625 0.5712890640625 0.6484375 0.5263671859375 0.6259765640625 0.521484375 0.6181640640625 0.513671875 0.5654296859375 0.5234375