9 0.1142578125 0.376953125 0.111328125 0.3681640625 0.1025390625 0.36328125 0.0791015625 0.36328125 0.072265625 0.3662109375 0.076171875 0.3681640625 0.0751953125 0.373046875 0.0693359375 0.3671875 0.0654296875 0.376953125 0.0361328125 0.37890625 0.0283203125 0.380859375 0.0234375 0.3857421875 0.0234375 0.8037109375 0.0341796875 0.8125 0.0419921875 0.814453125 0.0751953125 0.818359375 0.11328125 0.8173828125 0.1376953125 0.814453125 0.1474609375 0.810546875 0.154296875 0.8037109375 0.154296875 0.3876953125 0.1455078125 0.37890625 0.1142578125 0.376953125
9 0.2705078125 0.376953125 0.2490234375 0.376953125 0.244140625 0.3681640625 0.2353515625 0.36328125 0.2119140625 0.36328125 0.2041015625 0.365234375 0.19921875 0.3701171875 0.1982421875 0.376953125 0.1689453125 0.37890625 0.1591796875 0.3828125 0.15625 0.3916015625 0.158203125 0.8037109375 0.1650390625 0.810546875 0.1767578125 0.814453125 0.2099609375 0.818359375 0.248046875 0.8173828125 0.2763671875 0.8125 0.2841796875 0.80859375 0.2890625 0.7998046875 0.287109375 0.3857421875 0.2822265625 0.380859375 0.2705078125 0.376953125
9 0.376953125 0.3720703125 0.376953125 0.3662109375 0.3701171875 0.36328125 0.3486328125 0.36328125 0.34375 0.3662109375 0.3408203125 0.373046875 0.3369140625 0.369140625 0.3310546875 0.376953125 0.2958984375 0.380859375 0.291015625 0.3857421875 0.29296875 0.8056640625 0.3037109375 0.8125 0.3251953125 0.81640625 0.37890625 0.8173828125 0.4111328125 0.8125 0.419921875 0.8056640625 0.419921875 0.3857421875 0.4111328125 0.37890625 0.3818359375 0.376953125 0.376953125 0.3720703125
9 0.5361328125 0.376953125 0.5126953125 0.376953125 0.5078125 0.3681640625 0.5009765625 0.36328125 0.4755859375 0.36328125 0.4658203125 0.3671875 0.4619140625 0.376953125 0.4345703125 0.37890625 0.4267578125 0.380859375 0.421875 0.3857421875 0.421875 0.8017578125 0.4287109375 0.810546875 0.4423828125 0.814453125 0.4736328125 0.818359375 0.51171875 0.8173828125 0.5419921875 0.8125 0.552734375 0.8017578125 0.5546875 0.4404296875 0.55078125 0.4267578125 0.55078125 0.3837890625 0.5361328125 0.376953125
9 0.6806640625 0.380859375 0.6689453125 0.376953125 0.6455078125 0.376953125 0.640625 0.3720703125 0.642578125 0.3701171875 0.6337890625 0.36328125 0.6123046875 0.36328125 0.5986328125 0.3671875 0.5966796875 0.376953125 0.5595703125 0.380859375 0.5546875 0.3857421875 0.556640625 0.8037109375 0.5595703125 0.80859375 0.5751953125 0.814453125 0.6064453125 0.818359375 0.64453125 0.8173828125 0.6689453125 0.814453125 0.6787109375 0.810546875 0.685546875 0.8037109375 0.6875 0.4345703125 0.68359375 0.3837890625 0.6806640625 0.380859375
9 0.8017578125 0.376953125 0.7802734375 0.376953125 0.775390625 0.3681640625 0.7666015625 0.36328125 0.7470703125 0.36328125 0.740234375 0.3662109375 0.7451171875 0.3671875 0.7470703125 0.37109375 0.7412109375 0.373046875 0.7353515625 0.3671875 0.7294921875 0.376953125 0.6943359375 0.380859375 0.689453125 0.3857421875 0.6875 0.3935546875 0.689453125 0.8037109375 0.6962890625 0.810546875 0.7080078125 0.814453125 0.7412109375 0.818359375 0.77734375 0.8173828125 0.8076171875 0.8125 0.8154296875 0.80859375 0.8203125 0.7998046875 0.818359375 0.3857421875 0.8154296875 0.380859375 0.8017578125 0.376953125
9 0.8662109375 0.318359375 0.8330078125 0.31640625 0.830078125 0.3076171875 0.8212890625 0.302734375 0.8017578125 0.302734375 0.7880859375 0.3046875 0.783203125 0.3115234375 0.78515625 0.3134765625 0.7783203125 0.318359375 0.7470703125 0.3203125 0.7421875 0.3251953125 0.7421875 0.3583984375 0.7451171875 0.361328125 0.7705078125 0.361328125 0.7880859375 0.375 0.8095703125 0.376953125 0.818359375 0.3837890625 0.822265625 0.7373046875 0.8203125 0.7451171875 0.8232421875 0.7578125 0.841796875 0.7568359375 0.8642578125 0.751953125 0.873046875 0.7431640625 0.875 0.3779296875 0.87109375 0.3701171875 0.87109375 0.3232421875 0.8662109375 0.318359375
9 0.697265625 0.3095703125 0.6884765625 0.302734375 0.6669921875 0.302734375 0.6552734375 0.3046875 0.6474609375 0.318359375 0.6142578125 0.3203125 0.609375 0.3251953125 0.609375 0.3583984375 0.6123046875 0.361328125 0.6376953125 0.361328125 0.6474609375 0.369140625 0.6552734375 0.37109375 0.71875 0.3701171875 0.7255859375 0.369140625 0.73828125 0.3603515625 0.73828125 0.3232421875 0.7314453125 0.318359375 0.7001953125 0.31640625 0.697265625 0.3095703125
9 0.564453125 0.3095703125 0.5556640625 0.302734375 0.5322265625 0.302734375 0.5205078125 0.3046875 0.5126953125 0.318359375 0.4912109375 0.318359375 0.4765625 0.3232421875 0.4765625 0.3583984375 0.4794921875 0.361328125 0.5029296875 0.361328125 0.5185546875 0.37109375 0.5322265625 0.373046875 0.5859375 0.3720703125 0.603515625 0.3603515625 0.603515625 0.3232421875 0.5986328125 0.318359375 0.5673828125 0.31640625 0.5625 0.3134765625 0.564453125 0.3095703125
9 0.4248046875 0.302734375 0.4033203125 0.302734375 0.3916015625 0.3046875 0.3837890625 0.318359375 0.3505859375 0.3203125 0.34375 0.3291015625 0.34375 0.3564453125 0.3466796875 0.361328125 0.3720703125 0.361328125 0.3876953125 0.37109375 0.4052734375 0.373046875 0.451171875 0.3720703125 0.47265625 0.3603515625 0.47265625 0.3232421875 0.4658203125 0.318359375 0.4345703125 0.31640625 0.431640625 0.3076171875 0.4248046875 0.302734375
9 0.3017578125 0.31640625 0.2958984375 0.3046875 0.2685546875 0.302734375 0.2568359375 0.3046875 0.2509765625 0.318359375 0.2255859375 0.318359375 0.2138671875 0.322265625 0.2109375 0.3271484375 0.2109375 0.3583984375 0.2138671875 0.361328125 0.2373046875 0.361328125 0.2490234375 0.369140625 0.2666015625 0.373046875 0.3203125 0.3720703125 0.3212890625 0.369140625 0.3291015625 0.369140625 0.33984375 0.3603515625 0.33984375 0.3232421875 0.3330078125 0.318359375 0.3017578125 0.31640625
9 0.1689453125 0.31640625 0.166015625 0.3095703125 0.1572265625 0.302734375 0.1396484375 0.302734375 0.1259765625 0.3046875 0.1162109375 0.318359375 0.0849609375 0.3203125 0.078125 0.3251953125 0.078125 0.3583984375 0.0810546875 0.361328125 0.1064453125 0.361328125 0.1162109375 0.369140625 0.14453125 0.3701171875 0.1923828125 0.369140625 0.2041015625 0.36328125 0.20703125 0.3603515625 0.20703125 0.3232421875 0.1923828125 0.31640625 0.1689453125 0.31640625
9 0.2451171875 0.26171875 0.1845703125 0.26171875 0.1474609375 0.265625 0.140625 0.2705078125 0.138671875 0.2802734375 0.1416015625 0.30078125 0.1611328125 0.302734375 0.1708984375 0.314453125 0.21875 0.3154296875 0.2470703125 0.314453125 0.2568359375 0.302734375 0.26953125 0.2998046875 0.26953125 0.2705078125 0.2666015625 0.265625 0.2451171875 0.26171875
9 0.3759765625 0.26171875 0.2939453125 0.263671875 0.2822265625 0.265625 0.2734375 0.2724609375 0.2734375 0.2978515625 0.2763671875 0.30078125 0.2939453125 0.302734375 0.3037109375 0.314453125 0.353515625 0.3154296875 0.3818359375 0.314453125 0.3876953125 0.3046875 0.40234375 0.2998046875 0.40234375 0.2685546875 0.3994140625 0.265625 0.3759765625 0.26171875
9 0.5263671875 0.263671875 0.5126953125 0.26171875 0.4716796875 0.26171875 0.4267578125 0.263671875 0.4150390625 0.265625 0.40625 0.2724609375 0.40625 0.2978515625 0.4091796875 0.30078125 0.4287109375 0.302734375 0.4384765625 0.314453125 0.4462890625 0.3125 0.4677734375 0.31640625 0.484375 0.3154296875 0.5126953125 0.314453125 0.5185546875 0.3046875 0.5341796875 0.30078125 0.537109375 0.2978515625 0.53515625 0.2685546875 0.5263671875 0.263671875
9 0.6416015625 0.26171875 0.5576171875 0.263671875 0.5439453125 0.265625 0.537109375 0.2724609375 0.5400390625 0.30078125 0.5595703125 0.302734375 0.5673828125 0.314453125 0.6171875 0.3154296875 0.6455078125 0.314453125 0.6513671875 0.3046875 0.666015625 0.2998046875 0.666015625 0.2685546875 0.6630859375 0.265625 0.6416015625 0.26171875
9 0.7373046875 0.26171875 0.6923828125 0.263671875 0.6787109375 0.265625 0.671875 0.2705078125 0.6728515625 0.30078125 0.6923828125 0.302734375 0.7021484375 0.314453125 0.75 0.3154296875 0.7783203125 0.314453125 0.7841796875 0.3046875 0.80078125 0.2978515625 0.80078125 0.2724609375 0.7958984375 0.265625 0.7373046875 0.26171875
9 0.9150390625 0.26171875 0.8935546875 0.26171875 0.8857421875 0.251953125 0.8603515625 0.25 0.8544921875 0.251953125 0.8466796875 0.263671875 0.8095703125 0.267578125 0.8046875 0.2744140625 0.8046875 0.2939453125 0.8134765625 0.30078125 0.8271484375 0.302734375 0.8349609375 0.3125 0.8642578125 0.31640625 0.87109375 0.3212890625 0.873046875 0.3271484375 0.875 0.7021484375 0.8779296875 0.705078125 0.896484375 0.7041015625 0.9287109375 0.697265625 0.935546875 0.6884765625 0.935546875 0.2900390625 0.93359375 0.2685546875 0.9306640625 0.265625 0.9150390625 0.26171875
9 0.9521484375 0.208984375 0.9443359375 0.203125 0.9306640625 0.205078125 0.9267578125 0.197265625 0.9052734375 0.197265625 0.896484375 0.2041015625 0.8935546875 0.2109375 0.8720703125 0.2109375 0.8583984375 0.21484375 0.85546875 0.2197265625 0.85546875 0.2412109375 0.8583984375 0.248046875 0.8876953125 0.248046875 0.89453125 0.2529296875 0.8974609375 0.259765625 0.9287109375 0.263671875 0.93359375 0.2666015625 0.935546875 0.2724609375 0.9375 0.6474609375 0.9404296875 0.650390625 0.95703125 0.6494140625 0.9775390625 0.64453125 0.98828125 0.6337890625 0.984375 0.2646484375 0.986328125 0.2158203125 0.9736328125 0.208984375 0.9521484375 0.208984375
9 0.7353515625 0.2109375 0.7275390625 0.212890625 0.72265625 0.2177734375 0.7236328125 0.248046875 0.7568359375 0.25 0.7626953125 0.259765625 0.7744140625 0.26171875 0.828125 0.2607421875 0.8427734375 0.259765625 0.8515625 0.2470703125 0.8515625 0.2158203125 0.8447265625 0.2109375 0.7802734375 0.20703125 0.7353515625 0.2109375
9 0.6318359375 0.20703125 0.5947265625 0.212890625 0.587890625 0.2197265625 0.5908203125 0.248046875 0.6162109375 0.248046875 0.6240234375 0.25 0.6298828125 0.259765625 0.6455078125 0.26171875 0.705078125 0.2607421875 0.7109375 0.2587890625 0.71875 0.2431640625 0.71875 0.2177734375 0.7119140625 0.2109375 0.6767578125 0.20703125 0.6318359375 0.20703125
9 0.5146484375 0.20703125 0.4716796875 0.2109375 0.4638671875 0.212890625 0.458984375 0.2177734375 0.45703125 0.2236328125 0.4599609375 0.248046875 0.4931640625 0.25 0.4990234375 0.259765625 0.5126953125 0.26171875 0.5625 0.2607421875 0.5751953125 0.259765625 0.578125 0.2529296875 0.5859375 0.2470703125 0.587890625 0.2177734375 0.5810546875 0.2109375 0.5146484375 0.20703125
9 0.3701171875 0.20703125 0.3310546875 0.212890625 0.32421875 0.2197265625 0.32421875 0.2431640625 0.3271484375 0.248046875 0.3603515625 0.25 0.3662109375 0.259765625 0.3740234375 0.26171875 0.4375 0.2607421875 0.4443359375 0.259765625 0.455078125 0.2431640625 0.455078125 0.2177734375 0.4482421875 0.2109375 0.4150390625 0.20703125 0.3701171875 0.20703125
9 0.2451171875 0.20703125 0.2041015625 0.2109375 0.1962890625 0.212890625 0.19140625 0.2177734375 0.1923828125 0.248046875 0.2255859375 0.25 0.2333984375 0.259765625 0.2431640625 0.26171875 0.298828125 0.2607421875 0.3115234375 0.259765625 0.3203125 0.2470703125 0.3203125 0.2138671875 0.3154296875 0.2109375 0.2822265625 0.20703125 0.2451171875 0.20703125