9 0.8623046875 0.0859375 0.861328125 0.0791015625 0.8486328125 0.072265625 0.8291015625 0.072265625 0.8271484375 0.076171875 0.8056640625 0.076171875 0.7998046875 0.087890625 0.7509765625 0.08984375 0.7373046875 0.09765625 0.728515625 0.1083984375 0.73046875 0.3837890625 0.7265625 0.8369140625 0.7373046875 0.845703125 0.7744140625 0.8515625 0.857421875 0.8505859375 0.9326171875 0.845703125 0.94140625 0.8349609375 0.94140625 0.1044921875 0.9267578125 0.091796875 0.8701171875 0.087890625 0.8623046875 0.0859375
9 0.6455078125 0.6171875 0.638671875 0.6240234375 0.63671875 0.6357421875 0.638671875 0.8427734375 0.6416015625 0.84765625 0.6513671875 0.849609375 0.6875 0.8486328125 0.7021484375 0.84765625 0.705078125 0.8388671875 0.705078125 0.6240234375 0.7021484375 0.619140625 0.6826171875 0.615234375 0.6455078125 0.6171875
9 0.5703125 0.6376953125 0.572265625 0.8447265625 0.5908203125 0.849609375 0.609375 0.8486328125 0.63671875 0.8447265625 0.63671875 0.6220703125 0.6181640625 0.615234375 0.5947265625 0.615234375 0.5751953125 0.619140625 0.5703125 0.6376953125
9 0.505859375 0.6220703125 0.50390625 0.6337890625 0.505859375 0.8427734375 0.5205078125 0.849609375 0.5390625 0.8486328125 0.5634765625 0.84765625 0.5703125 0.8427734375 0.5703125 0.6220703125 0.5498046875 0.615234375 0.5166015625 0.615234375 0.505859375 0.6220703125
9 0.4853515625 0.615234375 0.4560546875 0.615234375 0.4443359375 0.6171875 0.4375 0.6279296875 0.439453125 0.8447265625 0.4501953125 0.849609375 0.4765625 0.8486328125 0.50390625 0.8447265625 0.50390625 0.7666015625 0.5 0.7275390625 0.50390625 0.6240234375 0.5009765625 0.619140625 0.4853515625 0.615234375
9 0.4375 0.6240234375 0.4306640625 0.6171875 0.3916015625 0.615234375 0.3779296875 0.6171875 0.37109375 0.6240234375 0.373046875 0.8447265625 0.3818359375 0.849609375 0.416015625 0.8486328125 0.4326171875 0.84765625 0.4375 0.8427734375 0.4375 0.7685546875 0.43359375 0.7607421875 0.43359375 0.6552734375 0.4375 0.6240234375
9 0.3505859375 0.615234375 0.3193359375 0.615234375 0.3046875 0.6240234375 0.302734375 0.6376953125 0.3046875 0.8447265625 0.3173828125 0.849609375 0.34765625 0.8486328125 0.3662109375 0.84765625 0.37109375 0.8408203125 0.37109375 0.7705078125 0.3671875 0.7607421875 0.369140625 0.6201171875 0.3505859375 0.615234375
9 0.236328125 0.6396484375 0.23828125 0.8408203125 0.2451171875 0.84765625 0.265625 0.8486328125 0.302734375 0.8427734375 0.302734375 0.6220703125 0.2841796875 0.615234375 0.2451171875 0.6171875 0.23828125 0.6240234375 0.236328125 0.6396484375
9 0.1865234375 0.615234375 0.1767578125 0.6171875 0.169921875 0.6318359375 0.171875 0.8447265625 0.1748046875 0.84765625 0.2265625 0.8466796875 0.236328125 0.8427734375 0.236328125 0.7666015625 0.232421875 0.7314453125 0.236328125 0.6220703125 0.2158203125 0.615234375 0.1865234375 0.615234375
9 0.1162109375 0.615234375 0.10546875 0.6220703125 0.1015625 0.6376953125 0.10546875 0.8447265625 0.1123046875 0.849609375 0.146484375 0.8486328125 0.169921875 0.8447265625 0.169921875 0.7666015625 0.166015625 0.7236328125 0.169921875 0.6220703125 0.1513671875 0.615234375 0.1162109375 0.615234375
9 0.103515625 0.6220703125 0.0830078125 0.615234375 0.0498046875 0.615234375 0.0390625 0.6240234375 0.0390625 0.8447265625 0.0498046875 0.849609375 0.078125 0.8486328125 0.0986328125 0.84765625 0.103515625 0.8427734375 0.103515625 0.7685546875 0.099609375 0.7412109375 0.099609375 0.6533203125 0.103515625 0.6220703125
9 0.0908203125 0.611328125 0.1025390625 0.619140625 0.1240234375 0.61328125 0.1572265625 0.61328125 0.1708984375 0.619140625 0.2001953125 0.61328125 0.2060546875 0.6171875 0.2275390625 0.615234375 0.2353515625 0.619140625 0.2529296875 0.615234375 0.2958984375 0.615234375 0.3017578125 0.619140625 0.3154296875 0.615234375 0.3623046875 0.615234375 0.3701171875 0.619140625 0.3837890625 0.615234375 0.4306640625 0.615234375 0.4384765625 0.619140625 0.4482421875 0.615234375 0.4970703125 0.615234375 0.5068359375 0.619140625 0.5166015625 0.615234375 0.5595703125 0.61328125 0.5712890625 0.619140625 0.5830078125 0.615234375 0.6318359375 0.615234375 0.6376953125 0.619140625 0.6669921875 0.61328125 0.6904296875 0.615234375 0.693359375 0.6123046875 0.693359375 0.5791015625 0.68359375 0.5712890625 0.68359375 0.5302734375 0.681640625 0.5244140625 0.669921875 0.5166015625 0.669921875 0.4892578125 0.6455078125 0.482421875 0.6298828125 0.482421875 0.6064453125 0.490234375 0.5771484375 0.482421875 0.5498046875 0.484375 0.5380859375 0.490234375 0.5087890625 0.482421875 0.4775390625 0.486328125 0.4716796875 0.490234375 0.4423828125 0.482421875 0.4111328125 0.486328125 0.4052734375 0.490234375 0.3779296875 0.482421875 0.3642578125 0.482421875 0.3388671875 0.490234375 0.3330078125 0.486328125 0.2978515625 0.482421875 0.2783203125 0.486328125 0.2705078125 0.4921875 0.2646484375 0.486328125 0.2451171875 0.482421875 0.2294921875 0.482421875 0.2060546875 0.490234375 0.1787109375 0.482421875 0.1630859375 0.482421875 0.1396484375 0.490234375 0.1123046875 0.482421875 0.0849609375 0.484375 0.0732421875 0.490234375 0.0458984375 0.482421875 0.0107421875 0.486328125 0.00390625 0.4951171875 0.00390625 0.7119140625 0.015625 0.7197265625 0.015625 0.7470703125 0.02734375 0.7529296875 0.02734375 0.7861328125 0.03125 0.7880859375 0.033203125 0.6572265625 0.037109375 0.6533203125 0.033203125 0.6259765625 0.0380859375 0.625 0.0517578125 0.609375 0.0908203125 0.611328125