9 0.935546875 0.4033203125 0.9052734375 0.3984375 0.88671875 0.4111328125 0.888671875 0.4970703125 0.880859375 0.6435546875 0.8896484375 0.658203125 0.9140625 0.6611328125 0.93359375 0.6533203125 0.9375 0.6357421875 0.943359375 0.4423828125 0.9375 0.4345703125 0.939453125 0.4091796875 0.935546875 0.4033203125
9 0.82421875 0.6513671875 0.8330078125 0.66015625 0.86328125 0.6611328125 0.875 0.6533203125 0.876953125 0.6396484375 0.8828125 0.4404296875 0.8779296875 0.435546875 0.8330078125 0.435546875 0.82421875 0.6513671875
9 0.767578125 0.4404296875 0.767578125 0.6533203125 0.7783203125 0.662109375 0.8046875 0.6611328125 0.814453125 0.6552734375 0.818359375 0.6455078125 0.82421875 0.4404296875 0.8173828125 0.43359375 0.7724609375 0.43359375 0.767578125 0.4404296875
9 0.708984375 0.4365234375 0.7109375 0.5283203125 0.705078125 0.6435546875 0.7158203125 0.66015625 0.744140625 0.6611328125 0.7509765625 0.66015625 0.7578125 0.6494140625 0.763671875 0.4384765625 0.7529296875 0.42578125 0.7158203125 0.427734375 0.708984375 0.4365234375
9 0.6533203125 0.435546875 0.6484375 0.4443359375 0.6484375 0.6474609375 0.6552734375 0.66015625 0.681640625 0.6611328125 0.6923828125 0.66015625 0.701171875 0.6455078125 0.703125 0.4423828125 0.6904296875 0.43359375 0.6630859375 0.43359375 0.6533203125 0.435546875
9 0.5927734375 0.4296875 0.587890625 0.4404296875 0.587890625 0.6435546875 0.5966796875 0.658203125 0.630859375 0.6591796875 0.638671875 0.6513671875 0.640625 0.6318359375 0.64453125 0.4365234375 0.6376953125 0.4296875 0.6064453125 0.427734375 0.5927734375 0.4296875
9 0.888671875 0.3076171875 0.892578125 0.2822265625 0.8740234375 0.26953125 0.8369140625 0.26953125 0.822265625 0.2822265625 0.8271484375 0.3046875 0.888671875 0.3076171875
9 0.7529296875 0.26953125 0.744140625 0.2861328125 0.74609375 0.3037109375 0.751953125 0.3056640625 0.7822265625 0.30078125 0.8095703125 0.3046875 0.814453125 0.2998046875 0.8125 0.2783203125 0.7958984375 0.267578125 0.7529296875 0.26953125
9 0.6748046875 0.3046875 0.6982421875 0.30078125 0.736328125 0.3037109375 0.73828125 0.2822265625 0.7275390625 0.26953125 0.6767578125 0.26953125 0.66796875 0.2783203125 0.66796875 0.2978515625 0.6748046875 0.3046875
9 0.591796875 0.2958984375 0.5966796875 0.3046875 0.6259765625 0.30078125 0.654296875 0.3037109375 0.66015625 0.2978515625 0.66015625 0.2763671875 0.6513671875 0.26953125 0.6083984375 0.267578125 0.59375 0.2763671875 0.591796875 0.2958984375
9 0.591796875 0.3154296875 0.59375 0.3369140625 0.615234375 0.3369140625 0.6572265625 0.3359375 0.662109375 0.3251953125 0.658203125 0.3095703125 0.6396484375 0.302734375 0.5986328125 0.3046875 0.591796875 0.3154296875
9 0.6728515625 0.33984375 0.736328125 0.3388671875 0.7353515625 0.306640625 0.7021484375 0.30078125 0.6748046875 0.3046875 0.66796875 0.3115234375 0.66796875 0.3330078125 0.6728515625 0.33984375
9 0.7548828125 0.33984375 0.814453125 0.3388671875 0.8203125 0.3173828125 0.8115234375 0.3046875 0.7548828125 0.3046875 0.74609375 0.3134765625 0.748046875 0.3349609375 0.7548828125 0.33984375
9 0.82421875 0.3115234375 0.82421875 0.3330078125 0.8291015625 0.341796875 0.892578125 0.3427734375 0.8984375 0.3369140625 0.8984375 0.3173828125 0.8896484375 0.310546875 0.8720703125 0.3046875 0.8369140625 0.3046875 0.82421875 0.3115234375
9 0.8349609375 0.34375 0.828125 0.3564453125 0.830078125 0.3935546875 0.8349609375 0.3984375 0.884765625 0.4033203125 0.8955078125 0.3984375 0.90234375 0.3876953125 0.90625 0.3662109375 0.90234375 0.3486328125 0.8779296875 0.33984375 0.8349609375 0.34375
9 0.7529296875 0.341796875 0.748046875 0.3466796875 0.75390625 0.3935546875 0.7685546875 0.404296875 0.783203125 0.4033203125 0.8115234375 0.40234375 0.8203125 0.3974609375 0.82421875 0.3505859375 0.8193359375 0.34375 0.7802734375 0.337890625 0.7529296875 0.341796875
9 0.6806640625 0.341796875 0.671875 0.3486328125 0.671875 0.3662109375 0.6787109375 0.376953125 0.7109375 0.3779296875 0.7373046875 0.376953125 0.7421875 0.3720703125 0.7421875 0.3525390625 0.7373046875 0.34375 0.7021484375 0.337890625 0.6806640625 0.341796875
9 0.5947265625 0.376953125 0.654296875 0.3779296875 0.662109375 0.3681640625 0.662109375 0.3486328125 0.6552734375 0.33984375 0.6220703125 0.3359375 0.59375 0.3427734375 0.5947265625 0.376953125