9 0.3769531265625 0.8896484390625 0.3896484390625 0.9042968734375 0.4453125 0.9072265609375 0.4638671875 0.9042968734375 0.4746093734375 0.8837890609375 0.4746093734375 0.5654296875 0.4150390609375 0.5429687484375 0.3769531265625 0.5673828125 0.3769531265625 0.8896484390625
9 0.2646484390625 0.90625 0.3085937484375 0.9111328125 0.3515625 0.8994140609375 0.3535156265625 0.5673828125 0.2919921875 0.5449218734375 0.2558593734375 0.5673828125 0.2539062515625 0.8916015609375 0.2646484390625 0.90625
9 0.1328125 0.8916015609375 0.1513671875 0.90625 0.203125 0.9072265609375 0.2304687484375 0.8955078125 0.2324218734375 0.5654296875 0.1748046875 0.5429687484375 0.1376953125 0.5605468734375 0.1328125 0.5791015609375 0.1328125 0.8916015609375
9 0.6083984390625 0.8984375 0.6503906265625 0.9013671875 0.6699218734375 0.8896484390625 0.6738281265625 0.6025390609375 0.6337890609375 0.5800781265625 0.6015625 0.5986328125 0.5976562515625 0.8837890609375 0.6083984390625 0.8984375
9 0.6982421875 0.9023437484375 0.7324218734375 0.9052734390625 0.7636718734375 0.8916015609375 0.7617187484375 0.6025390609375 0.7177734390625 0.5820312515625 0.6894531265625 0.6025390609375 0.6894531265625 0.8896484390625 0.6982421875 0.9023437484375
9 0.7792968734375 0.8837890609375 0.7880859390625 0.8984375 0.8242187484375 0.9013671875 0.8496093734375 0.8876953125 0.8515625 0.6044921875 0.8447265609375 0.5917968734375 0.8037109390625 0.5878906265625 0.7792968734375 0.6005859390625 0.7792968734375 0.8837890609375
9 0.8652343734375 0.4677734390625 0.8671875 0.2646484390625 0.8017578125 0.2578125 0.7988281265625 0.4716796875 0.84375 0.4814453125 0.8652343734375 0.4677734390625
9 0.7949218734375 0.4638671875 0.7929687484375 0.2587890609375 0.7333984390625 0.2558593734375 0.7285156265625 0.4677734390625 0.7617187484375 0.4794921875 0.7949218734375 0.4638671875
9 0.7226562515625 0.4697265609375 0.7226562515625 0.2607421875 0.6591796875 0.2558593734375 0.65625 0.4697265609375 0.6953125 0.4814453125 0.7226562515625 0.4697265609375
9 0.21875 0.4501953125 0.2148437484375 0.3232421875 0.1748046875 0.3222656265625 0.1738281265625 0.4501953125 0.2070312515625 0.4560546875 0.21875 0.4501953125
9 0.1289062515625 0.4501953125 0.1523437484375 0.4560546875 0.171875 0.4501953125 0.1699218734375 0.3349609390625 0.1669921875 0.3222656265625 0.1376953125 0.3203125 0.1269531265625 0.3251953125 0.1289062515625 0.4501953125
9 0.125 0.4501953125 0.12304687343750001 0.3251953125 0.08496093906249999 0.3203125 0.08203125156249999 0.4521484390625 0.11523437343750001 0.4560546875 0.125 0.4501953125