9 0.4248046875 0.43675408437499996 0.4169921875 0.44656878125 0.4052734375 0.44656878125 0.396484375 0.45515664375 0.39453125 0.7864027171875 0.396484375 0.8035784390625 0.4013671875 0.8072589515624999 0.453125 0.8060321140625 0.4609375 0.7962174156249999 0.4609375 0.45515664375 0.4580078125 0.44902245625 0.4423828125 0.44656878125 0.4365234375 0.43675408437499996 0.4248046875 0.43675408437499996
9 0.4931640625 0.44902245625 0.4794921875 0.44902245625 0.474609375 0.45515664375 0.47265625 0.7888563921875 0.4794921875 0.8072589515624999 0.529296875 0.8060321140625 0.537109375 0.8011247640624999 0.537109375 0.45270296875 0.5205078125 0.44902245625 0.5126953125 0.43675408437499996 0.5029296875 0.43675408437499996 0.4931640625 0.44902245625
9 0.5751953125 0.43675408437499996 0.5693359375 0.44656878125 0.5576171875 0.44656878125 0.548828125 0.45515664375 0.548828125 0.8035784390625 0.60546875 0.8060321140625 0.611328125 0.8035784390625 0.61328125 0.4625176671875 0.6083984375 0.44902245625 0.5947265625 0.44656878125 0.5888671875 0.43675408437499996 0.5751953125 0.43675408437499996
9 0.6435546875 0.44656878125 0.6279296875 0.44902245625 0.623046875 0.4625176671875 0.623046875 0.8011247640624999 0.6298828125 0.8072589515624999 0.681640625 0.8060321140625 0.6875 0.7888563921875 0.6875 0.45515664375 0.6689453125 0.44656878125 0.6630859375 0.43675408437499996 0.6494140625 0.43675408437499996 0.6435546875 0.44656878125
9 0.7197265625 0.44656878125 0.7041015625 0.44902245625 0.701171875 0.45515664375 0.69921875 0.7888563921875 0.7041015625 0.8072589515624999 0.748046875 0.8084857890625001 0.763671875 0.8035784390625 0.763671875 0.45270296875 0.7490234375 0.44902245625 0.7412109375 0.43675408437499996 0.7255859375 0.43675408437499996 0.7197265625 0.44656878125
9 0.8017578125 0.43675408437499996 0.7958984375 0.44656878125 0.7783203125 0.44902245625 0.775390625 0.4576103171875 0.775390625 0.8011247640624999 0.7802734375 0.8072589515624999 0.8359375 0.8060321140625 0.83984375 0.8011247640624999 0.83984375 0.4576103171875 0.8369140625 0.44902245625 0.8212890625 0.44656878125 0.8154296875 0.43675408437499996 0.8017578125 0.43675408437499996
9 0.1328125 0.7226071765625 0.1328125 0.7692269953124999 0.1396484375 0.77781485625 0.3203125 0.7765880187499999 0.32421875 0.759412296875 0.33203125 0.752051271875 0.33203125 0.732421875 0.3212890625 0.714019315625 0.1357421875 0.714019315625 0.1328125 0.7226071765625
9 0.1328125 0.6514506124999999 0.1376953125 0.701750940625 0.3203125 0.702977778125 0.32421875 0.68334838125 0.33203125 0.6759873578125 0.33203125 0.6612653109375 0.3193359375 0.6404090765625 0.1357421875 0.6404090765625 0.1328125 0.6514506124999999
9 0.3203125 0.629367540625 0.32421875 0.6048307937499999 0.330078125 0.5974697703125 0.3212890625 0.5667988375 0.134765625 0.568025675 0.1357421875 0.625687028125 0.3203125 0.629367540625
9 0.1376953125 0.554530465625 0.3203125 0.5557573015624999 0.330078125 0.5164985078125001 0.3154296875 0.49073492500000004 0.1396484375 0.49073492500000004 0.1328125 0.5042301359375 0.1328125 0.5410352546875 0.1376953125 0.554530465625
9 0.318359375 0.48214706406249996 0.328125 0.4576103171875 0.328125 0.4379809203125 0.3193359375 0.419578359375 0.134765625 0.42080519687500006 0.1357421875 0.4784665515625 0.318359375 0.48214706406249996
9 0.1328125 0.3913611015625 0.1396484375 0.40730998593749995 0.3203125 0.40853682343750003 0.32421875 0.38645375312499997 0.330078125 0.381546403125 0.3212890625 0.34596812187500003 0.1357421875 0.343514446875 0.1328125 0.35210230781249996 0.1328125 0.3913611015625