9 0.134765625 0.5908203125 0.16796875 0.5693359375 0.1171875 0.4521484375 0.0966796875 0.42578125 0.060546875 0.4462890625 0.123046875 0.5888671875 0.134765625 0.5908203125
9 0.236328125 0.5439453125 0.26953125 0.5224609375 0.205078125 0.3896484375 0.1904296875 0.37890625 0.16015625 0.3974609375 0.224609375 0.5400390625 0.236328125 0.5439453125
9 0.369140625 0.4775390625 0.3046875 0.3330078125 0.2939453125 0.33203125 0.263671875 0.3525390625 0.333984375 0.4970703125 0.369140625 0.4775390625
9 0.4296875 0.4482421875 0.44140625 0.4501953125 0.47265625 0.4287109375 0.41015625 0.2880859375 0.3955078125 0.28515625 0.3681640625 0.298828125 0.3671875 0.3095703125 0.4296875 0.4482421875
9 0.57421875 0.3857421875 0.5048828125 0.236328125 0.4755859375 0.248046875 0.46875 0.2607421875 0.541015625 0.4033203125 0.57421875 0.3857421875
9 0.646484375 0.3564453125 0.677734375 0.3369140625 0.6171875 0.1962890625 0.6064453125 0.189453125 0.572265625 0.2119140625 0.638671875 0.3564453125 0.646484375 0.3564453125
9 0.744140625 0.5712890625 0.767578125 0.5556640625 0.712890625 0.4306640625 0.7021484375 0.427734375 0.6796875 0.4443359375 0.734375 0.5673828125 0.744140625 0.5712890625
9 0.64453125 0.6181640625 0.666015625 0.6005859375 0.609375 0.4755859375 0.6005859375 0.474609375 0.578125 0.4931640625 0.634765625 0.6162109375 0.64453125 0.6181640625
9 0.4990234375 0.521484375 0.474609375 0.5400390625 0.53515625 0.6669921875 0.560546875 0.6533203125 0.4990234375 0.521484375
9 0.4609375 0.6962890625 0.3974609375 0.568359375 0.373046875 0.5888671875 0.4296875 0.7099609375 0.44140625 0.7119140625 0.4609375 0.6962890625
9 0.359375 0.7470703125 0.2958984375 0.6171875 0.267578125 0.6337890625 0.326171875 0.7568359375 0.337890625 0.7607421875 0.359375 0.7470703125
9 0.1962890625 0.6640625 0.171875 0.6845703125 0.234375 0.8095703125 0.26171875 0.7958984375 0.1962890625 0.6640625