9 0.1044921875 0.46875 0.21875 0.4677734375 0.3349609375 0.46484375 0.341796875 0.4462890625 0.33984375 0.4111328125 0.3330078125 0.404296875 0.103515625 0.4052734375 0.1044921875 0.46875
9 0.1044921875 0.54296875 0.201171875 0.5419921875 0.3349609375 0.5390625 0.341796875 0.5224609375 0.33984375 0.4873046875 0.3349609375 0.48046875 0.103515625 0.4833984375 0.1044921875 0.54296875
9 0.103515625 0.5615234375 0.103515625 0.6142578125 0.1083984375 0.619140625 0.1171875 0.6181640625 0.3349609375 0.615234375 0.341796875 0.6025390625 0.341796875 0.5654296875 0.3369140625 0.556640625 0.1103515625 0.556640625 0.103515625 0.5615234375
9 0.103515625 0.6904296875 0.1640625 0.6923828125 0.3330078125 0.69140625 0.33984375 0.6865234375 0.341796875 0.6748046875 0.33984375 0.6337890625 0.1064453125 0.6328125 0.103515625 0.6904296875
9 0.1064453125 0.767578125 0.2265625 0.7666015625 0.3349609375 0.765625 0.341796875 0.7509765625 0.33984375 0.7099609375 0.1083984375 0.70703125 0.103515625 0.7119140625 0.1064453125 0.767578125
9 0.103515625 0.8447265625 0.125 0.8466796875 0.3349609375 0.84375 0.341796875 0.8291015625 0.34375 0.7978515625 0.3330078125 0.783203125 0.1064453125 0.78515625 0.103515625 0.8447265625
9 0.4716796875 0.513671875 0.4560546875 0.513671875 0.4482421875 0.5234375 0.4267578125 0.525390625 0.421875 0.5419921875 0.421875 0.8720703125 0.4267578125 0.876953125 0.48046875 0.8779296875 0.4951171875 0.876953125 0.50390625 0.8662109375 0.50390625 0.5400390625 0.4990234375 0.525390625 0.4814453125 0.5234375 0.4716796875 0.513671875
9 0.5478515625 0.513671875 0.5400390625 0.5234375 0.5224609375 0.5234375 0.515625 0.5322265625 0.515625 0.8720703125 0.5205078125 0.876953125 0.58984375 0.8759765625 0.595703125 0.8701171875 0.595703125 0.5302734375 0.5869140625 0.5234375 0.5732421875 0.5234375 0.5654296875 0.513671875 0.5478515625 0.513671875
9 0.6416015625 0.513671875 0.6337890625 0.5234375 0.6142578125 0.525390625 0.609375 0.5419921875 0.609375 0.8701171875 0.6142578125 0.876953125 0.66796875 0.8779296875 0.689453125 0.8720703125 0.69140625 0.5400390625 0.6865234375 0.525390625 0.6689453125 0.5234375 0.6591796875 0.513671875 0.6416015625 0.513671875
9 0.7373046875 0.513671875 0.7275390625 0.5234375 0.7080078125 0.525390625 0.703125 0.5341796875 0.701171875 0.8564453125 0.703125 0.8720703125 0.7099609375 0.876953125 0.771484375 0.8759765625 0.78125 0.8720703125 0.783203125 0.8544921875 0.78125 0.5283203125 0.7587890625 0.5234375 0.7509765625 0.513671875 0.7373046875 0.513671875
9 0.8193359375 0.5234375 0.8017578125 0.5234375 0.794921875 0.5302734375 0.79296875 0.8701171875 0.8017578125 0.876953125 0.861328125 0.8759765625 0.873046875 0.8701171875 0.873046875 0.5283203125 0.8505859375 0.5234375 0.8447265625 0.513671875 0.8291015625 0.513671875 0.8193359375 0.5234375
9 0.9169921875 0.513671875 0.9091796875 0.5234375 0.8896484375 0.525390625 0.884765625 0.5361328125 0.884765625 0.8701171875 0.8916015625 0.876953125 0.9609375 0.8759765625 0.96484375 0.8740234375 0.96484375 0.5283203125 0.9443359375 0.5234375 0.9365234375 0.513671875 0.9267578125 0.51171875 0.9169921875 0.513671875