21 0.4058641975308642 0.25385802469135804 0.10185185185185185 0.3904320987654321
21 0.7484567901234568 0.3263888888888889 0.09259259259259259 0.3873456790123457
21 0.32947530864197533 0.2824074074074074 0.10339506172839506 0.37962962962962965
21 0.24537037037037038 0.30632716049382713 0.10185185185185185 0.3904320987654321
21 0.6651234567901234 0.3287037037037037 0.10493827160493827 0.33641975308641975
21 0.8233024691358025 0.29552469135802467 0.10030864197530864 0.3873456790123457
21 0.5871913580246914 0.3271604938271605 0.0941358024691358 0.2623456790123457
21 0.5108024691358025 0.33101851851851855 0.10493827160493827 0.19907407407407407
21 0.48225308641975306 0.13348765432098766 0.10030864197530864 0.20833333333333334
21 0.16743827160493827 0.3479938271604938 0.10648148148148148 0.3873456790123457
21 0.8996913580246914 0.2692901234567901 0.10493827160493827 0.3873456790123457
21 0.0933641975308642 0.37808641975308643 0.1095679012345679 0.3888888888888889