11 0.3703125 0.3734375 0.2765625 0.1953125
11 0.61796875 0.40390625 0.2796875 0.19375
11 0.48984375 0.7171875 0.2453125 0.278125
11 0.21640625 0.74296875 0.4140625 0.5140625
11 0.5 0.87421875 0.2578125 0.25
11 0.68671875 0.840625 0.1796875 0.31875
11 0.83125 0.73203125 0.3375 0.275
11 0.859375 0.89296875 0.28125 0.2140625
11 0.86640625 0.20078125 0.2140625 0.1765625
11 0.1875 0.14453125 0.3546875 0.128125
11 0.15234375 0.296875 0.2875 0.165625
11 0.48125 0.1140625 0.2234375 0.184375
11 0.73046875 0.05078125 0.34375 0.1015625