11 0.378125 0.37421875 0.2828125 0.2
11 0.63046875 0.40546875 0.2859375 0.196875
11 0.5 0.72578125 0.25 0.284375
11 0.21953125 0.7453125 0.4234375 0.509375
11 0.509375 0.87890625 0.2625 0.2421875
11 0.7015625 0.84453125 0.1828125 0.3109375
11 0.83828125 0.740625 0.3234375 0.28125
11 0.8671875 0.8984375 0.265625 0.203125
11 0.884375 0.19765625 0.2203125 0.18125
11 0.190625 0.13984375 0.3625 0.13125
11 0.1546875 0.29609375 0.29375 0.1703125
11 0.49140625 0.10859375 0.228125 0.1890625
11 0.74609375 0.04765625 0.3515625 0.0953125