12 0.19718309859154928 0.20224719101123595 0.2007042253521127 0.20224719101123595 0.20422535211267606 0.20786516853932585 0.20422535211267606 0.24157303370786518 0.2007042253521127 0.24719101123595505 0.2007042253521127 0.28651685393258425 0.20774647887323944 0.30337078651685395 0.20774647887323944 0.33146067415730335 0.2112676056338028 0.33707865168539325 0.2112676056338028 0.3595505617977528 0.20774647887323944 0.3651685393258427 0.20774647887323944 0.39325842696629215 0.20422535211267606 0.398876404494382 0.20422535211267606 0.4044943820224719 0.19718309859154928 0.42134831460674155 0.19718309859154928 0.43820224719101125 0.1936619718309859 0.4438202247191011 0.1936619718309859 0.449438202247191 0.19014084507042253 0.4550561797752809 0.19014084507042253 0.4606741573033708 0.18661971830985916 0.46629213483146065 0.18309859154929578 0.48314606741573035 0.17253521126760563 0.5 0.16901408450704225 0.5168539325842697 0.15140845070422534 0.5449438202247191 0.14788732394366197 0.5449438202247191 0.12323943661971831 0.5842696629213483 0.11971830985915492 0.5842696629213483 0.11267605633802817 0.5955056179775281 0.11267605633802817 0.601123595505618 0.09507042253521127 0.6292134831460674 0.09154929577464789 0.6292134831460674 0.07042253521126761 0.6629213483146067 0.06690140845070422 0.6629213483146067 0.04225352112676056 0.702247191011236 0.03873239436619718 0.702247191011236 0.028169014084507043 0.7191011235955056 0.02464788732394366 0.7191011235955056 0.017605633802816902 0.7303370786516854 0.01056338028169014 0.7303370786516854 0.007042253521126761 0.7359550561797753 0 0.7359550561797753 0 0.5730337078651685 0.0035211267605633804 0.5674157303370787 0.01056338028169014 0.5674157303370787 0.017605633802816902 0.5561797752808989 0.02112676056338028 0.5561797752808989 0.03169014084507042 0.5393258426966292 0.035211267605633804 0.5393258426966292 0.03873239436619718 0.5337078651685393 0.03873239436619718 0.5280898876404494 0.05985915492957746 0.4943820224719101 0.05985915492957746 0.48314606741573035 0.06338028169014084 0.47752808988764045 0.06338028169014084 0.47191011235955055 0.07394366197183098 0.4550561797752809 0.07394366197183098 0.449438202247191 0.08098591549295775 0.43820224719101125 0.08098591549295775 0.43258426966292135 0.08450704225352113 0.42696629213483145 0.08450704225352113 0.4157303370786517 0.11971830985915492 0.3595505617977528 0.12323943661971831 0.3595505617977528 0.13380281690140844 0.34269662921348315 0.13732394366197184 0.34269662921348315 0.14084507042253522 0.33707865168539325 0.14084507042253522 0.33146067415730335 0.1443661971830986 0.33146067415730335 0.15140845070422534 0.3202247191011236 0.15492957746478872 0.30337078651685395 0.15845070422535212 0.30337078651685395 0.18309859154929578 0.2640449438202247 0.18309859154929578 0.25842696629213485 0.18661971830985916 0.25280898876404495 0.18661971830985916 0.24157303370786518 0.19014084507042253 0.23595505617977527 0.19014084507042253 0.2303370786516854 0.1936619718309859 0.2247191011235955 0.19718309859154928 0.20786516853932585
12 0.0035211267605633804 0 0.017605633802816902 0 0.02112676056338028 0.0056179775280898875 0.03169014084507042 0.0056179775280898875 0.035211267605633804 0 0.06338028169014084 0 0.06338028169014084 0.0449438202247191 0.06690140845070422 0.05056179775280899 0.06690140845070422 0.07303370786516854 0.06338028169014084 0.07865168539325842 0.06338028169014084 0.08426966292134831 0.05985915492957746 0.08426966292134831 0.056338028169014086 0.0898876404494382 0.05985915492957746 0.09550561797752809 0.056338028169014086 0.10112359550561797 0.0528169014084507 0.10112359550561797 0.04929577464788732 0.10674157303370786 0.04929577464788732 0.11235955056179775 0.045774647887323945 0.11235955056179775 0.03873239436619718 0.12921348314606743 0.02464788732394366 0.12921348314606743 0.017605633802816902 0.11797752808988764 0.01056338028169014 0.11797752808988764 0.007042253521126761 0.12359550561797752 0.007042253521126761 0.1348314606741573 0.0035211267605633804 0.1404494382022472 0.0035211267605633804 0.11797752808988764 0 0.11235955056179775 0 0.08426966292134831 0.0035211267605633804 0.07865168539325842 0 0.07303370786516854 0.0035211267605633804 0.06741573033707865 0.0035211267605633804 0.03932584269662921 0 0.033707865168539325 0.0035211267605633804 0.028089887640449437 0 0.02247191011235955 0 0.011235955056179775 0.0035211267605633804 0.0056179775280898875
12 0.9683098591549296 0.3595505617977528 0.9683098591549296 0.3651685393258427 0.9788732394366197 0.38202247191011235 0.9753521126760564 0.38764044943820225 0.9788732394366197 0.39325842696629215 0.9788732394366197 0.4157303370786517 0.9859154929577465 0.42696629213483145 0.9859154929577465 0.47191011235955055 0.9929577464788732 0.48314606741573035 0.9929577464788732 0.5168539325842697 0.9964788732394366 0.5224719101123596 0.9929577464788732 0.5280898876404494 0.9964788732394366 0.5337078651685393 0.9964788732394366 0.6460674157303371 0.9929577464788732 0.651685393258427 0.9929577464788732 0.702247191011236 0.9894366197183099 0.7078651685393258 0.9964788732394366 0.7247191011235955 0.9964788732394366 0.797752808988764 0.9929577464788732 0.8033707865168539 0.9964788732394366 0.8089887640449438 0.9964788732394366 0.8764044943820225 0.9929577464788732 0.8820224719101124 0.9929577464788732 0.9213483146067416 0.9894366197183099 0.9269662921348315 0.9929577464788732 0.9325842696629213 0.9929577464788732 0.9550561797752809 0.9964788732394366 0.9606741573033708 0.9964788732394366 0.9887640449438202 0.9929577464788732 0.9887640449438202 0.9894366197183099 0.9943820224719101 0.9612676056338029 0.9943820224719101 0.9577464788732394 0.9887640449438202 0.954225352112676 0.9943820224719101 0.9507042253521126 0.9887640449438202 0.9471830985915493 0.9943820224719101 0.9049295774647887 0.9943820224719101 0.9014084507042254 0.9887640449438202 0.8943661971830986 0.9887640449438202 0.8908450704225352 0.9943820224719101 0.8873239436619719 0.9887640449438202 0.8661971830985915 0.9887640449438202 0.8626760563380281 0.9943820224719101 0.8591549295774648 0.9943820224719101 0.8556338028169014 0.9887640449438202 0.8485915492957746 0.9887640449438202 0.8450704225352113 0.9943820224719101 0.75 0.9943820224719101 0.75 0.9831460674157303 0.7570422535211268 0.9662921348314607 0.7570422535211268 0.949438202247191 0.7640845070422535 0.9382022471910112 0.7640845070422535 0.9325842696629213 0.7676056338028169 0.9269662921348315 0.7676056338028169 0.9157303370786517 0.778169014084507 0.898876404494382 0.7852112676056338 0.8651685393258427 0.795774647887324 0.848314606741573 0.795774647887324 0.8426966292134831 0.7992957746478874 0.8370786516853933 0.7992957746478874 0.8314606741573034 0.8063380281690141 0.8202247191011236 0.8098591549295775 0.8033707865168539 0.8169014084507042 0.7921348314606742 0.8169014084507042 0.7865168539325843 0.8274647887323944 0.7696629213483146 0.8274647887323944 0.7640449438202247 0.8345070422535211 0.7528089887640449 0.8345070422535211 0.7471910112359551 0.8415492957746479 0.7359550561797753 0.8415492957746479 0.7303370786516854 0.8556338028169014 0.702247191011236 0.8556338028169014 0.6966292134831461 0.8626760563380281 0.6853932584269663 0.8626760563380281 0.6797752808988764 0.8661971830985915 0.6741573033707865 0.8697183098591549 0.6573033707865169 0.8802816901408451 0.6404494382022472 0.8802816901408451 0.6348314606741573 0.8943661971830986 0.6067415730337079 0.897887323943662 0.5898876404494382 0.9049295774647887 0.5786516853932584 0.9049295774647887 0.5730337078651685 0.9084507042253521 0.5674157303370787 0.9119718309859155 0.550561797752809 0.9190140845070423 0.5393258426966292 0.9190140845070423 0.5337078651685393 0.926056338028169 0.5168539325842697 0.926056338028169 0.5056179775280899 0.9295774647887324 0.5 0.9295774647887324 0.4943820224719101 0.9366197183098591 0.48314606741573035 0.9366197183098591 0.47752808988764045 0.9436619718309859 0.4606741573033708 0.9436619718309859 0.449438202247191 0.9471830985915493 0.4438202247191011 0.9471830985915493 0.43258426966292135 0.9507042253521126 0.42696629213483145 0.9507042253521126 0.42134831460674155 0.954225352112676 0.4157303370786517 0.954225352112676 0.4101123595505618 0.9612676056338029 0.39325842696629215 0.9612676056338029 0.37640449438202245 0.9647887323943662 0.3707865168539326 0.9647887323943662 0.3651685393258427
12 0 0 0.11267605633802817 0 0.11619718309859155 0.0056179775280898875 0.11971830985915492 0.0056179775280898875 0.11971830985915492 0.011235955056179775 0.1267605633802817 0.02247191011235955 0.13028169014084506 0.03932584269662921 0.13732394366197184 0.05056179775280899 0.13732394366197184 0.056179775280898875 0.14084507042253522 0.06179775280898876 0.14084507042253522 0.06741573033707865 0.1443661971830986 0.07303370786516854 0.1443661971830986 0.07865168539325842 0.14788732394366197 0.08426966292134831 0.15140845070422534 0.10112359550561797 0.16549295774647887 0.12359550561797752 0.19014084507042253 0.12359550561797752 0.1936619718309859 0.12921348314606743 0.19718309859154928 0.12921348314606743 0.19718309859154928 0.1404494382022472 0.1936619718309859 0.14606741573033707 0.1936619718309859 0.16292134831460675 0.19718309859154928 0.16853932584269662 0.19718309859154928 0.1797752808988764 0.2007042253521127 0.1853932584269663 0.2007042253521127 0.19662921348314608 0.20422535211267606 0.20224719101123595 0.20422535211267606 0.24719101123595505 0.2007042253521127 0.25280898876404495 0.2007042253521127 0.2752808988764045 0.20422535211267606 0.2808988764044944 0.20422535211267606 0.29775280898876405 0.20774647887323944 0.30337078651685395 0.20774647887323944 0.3202247191011236 0.2112676056338028 0.3258426966292135 0.2112676056338028 0.3539325842696629 0.20774647887323944 0.3595505617977528 0.20774647887323944 0.38764044943820225 0.2007042253521127 0.4044943820224719 0.2007042253521127 0.4157303370786517 0.19718309859154928 0.42134831460674155 0.19718309859154928 0.43258426966292135 0.19014084507042253 0.449438202247191 0.19014084507042253 0.4606741573033708 0.18661971830985916 0.46629213483146065 0.18661971830985916 0.47191011235955055 0.1795774647887324 0.48314606741573035 0.1795774647887324 0.4887640449438202 0.16901408450704225 0.5056179775280899 0.16549295774647887 0.5224719101123596 0.15845070422535212 0.5337078651685393 0.15492957746478872 0.5337078651685393 0.1267605633802817 0.5786516853932584 0.12323943661971831 0.5786516853932584 0.10915492957746478 0.601123595505618 0.10915492957746478 0.6067415730337079 0.1056338028169014 0.6067415730337079 0.10211267605633803 0.6123595505617978 0.10211267605633803 0.6179775280898876 0.09859154929577464 0.6235955056179775 0.09507042253521127 0.6235955056179775 0.08450704225352113 0.6404494382022472 0.08098591549295775 0.6404494382022472 0.07746478873239436 0.6460674157303371 0.07746478873239436 0.651685393258427 0.07394366197183098 0.651685393258427 0.056338028169014086 0.6797752808988764 0.0528169014084507 0.6797752808988764 0.045774647887323945 0.6966292134831461 0.04225352112676056 0.6966292134831461 0.03169014084507042 0.7134831460674157 0.028169014084507043 0.7134831460674157 0.02112676056338028 0.7247191011235955 0.017605633802816902 0.7247191011235955 0.014084507042253521 0.7303370786516854 0.0035211267605633804 0.7359550561797753 0 0.7415730337078652 0 0.2640449438202247 0.0035211267605633804 0.25842696629213485 0.0035211267605633804 0.25280898876404495 0 0.24719101123595505 0 0.0056179775280898875
12 0.6866197183098591 0 0.7464788732394366 0 0.7429577464788732 0 0.7323943661971831 0.011235955056179775 0.7253521126760564 0.011235955056179775 0.721830985915493 0.016853932584269662 0.7077464788732394 0.016853932584269662 0.704225352112676 0.02247191011235955 0.6936619718309859 0.016853932584269662 0.6866197183098591 0.0056179775280898875
12 0.8908450704225352 0 0.9295774647887324 0 0.9330985915492958 0.0056179775280898875 0.9401408450704225 0.0056179775280898875 0.9436619718309859 0.011235955056179775 0.9471830985915493 0.011235955056179775 0.954225352112676 0 0.9894366197183099 0 0.9964788732394366 0.011235955056179775 0.9964788732394366 0.03932584269662921 0.9929577464788732 0.0449438202247191 0.9929577464788732 0.06179775280898876 0.9964788732394366 0.06741573033707865 0.9964788732394366 0.11235955056179775 0.9929577464788732 0.11797752808988764 0.9929577464788732 0.1348314606741573 0.9964788732394366 0.1404494382022472 0.9929577464788732 0.14606741573033707 0.9929577464788732 0.1797752808988764 0.9894366197183099 0.1853932584269663 0.9929577464788732 0.19101123595505617 0.9929577464788732 0.19662921348314608 0.9894366197183099 0.19662921348314608 0.9788732394366197 0.21348314606741572 0.9823943661971831 0.21910112359550563 0.971830985915493 0.2303370786516854 0.971830985915493 0.24157303370786518 0.9683098591549296 0.24719101123595505 0.9683098591549296 0.24157303370786518 0.9647887323943662 0.23595505617977527 0.9612676056338029 0.23595505617977527 0.9507042253521126 0.21910112359550563 0.9507042253521126 0.21348314606741572 0.9436619718309859 0.20224719101123595 0.9401408450704225 0.1853932584269663 0.9330985915492958 0.17415730337078653 0.9330985915492958 0.16853932584269662 0.9295774647887324 0.16292134831460675 0.9295774647887324 0.15168539325842698 0.926056338028169 0.14606741573033707 0.926056338028169 0.1348314606741573 0.9190140845070423 0.11797752808988764 0.9190140845070423 0.10674157303370786 0.9154929577464789 0.10112359550561797 0.9154929577464789 0.0898876404494382 0.9119718309859155 0.08426966292134831 0.9119718309859155 0.07865168539325842 0.9014084507042254 0.06179775280898876 0.9049295774647887 0.056179775280898875 0.897887323943662 0.03932584269662921 0.897887323943662 0.028089887640449437 0.8943661971830986 0.02247191011235955 0.8908450704225352 0.0056179775280898875
12 0.6267605633802817 0 0.6302816901408451 0.0056179775280898875 0.647887323943662 0.0056179775280898875 0.6514084507042254 0 0.6690140845070423 0 0.6725352112676056 0.0056179775280898875 0.676056338028169 0.0056179775280898875 0.6866197183098591 0.02247191011235955 0.6866197183098591 0.028089887640449437 0.7147887323943662 0.07303370786516854 0.7183098591549296 0.07303370786516854 0.7359154929577465 0.10112359550561797 0.7394366197183099 0.10112359550561797 0.75 0.11797752808988764 0.7535211267605634 0.11797752808988764 0.7711267605633803 0.1404494382022472 0.7746478873239436 0.1404494382022472 0.778169014084507 0.14606741573033707 0.7852112676056338 0.14606741573033707 0.795774647887324 0.15730337078651685 0.8028169014084507 0.15730337078651685 0.8063380281690141 0.16292134831460675 0.8098591549295775 0.16292134831460675 0.8133802816901409 0.16853932584269662 0.8169014084507042 0.16853932584269662 0.8204225352112676 0.17415730337078653 0.823943661971831 0.17415730337078653 0.8274647887323944 0.1797752808988764 0.8309859154929577 0.1797752808988764 0.8345070422535211 0.1853932584269663 0.8450704225352113 0.19101123595505617 0.8485915492957746 0.19662921348314608 0.852112676056338 0.19662921348314608 0.8556338028169014 0.20224719101123595 0.8626760563380281 0.20224719101123595 0.8661971830985915 0.20786516853932585 0.8838028169014085 0.20786516853932585 0.8873239436619719 0.21348314606741572 0.8943661971830986 0.21348314606741572 0.897887323943662 0.21910112359550563 0.9049295774647887 0.21910112359550563 0.9084507042253521 0.2247191011235955 0.9154929577464789 0.2247191011235955 0.9190140845070423 0.2303370786516854 0.926056338028169 0.2303370786516854 0.9295774647887324 0.23595505617977527 0.9401408450704225 0.24157303370786518 0.9471830985915493 0.25280898876404495 0.9507042253521126 0.25280898876404495 0.9577464788732394 0.2640449438202247 0.9577464788732394 0.2696629213483146 0.9612676056338029 0.2752808988764045 0.9612676056338029 0.3258426966292135 0.9577464788732394 0.33146067415730335 0.9612676056338029 0.33707865168539325 0.9612676056338029 0.34269662921348315 0.9577464788732394 0.34831460674157305 0.9577464788732394 0.3595505617977528 0.954225352112676 0.3651685393258427 0.954225352112676 0.37640449438202245 0.9507042253521126 0.38202247191011235 0.9507042253521126 0.398876404494382 0.9471830985915493 0.4044943820224719 0.9471830985915493 0.4101123595505618 0.9401408450704225 0.42696629213483145 0.9401408450704225 0.43820224719101125 0.9330985915492958 0.4550561797752809 0.9330985915492958 0.46629213483146065 0.926056338028169 0.47752808988764045 0.926056338028169 0.48314606741573035 0.9190140845070423 0.5 0.9190140845070423 0.5112359550561798 0.9154929577464789 0.5168539325842697 0.9119718309859155 0.5337078651685393 0.9049295774647887 0.5449438202247191 0.9014084507042254 0.5617977528089888 0.8943661971830986 0.5730337078651685 0.8908450704225352 0.5898876404494382 0.8838028169014085 0.601123595505618 0.8838028169014085 0.6067415730337079 0.8802816901408451 0.6123595505617978 0.8767605633802817 0.6292134831460674 0.8697183098591549 0.6404494382022472 0.8697183098591549 0.6460674157303371 0.8591549295774648 0.6629213483146067 0.8556338028169014 0.6797752808988764 0.8485915492957746 0.6910112359550562 0.8485915492957746 0.6966292134831461 0.8345070422535211 0.7247191011235955 0.8345070422535211 0.7303370786516854 0.8274647887323944 0.7415730337078652 0.8274647887323944 0.7471910112359551 0.8204225352112676 0.7584269662921348 0.8204225352112676 0.7640449438202247 0.8098591549295775 0.7808988764044944 0.8098591549295775 0.7865168539325843 0.8028169014084507 0.797752808988764 0.7992957746478874 0.8146067415730337 0.7887323943661971 0.8314606741573034 0.7887323943661971 0.8370786516853933 0.7852112676056338 0.8426966292134831 0.7852112676056338 0.848314606741573 0.778169014084507 0.8595505617977528 0.778169014084507 0.8651685393258427 0.7746478873239436 0.8707865168539326 0.7746478873239436 0.8764044943820225 0.7711267605633803 0.8820224719101124 0.7676056338028169 0.898876404494382 0.7605633802816901 0.9101123595505618 0.7605633802816901 0.9157303370786517 0.7570422535211268 0.9213483146067416 0.7570422535211268 0.9269662921348315 0.75 0.9438202247191011 0.75 0.9550561797752809 0.7464788732394366 0.9606741573033708 0.7429577464788732 0.9775280898876404 0.7359154929577465 0.9887640449438202 0.7288732394366197 0.9887640449438202 0.7253521126760564 0.9943820224719101 0.721830985915493 0.9943820224719101 0.7183098591549296 0.9887640449438202 0.7007042253521126 0.9887640449438202 0.6971830985915493 0.9943820224719101 0.6795774647887324 0.9943820224719101 0.676056338028169 0.9887640449438202 0.6338028169014085 0.9887640449438202 0.6302816901408451 0.9943820224719101 0.6267605633802817 0.9943820224719101 0.6232394366197183 0.9887640449438202 0.35563380281690143 0.9887640449438202 0.352112676056338 0.9831460674157303 0.3485915492957746 0.9831460674157303 0.3204225352112676 0.9382022471910112 0.3204225352112676 0.9325842696629213 0.31338028169014087 0.9213483146067416 0.31338028169014087 0.9157303370786517 0.2992957746478873 0.8932584269662921 0.2992957746478873 0.8876404494382022 0.28169014084507044 0.8595505617977528 0.28169014084507044 0.8539325842696629 0.2676056338028169 0.8314606741573034 0.2640845070422535 0.8314606741573034 0.24295774647887325 0.797752808988764 0.23943661971830985 0.797752808988764 0.22887323943661972 0.7808988764044944 0.22535211267605634 0.7808988764044944 0.21830985915492956 0.7696629213483146 0.2147887323943662 0.7696629213483146 0.20422535211267606 0.7528089887640449 0.2007042253521127 0.7528089887640449 0.1936619718309859 0.7415730337078652 0.19014084507042253 0.7415730337078652 0.18661971830985916 0.7359550561797753 0.176056338028169 0.7303370786516854 0.1619718309859155 0.7078651685393258 0.1619718309859155 0.6910112359550562 0.16549295774647887 0.6853932584269663 0.16549295774647887 0.6741573033707865 0.16901408450704225 0.6685393258426966 0.16901408450704225 0.6573033707865169 0.176056338028169 0.6404494382022472 0.176056338028169 0.6235955056179775 0.18309859154929578 0.6123595505617978 0.18661971830985916 0.5955056179775281 0.2007042253521127 0.5674157303370787 0.2007042253521127 0.5561797752808989 0.20422535211267606 0.550561797752809 0.20774647887323944 0.5337078651685393 0.2147887323943662 0.5224719101123596 0.21830985915492956 0.5056179775280899 0.2323943661971831 0.47752808988764045 0.2323943661971831 0.47191011235955055 0.23591549295774647 0.46629213483146065 0.23591549295774647 0.4550561797752809 0.23943661971830985 0.449438202247191 0.23943661971830985 0.4438202247191011 0.24295774647887325 0.43820224719101125 0.24295774647887325 0.43258426966292135 0.24647887323943662 0.42696629213483145 0.24647887323943662 0.42134831460674155 0.25 0.4157303370786517 0.25 0.4101123595505618 0.2535211267605634 0.4044943820224719 0.25704225352112675 0.38764044943820225 0.2640845070422535 0.37640449438202245 0.2640845070422535 0.3651685393258427 0.27816901408450706 0.33707865168539325 0.28169014084507044 0.3202247191011236 0.2887323943661972 0.3089887640449438 0.2887323943661972 0.30337078651685395 0.29577464788732394 0.29213483146067415 0.29577464788732394 0.28651685393258425 0.3028169014084507 0.2752808988764045 0.3028169014084507 0.2696629213483146 0.30985915492957744 0.25842696629213485 0.30985915492957744 0.25280898876404495 0.31690140845070425 0.24157303370786518 0.31690140845070425 0.23595505617977527 0.33098591549295775 0.21348314606741572 0.33098591549295775 0.20786516853932585 0.35563380281690143 0.16853932584269662 0.35563380281690143 0.16292134831460675 0.3732394366197183 0.1348314606741573 0.3732394366197183 0.12921348314606743 0.4154929577464789 0.06179775280898876 0.4154929577464789 0.056179775280898875 0.43309859154929575 0.033707865168539325 0.43309859154929575 0.028089887640449437 0.44014084507042256 0.016853932584269662 0.44014084507042256 0.011235955056179775 0.44366197183098594 0.0056179775280898875 0.4471830985915493 0.0056179775280898875 0.4507042253521127 0 0.4823943661971831 0 0.4859154929577465 0.0056179775280898875 0.5070422535211268 0.0056179775280898875 0.5105633802816901 0 0.528169014084507 0 0.5316901408450704 0.0056179775280898875 0.545774647887324 0.0056179775280898875 0.5492957746478874 0 0.6232394366197183 0
12 0.8908450704225352 0 0.9330985915492958 0 0.9366197183098591 0.0056179775280898875 0.9471830985915493 0.0056179775280898875 0.9507042253521126 0 0.9929577464788732 0 0.9964788732394366 0.0056179775280898875 0.9964788732394366 0.43820224719101125 0.9929577464788732 0.4438202247191011 0.9964788732394366 0.449438202247191 0.9929577464788732 0.449438202247191 0.9929577464788732 0.43820224719101125 0.9894366197183099 0.43258426966292135 0.9894366197183099 0.42134831460674155 0.9859154929577465 0.4157303370786517 0.9859154929577465 0.4044943820224719 0.9823943661971831 0.398876404494382 0.9823943661971831 0.38764044943820225 0.9788732394366197 0.38202247191011235 0.9788732394366197 0.3651685393258427 0.9753521126760564 0.3595505617977528 0.9753521126760564 0.34831460674157305 0.971830985915493 0.34269662921348315 0.971830985915493 0.2640449438202247 0.9577464788732394 0.24157303370786518 0.9577464788732394 0.23595505617977527 0.9507042253521126 0.2247191011235955 0.9507042253521126 0.21910112359550563 0.9471830985915493 0.21348314606741572 0.9436619718309859 0.19662921348314608 0.9366197183098591 0.1853932584269663 0.9366197183098591 0.1797752808988764 0.9330985915492958 0.17415730337078653 0.9330985915492958 0.16292134831460675 0.926056338028169 0.14606741573033707 0.926056338028169 0.1348314606741573 0.9225352112676056 0.12921348314606743 0.9225352112676056 0.11235955056179775 0.9154929577464789 0.10112359550561797 0.9154929577464789 0.09550561797752809 0.9119718309859155 0.0898876404494382 0.9084507042253521 0.07303370786516854 0.9049295774647887 0.06741573033707865 0.9049295774647887 0.056179775280898875 0.9014084507042254 0.05056179775280899 0.897887323943662 0.033707865168539325 0.8943661971830986 0.028089887640449437 0.8943661971830986 0.016853932584269662 0.8908450704225352 0.011235955056179775 0.8908450704225352 0.0056179775280898875
12 0.9647887323943662 0.37640449438202245 0.9683098591549296 0.37640449438202245 0.971830985915493 0.38202247191011235 0.971830985915493 0.38764044943820225 0.9753521126760564 0.39325842696629215 0.9753521126760564 0.4157303370786517 0.9823943661971831 0.43258426966292135 0.9823943661971831 0.449438202247191 0.9859154929577465 0.4550561797752809 0.9859154929577465 0.47191011235955055 0.9894366197183099 0.47752808988764045 0.9894366197183099 0.4887640449438202 0.9929577464788732 0.4943820224719101 0.9929577464788732 0.5561797752808989 0.9964788732394366 0.5617977528089888 0.9929577464788732 0.5617977528089888 0.9894366197183099 0.5674157303370787 0.9929577464788732 0.5730337078651685 0.9929577464788732 0.5842696629213483 0.9964788732394366 0.5898876404494382 0.9964788732394366 0.6404494382022472 0.9894366197183099 0.651685393258427 0.9894366197183099 0.6966292134831461 0.9859154929577465 0.702247191011236 0.9859154929577465 0.7078651685393258 0.9894366197183099 0.7134831460674157 0.9859154929577465 0.7191011235955056 0.9894366197183099 0.7247191011235955 0.9929577464788732 0.7247191011235955 0.9929577464788732 0.7471910112359551 0.9964788732394366 0.7528089887640449 0.9964788732394366 0.7584269662921348 0.9929577464788732 0.7640449438202247 0.9964788732394366 0.7696629213483146 0.9929577464788732 0.7752808988764045 0.9929577464788732 0.7865168539325843 0.9964788732394366 0.7921348314606742 0.9964788732394366 0.797752808988764 0.9929577464788732 0.797752808988764 0.9894366197183099 0.8033707865168539 0.9929577464788732 0.8089887640449438 0.9964788732394366 0.8089887640449438 0.9964788732394366 0.8258426966292135 0.9929577464788732 0.8314606741573034 0.9964788732394366 0.8370786516853933 0.9929577464788732 0.8426966292134831 0.9964788732394366 0.848314606741573 0.9964788732394366 0.8539325842696629 0.9929577464788732 0.8595505617977528 0.9964788732394366 0.8651685393258427 0.9929577464788732 0.8707865168539326 0.9929577464788732 0.8820224719101124 0.9894366197183099 0.8876404494382022 0.9929577464788732 0.8932584269662921 0.9929577464788732 0.898876404494382 0.9894366197183099 0.9044943820224719 0.9894366197183099 0.9550561797752809 0.9964788732394366 0.9662921348314607 0.9964788732394366 0.9887640449438202 0.9894366197183099 0.9887640449438202 0.9859154929577465 0.9943820224719101 0.9823943661971831 0.9943820224719101 0.9788732394366197 0.9887640449438202 0.9753521126760564 0.9943820224719101 0.971830985915493 0.9887640449438202 0.9436619718309859 0.9887640449438202 0.9401408450704225 0.9943820224719101 0.9190140845070423 0.9943820224719101 0.9154929577464789 0.9887640449438202 0.8661971830985915 0.9887640449438202 0.8626760563380281 0.9943820224719101 0.8591549295774648 0.9887640449438202 0.8450704225352113 0.9887640449438202 0.8415492957746479 0.9943820224719101 0.8063380281690141 0.9943820224719101 0.8028169014084507 0.9887640449438202 0.7992957746478874 0.9943820224719101 0.7535211267605634 0.9943820224719101 0.75 0.9887640449438202 0.7535211267605634 0.9831460674157303 0.7535211267605634 0.9719101123595506 0.7570422535211268 0.9662921348314607 0.7570422535211268 0.9550561797752809 0.7640845070422535 0.9438202247191011 0.7640845070422535 0.9325842696629213 0.7676056338028169 0.9269662921348315 0.7711267605633803 0.9101123595505618 0.778169014084507 0.898876404494382 0.778169014084507 0.8932584269662921 0.7816901408450704 0.8876404494382022 0.7852112676056338 0.8707865168539326 0.7992957746478874 0.8426966292134831 0.7992957746478874 0.8370786516853933 0.8028169014084507 0.8314606741573034 0.8063380281690141 0.8146067415730337 0.8133802816901409 0.8033707865168539 0.8133802816901409 0.797752808988764 0.8204225352112676 0.7865168539325843 0.8204225352112676 0.7808988764044944 0.8309859154929577 0.7640449438202247 0.8309859154929577 0.7584269662921348 0.8380281690140845 0.7471910112359551 0.8380281690140845 0.7415730337078652 0.852112676056338 0.7134831460674157 0.8556338028169014 0.6966292134831461 0.8661971830985915 0.6797752808988764 0.8661971830985915 0.6685393258426966 0.8732394366197183 0.6573033707865169 0.8732394366197183 0.651685393258427 0.8767605633802817 0.651685393258427 0.8802816901408451 0.6460674157303371 0.8802816901408451 0.6404494382022472 0.8873239436619719 0.6292134831460674 0.8873239436619719 0.6179775280898876 0.8943661971830986 0.6067415730337079 0.897887323943662 0.5898876404494382 0.9049295774647887 0.5786516853932584 0.9049295774647887 0.5730337078651685 0.9119718309859155 0.5617977528089888 0.9154929577464789 0.5449438202247191 0.9225352112676056 0.5337078651685393 0.9225352112676056 0.5280898876404494 0.9295774647887324 0.5112359550561798 0.9295774647887324 0.5 0.9330985915492958 0.4943820224719101 0.9330985915492958 0.4887640449438202 0.9366197183098591 0.48314606741573035 0.9366197183098591 0.47752808988764045 0.9401408450704225 0.47191011235955055 0.9401408450704225 0.46629213483146065 0.9436619718309859 0.4606741573033708 0.9471830985915493 0.4438202247191011 0.9507042253521126 0.43820224719101125 0.9507042253521126 0.42134831460674155 0.954225352112676 0.4157303370786517 0.954225352112676 0.4101123595505618 0.9612676056338029 0.398876404494382 0.9612676056338029 0.38764044943820225 0.9647887323943662 0.38202247191011235
12 0.13380281690140844 0 0.43661971830985913 0 0.43661971830985913 0.0056179775280898875 0.426056338028169 0.02247191011235955 0.426056338028169 0.028089887640449437 0.4225352112676056 0.033707865168539325 0.41901408450704225 0.033707865168539325 0.4084507042253521 0.05056179775280899 0.4084507042253521 0.056179775280898875 0.3626760563380282 0.12921348314606743 0.3626760563380282 0.1348314606741573 0.352112676056338 0.15168539325842698 0.352112676056338 0.15730337078651685 0.3204225352112676 0.20786516853932585 0.31690140845070425 0.2247191011235955 0.30633802816901406 0.24157303370786518 0.30633802816901406 0.24719101123595505 0.2992957746478873 0.25842696629213485 0.2992957746478873 0.2640449438202247 0.29225352112676056 0.2752808988764045 0.29225352112676056 0.2808988764044944 0.28169014084507044 0.29775280898876405 0.28169014084507044 0.30337078651685395 0.2746478873239437 0.3146067415730337 0.2746478873239437 0.3202247191011236 0.2711267605633803 0.3258426966292135 0.2711267605633803 0.33146067415730335 0.2640845070422535 0.34269662921348315 0.2640845070422535 0.34831460674157305 0.2605633802816901 0.34831460674157305 0.2535211267605634 0.3595505617977528 0.23943661971830985 0.3595505617977528 0.2323943661971831 0.3707865168539326 0.22887323943661972 0.3707865168539326 0.22535211267605634 0.37640449438202245 0.22183098591549297 0.37640449438202245 0.22183098591549297 0.33707865168539325 0.22535211267605634 0.33146067415730335 0.21830985915492956 0.3146067415730337 0.21830985915492956 0.30337078651685395 0.2147887323943662 0.29775280898876405 0.2147887323943662 0.28651685393258425 0.2112676056338028 0.2808988764044944 0.2112676056338028 0.24157303370786518 0.2147887323943662 0.23595505617977527 0.2147887323943662 0.19101123595505617 0.2112676056338028 0.1853932584269663 0.2147887323943662 0.1797752808988764 0.2147887323943662 0.16292134831460675 0.21830985915492956 0.15730337078651685 0.21830985915492956 0.14606741573033707 0.22183098591549297 0.1404494382022472 0.22183098591549297 0.12359550561797752 0.2147887323943662 0.11235955056179775 0.2112676056338028 0.11235955056179775 0.20774647887323944 0.10674157303370786 0.19718309859154928 0.10674157303370786 0.1936619718309859 0.10112359550561797 0.19014084507042253 0.10112359550561797 0.18661971830985916 0.10674157303370786 0.17253521126760563 0.10674157303370786 0.1619718309859155 0.0898876404494382 0.1619718309859155 0.08426966292134831 0.15845070422535212 0.07865168539325842 0.15492957746478872 0.06179775280898876 0.15140845070422534 0.056179775280898875 0.15140845070422534 0.0449438202247191 0.14788732394366197 0.03932584269662921 0.14788732394366197 0.033707865168539325 0.13732394366197184 0.016853932584269662 0.13732394366197184 0.011235955056179775 0.13380281690140844 0.0056179775280898875
12 0.22887323943661972 0.38764044943820225 0.23591549295774647 0.398876404494382 0.24295774647887325 0.38764044943820225 0.24295774647887325 0.39325842696629215 0.23943661971830985 0.398876404494382 0.23943661971830985 0.4101123595505618 0.22535211267605634 0.4438202247191011 0.22535211267605634 0.4550561797752809 0.22183098591549297 0.4606741573033708 0.22183098591549297 0.47191011235955055 0.2147887323943662 0.48314606741573035 0.2147887323943662 0.4887640449438202 0.20774647887323944 0.5 0.20774647887323944 0.5056179775280899 0.20422535211267606 0.5112359550561798 0.2007042253521127 0.5280898876404494 0.1936619718309859 0.5393258426966292 0.1936619718309859 0.5449438202247191 0.19014084507042253 0.550561797752809 0.19014084507042253 0.5617977528089888 0.18661971830985916 0.5674157303370787 0.18309859154929578 0.5842696629213483 0.16901408450704225 0.6123595505617978 0.16901408450704225 0.6179775280898876 0.16549295774647887 0.6235955056179775 0.16549295774647887 0.6348314606741573 0.15845070422535212 0.651685393258427 0.15845070422535212 0.6685393258426966 0.15492957746478872 0.6741573033707865 0.15492957746478872 0.6853932584269663 0.15140845070422534 0.6910112359550562 0.15140845070422534 0.7078651685393258 0.15492957746478872 0.7134831460674157 0.15492957746478872 0.7191011235955056 0.16901408450704225 0.7415730337078652 0.17253521126760563 0.7415730337078652 0.176056338028169 0.7471910112359551 0.18661971830985916 0.7528089887640449 0.18661971830985916 0.7584269662921348 0.19718309859154928 0.7752808988764045 0.19014084507042253 0.7752808988764045 0.18661971830985916 0.7808988764044944 0.18309859154929578 0.7808988764044944 0.1795774647887324 0.7865168539325843 0.176056338028169 0.8033707865168539 0.16549295774647887 0.8202247191011236 0.16549295774647887 0.8595505617977528 0.16901408450704225 0.8651685393258427 0.16901408450704225 0.8876404494382022 0.17253521126760563 0.8932584269662921 0.17253521126760563 0.9101123595505618 0.15492957746478872 0.9382022471910112 0.15140845070422534 0.9382022471910112 0.13380281690140844 0.9662921348314607 0.13380281690140844 0.9943820224719101 0.0035211267605633804 0.9943820224719101 0 0.9887640449438202 0 0.9213483146067416 0.0035211267605633804 0.9157303370786517 0.0035211267605633804 0.898876404494382 0 0.8932584269662921 0 0.8258426966292135 0.0035211267605633804 0.8202247191011236 0.0035211267605633804 0.8033707865168539 0 0.797752808988764 0 0.7528089887640449 0.01056338028169014 0.7415730337078652 0.017605633802816902 0.7415730337078652 0.02464788732394366 0.7303370786516854 0.028169014084507043 0.7303370786516854 0.03873239436619718 0.7134831460674157 0.04225352112676056 0.7134831460674157 0.07042253521126761 0.6685393258426966 0.07394366197183098 0.6685393258426966 0.09507042253521127 0.6348314606741573 0.09859154929577464 0.6348314606741573 0.10915492957746478 0.6179775280898876 0.10915492957746478 0.6123595505617978 0.11267605633802817 0.6123595505617978 0.11619718309859155 0.6067415730337079 0.11619718309859155 0.601123595505618 0.11971830985915492 0.601123595505618 0.12323943661971831 0.5955056179775281 0.12323943661971831 0.5898876404494382 0.1267605633802817 0.5898876404494382 0.1443661971830986 0.5617977528089888 0.14788732394366197 0.5617977528089888 0.1795774647887324 0.5112359550561798 0.18309859154929578 0.4943820224719101 0.1936619718309859 0.47752808988764045 0.1936619718309859 0.47191011235955055 0.19718309859154928 0.46629213483146065 0.19718309859154928 0.4550561797752809 0.20422535211267606 0.4438202247191011 0.20422535211267606 0.43258426966292135 0.20774647887323944 0.42696629213483145 0.2112676056338028 0.4101123595505618 0.21830985915492956 0.398876404494382 0.22183098591549297 0.398876404494382 0.22535211267605634 0.39325842696629215
4 0.20422535211267606 0.7808988764044944 0.2147887323943662 0.797752808988764 0.22535211267605634 0.797752808988764 0.2323943661971831 0.8089887640449438 0.2323943661971831 0.8258426966292135 0.23591549295774647 0.8314606741573034 0.23591549295774647 0.8539325842696629 0.23943661971830985 0.8595505617977528 0.23943661971830985 0.8764044943820225 0.25 0.8932584269662921 0.2676056338028169 0.8932584269662921 0.2711267605633803 0.898876404494382 0.2852112676056338 0.898876404494382 0.2887323943661972 0.9044943820224719 0.29225352112676056 0.9044943820224719 0.2992957746478873 0.9157303370786517 0.2992957746478873 0.9213483146067416 0.3028169014084507 0.9269662921348315 0.3028169014084507 0.9438202247191011 0.30633802816901406 0.949438202247191 0.30633802816901406 0.9719101123595506 0.30985915492957744 0.9775280898876404 0.30985915492957744 0.9943820224719101 0.14084507042253522 0.9943820224719101 0.14084507042253522 0.9606741573033708 0.1443661971830986 0.9606741573033708 0.15140845070422534 0.949438202247191 0.15492957746478872 0.949438202247191 0.1795774647887324 0.9101123595505618 0.1795774647887324 0.898876404494382 0.176056338028169 0.8932584269662921 0.176056338028169 0.8764044943820225 0.17253521126760563 0.8707865168539326 0.17253521126760563 0.848314606741573 0.16901408450704225 0.8426966292134831 0.16901408450704225 0.8258426966292135 0.18309859154929578 0.8033707865168539 0.18309859154929578 0.7921348314606742 0.18661971830985916 0.7865168539325843 0.1936619718309859 0.7865168539325843 0.19718309859154928 0.7808988764044944 0.2007042253521127 0.7808988764044944