12 0.2611111111111111 0.46111111111111114 0.26666666666666666 0.4666666666666667 0.2722222222222222 0.46111111111111114 0.2777777777777778 0.46111111111111114 0.2777777777777778 0.4666666666666667 0.2722222222222222 0.4722222222222222 0.26666666666666666 0.4722222222222222 0.2611111111111111 0.4777777777777778 0.2611111111111111 0.48333333333333334 0.26666666666666666 0.4888888888888889 0.2777777777777778 0.4888888888888889 0.2833333333333333 0.49444444444444446 0.2777777777777778 0.5 0.2833333333333333 0.5055555555555555 0.3055555555555556 0.5055555555555555 0.3055555555555556 0.5111111111111111 0.3111111111111111 0.5166666666666667 0.3111111111111111 0.5222222222222223 0.31666666666666665 0.5277777777777778 0.32222222222222224 0.5222222222222223 0.32222222222222224 0.5166666666666667 0.3277777777777778 0.5111111111111111 0.3277777777777778 0.5055555555555555 0.3333333333333333 0.5 0.3388888888888889 0.5 0.34444444444444444 0.5055555555555555 0.35555555555555557 0.5055555555555555 0.3611111111111111 0.5111111111111111 0.37222222222222223 0.5111111111111111 0.36666666666666664 0.5166666666666667 0.36666666666666664 0.5222222222222223 0.3611111111111111 0.5277777777777778 0.3611111111111111 0.5333333333333333 0.35555555555555557 0.5333333333333333 0.35 0.5388888888888889 0.35 0.5444444444444444 0.3333333333333333 0.5611111111111111 0.32222222222222224 0.5611111111111111 0.3111111111111111 0.5722222222222222 0.3111111111111111 0.5777777777777777 0.2833333333333333 0.6055555555555555 0.2833333333333333 0.6111111111111112 0.2722222222222222 0.6222222222222222 0.26666666666666666 0.6222222222222222 0.22777777777777777 0.6611111111111111 0.22777777777777777 0.6666666666666666 0.2222222222222222 0.6722222222222223 0.2222222222222222 0.6777777777777778 0.21666666666666667 0.6777777777777778 0.2111111111111111 0.6833333333333333 0.18333333333333332 0.6833333333333333 0.17777777777777778 0.6777777777777778 0.16666666666666666 0.6777777777777778 0.16111111111111112 0.6722222222222223 0.15 0.6722222222222223 0.14444444444444443 0.6666666666666666 0.13333333333333333 0.6666666666666666 0.12777777777777777 0.6611111111111111 0.11666666666666667 0.6611111111111111 0.1111111111111111 0.6555555555555556 0.10555555555555556 0.6555555555555556 0.09444444444444444 0.6444444444444445 0.08888888888888889 0.6444444444444445 0.08333333333333333 0.6388888888888888 0.07777777777777778 0.6388888888888888 0.06666666666666667 0.6277777777777778 0.06111111111111111 0.6277777777777778 0.044444444444444446 0.6111111111111112 0.044444444444444446 0.6055555555555555 0.06111111111111111 0.5888888888888889 0.06666666666666667 0.5888888888888889 0.12222222222222222 0.5333333333333333 0.12777777777777777 0.5333333333333333 0.2111111111111111 0.45 0.21666666666666667 0.45 0.2222222222222222 0.4444444444444444 0.22777777777777777 0.4444444444444444 0.23333333333333334 0.45 0.24444444444444444 0.45 0.25555555555555554 0.46111111111111114
12 0.3 0.6 0.3055555555555556 0.6 0.32222222222222224 0.5833333333333334 0.32222222222222224 0.5777777777777777 0.3333333333333333 0.5666666666666667 0.3388888888888889 0.5666666666666667 0.35555555555555557 0.55 0.35555555555555557 0.5444444444444444 0.38333333333333336 0.5166666666666667 0.39444444444444443 0.5166666666666667 0.4 0.5111111111111111 0.40555555555555556 0.5111111111111111 0.4111111111111111 0.5055555555555555 0.45 0.5055555555555555 0.45555555555555555 0.5111111111111111 0.45555555555555555 0.5166666666666667 0.46111111111111114 0.5222222222222223 0.46111111111111114 0.5277777777777778 0.4666666666666667 0.5333333333333333 0.4666666666666667 0.5388888888888889 0.4777777777777778 0.55 0.4777777777777778 0.5555555555555556 0.4722222222222222 0.5611111111111111 0.4722222222222222 0.5666666666666667 0.4666666666666667 0.5666666666666667 0.46111111111111114 0.5722222222222222 0.46111111111111114 0.5777777777777777 0.45555555555555555 0.5833333333333334 0.45 0.5833333333333334 0.4388888888888889 0.5944444444444444 0.4388888888888889 0.6 0.43333333333333335 0.6055555555555555 0.43333333333333335 0.6111111111111112 0.42777777777777776 0.6166666666666667 0.4222222222222222 0.6166666666666667 0.3888888888888889 0.65 0.38333333333333336 0.65 0.37777777777777777 0.6555555555555556 0.37777777777777777 0.6611111111111111 0.3611111111111111 0.6777777777777778 0.3611111111111111 0.6944444444444444 0.35555555555555557 0.7 0.34444444444444444 0.7 0.34444444444444444 0.6888888888888889 0.3388888888888889 0.6833333333333333 0.3388888888888889 0.6777777777777778 0.3333333333333333 0.6722222222222223 0.3277777777777778 0.6722222222222223 0.32222222222222224 0.6666666666666666 0.32222222222222224 0.6611111111111111 0.31666666666666665 0.6555555555555556 0.3055555555555556 0.6555555555555556 0.3 0.65 0.2833333333333333 0.65 0.2777777777777778 0.6444444444444445 0.2777777777777778 0.6277777777777778 0.3 0.6055555555555555
12 0.4388888888888889 0.11666666666666667 0.4388888888888889 0.12777777777777777 0.4444444444444444 0.13333333333333333 0.4444444444444444 0.15 0.45 0.15555555555555556 0.45 0.17777777777777778 0.45555555555555555 0.18333333333333332 0.45555555555555555 0.2 0.46111111111111114 0.20555555555555555 0.46111111111111114 0.2222222222222222 0.4666666666666667 0.22777777777777777 0.4666666666666667 0.3055555555555556 0.46111111111111114 0.3111111111111111 0.45 0.3111111111111111 0.4444444444444444 0.31666666666666665 0.43333333333333335 0.31666666666666665 0.42777777777777776 0.32222222222222224 0.4166666666666667 0.32222222222222224 0.4111111111111111 0.3277777777777778 0.3888888888888889 0.3277777777777778 0.38333333333333336 0.3333333333333333 0.3277777777777778 0.3333333333333333 0.32222222222222224 0.3388888888888889 0.3111111111111111 0.3388888888888889 0.3055555555555556 0.3333333333333333 0.28888888888888886 0.3333333333333333 0.2833333333333333 0.3388888888888889 0.2611111111111111 0.3388888888888889 0.25555555555555554 0.34444444444444444 0.23333333333333334 0.34444444444444444 0.22777777777777777 0.35 0.19444444444444445 0.35 0.18888888888888888 0.35555555555555557 0.18333333333333332 0.35555555555555557 0.17777777777777778 0.35 0.17777777777777778 0.3111111111111111 0.17222222222222222 0.3055555555555556 0.17222222222222222 0.26666666666666666 0.16666666666666666 0.2611111111111111 0.16666666666666666 0.22777777777777777 0.15 0.2111111111111111 0.14444444444444443 0.2111111111111111 0.13333333333333333 0.2 0.13333333333333333 0.19444444444444445 0.15 0.19444444444444445 0.15555555555555556 0.18888888888888888 0.17777777777777778 0.18888888888888888 0.18333333333333332 0.18333333333333332 0.2 0.18333333333333332 0.20555555555555555 0.17777777777777778 0.2222222222222222 0.17777777777777778 0.22777777777777777 0.17222222222222222 0.24444444444444444 0.17222222222222222 0.25 0.16666666666666666 0.2722222222222222 0.16666666666666666 0.2777777777777778 0.16111111111111112 0.3277777777777778 0.16111111111111112 0.3333333333333333 0.15555555555555556 0.35 0.15555555555555556 0.35555555555555557 0.15 0.3611111111111111 0.15 0.37222222222222223 0.1388888888888889 0.37222222222222223 0.13333333333333333 0.38333333333333336 0.12222222222222222 0.3888888888888889 0.12222222222222222 0.39444444444444443 0.11666666666666667 0.43333333333333335 0.11666666666666667
12 0.22777777777777777 0.4444444444444444 0.23333333333333334 0.45 0.2388888888888889 0.45 0.25 0.46111111111111114 0.25555555555555554 0.46111111111111114 0.2611111111111111 0.4666666666666667 0.2722222222222222 0.4666666666666667 0.2777777777777778 0.46111111111111114 0.2833333333333333 0.46111111111111114 0.28888888888888886 0.4666666666666667 0.3 0.4666666666666667 0.29444444444444445 0.4666666666666667 0.28888888888888886 0.4722222222222222 0.3 0.48333333333333334 0.3055555555555556 0.4777777777777778 0.3055555555555556 0.4888888888888889 0.3111111111111111 0.49444444444444446 0.3055555555555556 0.5 0.31666666666666665 0.5111111111111111 0.32222222222222224 0.5111111111111111 0.3277777777777778 0.5055555555555555 0.3277777777777778 0.49444444444444446 0.3333333333333333 0.49444444444444446 0.34444444444444444 0.5055555555555555 0.35555555555555557 0.5055555555555555 0.3611111111111111 0.5111111111111111 0.40555555555555556 0.5111111111111111 0.4111111111111111 0.5055555555555555 0.4444444444444444 0.5055555555555555 0.45555555555555555 0.5166666666666667 0.45555555555555555 0.5222222222222223 0.4666666666666667 0.5333333333333333 0.4666666666666667 0.5388888888888889 0.4777777777777778 0.55 0.5055555555555555 0.55 0.5111111111111111 0.5555555555555556 0.5222222222222223 0.5555555555555556 0.5277777777777778 0.5611111111111111 0.5333333333333333 0.5611111111111111 0.5388888888888889 0.5666666666666667 0.55 0.5666666666666667 0.5555555555555556 0.5722222222222222 0.5666666666666667 0.5722222222222222 0.5722222222222222 0.5777777777777777 0.5833333333333334 0.5777777777777777 0.5888888888888889 0.5833333333333334 0.6 0.5833333333333334 0.6055555555555555 0.5888888888888889 0.6111111111111112 0.5888888888888889 0.6166666666666667 0.5944444444444444 0.6222222222222222 0.5944444444444444 0.6277777777777778 0.6 0.6333333333333333 0.6 0.6388888888888888 0.6055555555555555 0.6444444444444445 0.6055555555555555 0.6611111111111111 0.6222222222222222 0.6555555555555556 0.6277777777777778 0.6555555555555556 0.6388888888888888 0.65 0.6444444444444445 0.65 0.65 0.6055555555555555 0.6944444444444444 0.6055555555555555 0.7 0.5833333333333334 0.7222222222222222 0.5833333333333334 0.7277777777777777 0.5611111111111111 0.75 0.5611111111111111 0.7555555555555555 0.55 0.7666666666666667 0.55 0.7722222222222223 0.5388888888888889 0.7833333333333333 0.5388888888888889 0.7888888888888889 0.5277777777777778 0.8 0.5222222222222223 0.8 0.5166666666666667 0.8055555555555556 0.49444444444444446 0.8055555555555556 0.4888888888888889 0.8 0.4777777777777778 0.8 0.4666666666666667 0.7888888888888889 0.45 0.7888888888888889 0.4388888888888889 0.7777777777777778 0.43333333333333335 0.7777777777777778 0.42777777777777776 0.7722222222222223 0.4111111111111111 0.7722222222222223 0.40555555555555556 0.7666666666666667 0.4 0.7666666666666667 0.4 0.7444444444444445 0.39444444444444443 0.7388888888888889 0.39444444444444443 0.7333333333333333 0.3888888888888889 0.7277777777777777 0.38333333333333336 0.7277777777777777 0.37777777777777777 0.7333333333333333 0.38333333333333336 0.7388888888888889 0.38333333333333336 0.7555555555555555 0.37777777777777777 0.7555555555555555 0.38333333333333336 0.75 0.38333333333333336 0.7444444444444445 0.37222222222222223 0.7333333333333333 0.36666666666666664 0.7333333333333333 0.3611111111111111 0.7388888888888889 0.3611111111111111 0.7444444444444445 0.35555555555555557 0.7444444444444445 0.35 0.7388888888888889 0.3277777777777778 0.7388888888888889 0.32222222222222224 0.7333333333333333 0.31666666666666665 0.7333333333333333 0.3111111111111111 0.7277777777777777 0.3055555555555556 0.7277777777777777 0.3 0.7222222222222222 0.28888888888888886 0.7222222222222222 0.2833333333333333 0.7166666666666667 0.2722222222222222 0.7166666666666667 0.26666666666666666 0.7111111111111111 0.2611111111111111 0.7111111111111111 0.25555555555555554 0.7055555555555556 0.24444444444444444 0.7055555555555556 0.2388888888888889 0.7 0.23333333333333334 0.7 0.22777777777777777 0.6944444444444444 0.21666666666666667 0.6944444444444444 0.2111111111111111 0.6888888888888889 0.20555555555555555 0.6888888888888889 0.2 0.6833333333333333 0.18333333333333332 0.6833333333333333 0.17777777777777778 0.6777777777777778 0.16666666666666666 0.6777777777777778 0.16111111111111112 0.6722222222222223 0.15 0.6722222222222223 0.14444444444444443 0.6666666666666666 0.13333333333333333 0.6666666666666666 0.12777777777777777 0.6611111111111111 0.12222222222222222 0.6611111111111111 0.11666666666666667 0.6555555555555556 0.10555555555555556 0.6555555555555556 0.09444444444444444 0.6444444444444445 0.08888888888888889 0.6444444444444445 0.08333333333333333 0.6388888888888888 0.07777777777777778 0.6388888888888888 0.06111111111111111 0.6222222222222222 0.05555555555555555 0.6222222222222222 0.044444444444444446 0.6111111111111112 0.05 0.6055555555555555 0.05 0.6 0.05555555555555555 0.6 0.1111111111111111 0.5444444444444444 0.11666666666666667 0.5444444444444444 0.18333333333333332 0.4777777777777778 0.18888888888888888 0.4777777777777778 0.19444444444444445 0.4722222222222222 0.19444444444444445 0.4666666666666667 0.2 0.4666666666666667 0.21666666666666667 0.45 0.2222222222222222 0.45
12 0.8833333333333333 0.5666666666666667 0.9 0.5833333333333334 0.9055555555555556 0.5833333333333334 0.9166666666666666 0.5944444444444444 0.9222222222222223 0.5944444444444444 0.9277777777777778 0.6 0.9333333333333333 0.6 0.95 0.6166666666666667 0.95 0.6277777777777778 0.9222222222222223 0.6555555555555556 0.9166666666666666 0.6555555555555556 0.9111111111111111 0.6611111111111111 0.9055555555555556 0.6611111111111111 0.9 0.6666666666666666 0.8944444444444445 0.6666666666666666 0.8888888888888888 0.6722222222222223 0.8777777777777778 0.6722222222222223 0.8722222222222222 0.6666666666666666 0.8666666666666667 0.6666666666666666 0.85 0.65 0.8166666666666667 0.65 0.8055555555555556 0.6388888888888888 0.8 0.6388888888888888 0.7777777777777778 0.6166666666666667 0.7722222222222223 0.6166666666666667 0.7611111111111111 0.6055555555555555 0.7611111111111111 0.5944444444444444 0.7666666666666667 0.5888888888888889 0.7666666666666667 0.5777777777777777 0.7944444444444444 0.55 0.8 0.55 0.8055555555555556 0.5444444444444444 0.8111111111111111 0.5444444444444444 0.8222222222222222 0.5333333333333333 0.8277777777777777 0.5333333333333333 0.8333333333333334 0.5277777777777778 0.8388888888888889 0.5277777777777778 0.8444444444444444 0.5222222222222223 0.85 0.5222222222222223 0.8611111111111112 0.5333333333333333 0.8611111111111112 0.5388888888888889 0.8666666666666667 0.5444444444444444 0.8666666666666667 0.55 0.8722222222222222 0.5555555555555556 0.8722222222222222 0.5611111111111111 0.8777777777777778 0.5666666666666667
12 0.13333333333333333 0.20555555555555555 0.1388888888888889 0.2111111111111111 0.14444444444444443 0.2111111111111111 0.16666666666666666 0.23333333333333334 0.16666666666666666 0.3055555555555556 0.17222222222222222 0.3111111111111111 0.17222222222222222 0.43333333333333335 0.16666666666666666 0.4388888888888889 0.16111111111111112 0.4388888888888889 0.15555555555555556 0.4444444444444444 0.15 0.4444444444444444 0.14444444444444443 0.45 0.13333333333333333 0.45 0.12777777777777777 0.45555555555555555 0.08888888888888889 0.45555555555555555 0.08333333333333333 0.45 0.07222222222222222 0.45 0.06666666666666667 0.4444444444444444 0.06111111111111111 0.4444444444444444 0.05 0.43333333333333335 0.05 0.35555555555555557 0.044444444444444446 0.35 0.044444444444444446 0.22777777777777777 0.06111111111111111 0.2111111111111111 0.07222222222222222 0.2111111111111111 0.07777777777777778 0.20555555555555555 0.12777777777777777 0.20555555555555555
12 0.5222222222222223 0.5555555555555556 0.5277777777777778 0.5611111111111111 0.5333333333333333 0.5611111111111111 0.5388888888888889 0.5666666666666667 0.55 0.5666666666666667 0.5555555555555556 0.5722222222222222 0.5611111111111111 0.5722222222222222 0.5666666666666667 0.5777777777777777 0.5833333333333334 0.5777777777777777 0.5888888888888889 0.5833333333333334 0.5944444444444444 0.5833333333333334 0.6 0.5888888888888889 0.6055555555555555 0.5888888888888889 0.6111111111111112 0.5944444444444444 0.6166666666666667 0.5944444444444444 0.6222222222222222 0.6 0.6277777777777778 0.6 0.6333333333333333 0.6055555555555555 0.6388888888888888 0.6055555555555555 0.6444444444444445 0.6111111111111112 0.65 0.6111111111111112 0.6555555555555556 0.6166666666666667 0.6555555555555556 0.6333333333333333 0.65 0.6388888888888888 0.65 0.65 0.6111111111111112 0.6888888888888889 0.6111111111111112 0.6944444444444444 0.5888888888888889 0.7166666666666667 0.5888888888888889 0.7222222222222222 0.5833333333333334 0.7277777777777777 0.5833333333333334 0.7333333333333333 0.5777777777777777 0.7333333333333333 0.5611111111111111 0.75 0.5611111111111111 0.7555555555555555 0.55 0.7666666666666667 0.55 0.7722222222222223 0.5444444444444444 0.7777777777777778 0.5444444444444444 0.7833333333333333 0.5222222222222223 0.8055555555555556 0.4888888888888889 0.8055555555555556 0.48333333333333334 0.8 0.4777777777777778 0.8 0.4722222222222222 0.7944444444444444 0.46111111111111114 0.7944444444444444 0.45555555555555555 0.7888888888888889 0.45 0.7888888888888889 0.4388888888888889 0.7777777777777778 0.43333333333333335 0.7777777777777778 0.42777777777777776 0.7722222222222223 0.4111111111111111 0.7722222222222223 0.40555555555555556 0.7666666666666667 0.4 0.7666666666666667 0.39444444444444443 0.7611111111111111 0.38333333333333336 0.7611111111111111 0.37777777777777777 0.7555555555555555 0.37777777777777777 0.7444444444444445 0.37222222222222223 0.7388888888888889 0.36666666666666664 0.7388888888888889 0.3611111111111111 0.7444444444444445 0.3611111111111111 0.75 0.35555555555555557 0.7444444444444445 0.35 0.7444444444444445 0.34444444444444444 0.7388888888888889 0.3277777777777778 0.7388888888888889 0.32222222222222224 0.7333333333333333 0.31666666666666665 0.7333333333333333 0.3111111111111111 0.7277777777777777 0.3055555555555556 0.7277777777777777 0.3 0.7222222222222222 0.29444444444444445 0.7222222222222222 0.29444444444444445 0.7111111111111111 0.28888888888888886 0.7055555555555556 0.2833333333333333 0.7055555555555556 0.2777777777777778 0.7111111111111111 0.2833333333333333 0.7166666666666667 0.2722222222222222 0.7166666666666667 0.26666666666666666 0.7111111111111111 0.2611111111111111 0.7111111111111111 0.25555555555555554 0.7055555555555556 0.25 0.7055555555555556 0.24444444444444444 0.7 0.2388888888888889 0.7 0.22777777777777777 0.6888888888888889 0.2222222222222222 0.6888888888888889 0.2222222222222222 0.6833333333333333 0.22777777777777777 0.6777777777777778 0.22777777777777777 0.6722222222222223 0.23333333333333334 0.6722222222222223 0.25 0.6555555555555556 0.25555555555555554 0.6555555555555556 0.2777777777777778 0.6333333333333333 0.2833333333333333 0.6333333333333333 0.2777777777777778 0.6388888888888888 0.28888888888888886 0.65 0.29444444444444445 0.6444444444444445 0.3055555555555556 0.6444444444444445 0.3111111111111111 0.6388888888888888 0.31666666666666665 0.6444444444444445 0.3277777777777778 0.6333333333333333 0.3333333333333333 0.6333333333333333 0.3333333333333333 0.6444444444444445 0.3388888888888889 0.65 0.3388888888888889 0.6555555555555556 0.34444444444444444 0.6611111111111111 0.35 0.6611111111111111 0.35555555555555557 0.6555555555555556 0.36666666666666664 0.6555555555555556 0.37222222222222223 0.65 0.36666666666666664 0.6444444444444445 0.37222222222222223 0.6388888888888888 0.37222222222222223 0.6277777777777778 0.36666666666666664 0.6222222222222222 0.36666666666666664 0.6166666666666667 0.37222222222222223 0.6166666666666667 0.37222222222222223 0.6277777777777778 0.37777777777777777 0.6333333333333333 0.39444444444444443 0.6333333333333333 0.4111111111111111 0.6166666666666667 0.42777777777777776 0.6166666666666667 0.43333333333333335 0.6111111111111112 0.43333333333333335 0.6055555555555555 0.4388888888888889 0.6 0.4388888888888889 0.5888888888888889 0.45 0.5888888888888889 0.45555555555555555 0.5833333333333334 0.45555555555555555 0.5777777777777777 0.46111111111111114 0.5722222222222222 0.4666666666666667 0.5722222222222222 0.48333333333333334 0.5555555555555556 0.4888888888888889 0.5555555555555556 0.49444444444444446 0.55 0.5 0.55 0.5055555555555555 0.5555555555555556 0.5166666666666667 0.5555555555555556
12 0.5111111111111111 0.55 0.5166666666666667 0.5555555555555556 0.5222222222222223 0.5555555555555556 0.5277777777777778 0.5611111111111111 0.5388888888888889 0.5611111111111111 0.5444444444444444 0.5666666666666667 0.5555555555555556 0.5666666666666667 0.5611111111111111 0.5722222222222222 0.5722222222222222 0.5722222222222222 0.5777777777777777 0.5777777777777777 0.5833333333333334 0.5777777777777777 0.5888888888888889 0.5833333333333334 0.6 0.5833333333333334 0.6055555555555555 0.5888888888888889 0.6111111111111112 0.5888888888888889 0.6166666666666667 0.5944444444444444 0.6222222222222222 0.5944444444444444 0.6333333333333333 0.6055555555555555 0.6444444444444445 0.6055555555555555 0.6555555555555556 0.6166666666666667 0.6555555555555556 0.6222222222222222 0.6611111111111111 0.6277777777777778 0.6555555555555556 0.6333333333333333 0.6555555555555556 0.6444444444444445 0.6444444444444445 0.6555555555555556 0.6444444444444445 0.6611111111111111 0.6388888888888888 0.6611111111111111 0.6111111111111112 0.6888888888888889 0.6111111111111112 0.6944444444444444 0.5944444444444444 0.7111111111111111 0.5944444444444444 0.7166666666666667 0.5833333333333334 0.7277777777777777 0.5833333333333334 0.7333333333333333 0.5777777777777777 0.7333333333333333 0.5611111111111111 0.75 0.5611111111111111 0.7555555555555555 0.55 0.7666666666666667 0.55 0.7722222222222223 0.5444444444444444 0.7777777777777778 0.5444444444444444 0.7833333333333333 0.5388888888888889 0.7888888888888889 0.5333333333333333 0.7888888888888889 0.5277777777777778 0.7833333333333333 0.5222222222222223 0.7833333333333333 0.5166666666666667 0.7777777777777778 0.5111111111111111 0.7777777777777778 0.5055555555555555 0.7722222222222223 0.5 0.7722222222222223 0.49444444444444446 0.7666666666666667 0.48333333333333334 0.7666666666666667 0.4777777777777778 0.7611111111111111 0.4722222222222222 0.7611111111111111 0.4666666666666667 0.7555555555555555 0.45555555555555555 0.7555555555555555 0.4444444444444444 0.7444444444444445 0.4388888888888889 0.7444444444444445 0.43333333333333335 0.7388888888888889 0.42777777777777776 0.7388888888888889 0.4166666666666667 0.7277777777777777 0.40555555555555556 0.7277777777777777 0.4 0.7222222222222222 0.39444444444444443 0.7222222222222222 0.3888888888888889 0.7166666666666667 0.38333333333333336 0.7166666666666667 0.36666666666666664 0.7 0.36666666666666664 0.6944444444444444 0.37222222222222223 0.6888888888888889 0.37222222222222223 0.6777777777777778 0.37777777777777777 0.6722222222222223 0.3888888888888889 0.6722222222222223 0.4 0.6611111111111111 0.4 0.6555555555555556 0.39444444444444443 0.65 0.4111111111111111 0.6333333333333333 0.4166666666666667 0.6333333333333333 0.45 0.6 0.45 0.5888888888888889 0.45555555555555555 0.5888888888888889 0.48333333333333334 0.5611111111111111 0.48333333333333334 0.5555555555555556 0.4888888888888889 0.55 0.5055555555555555 0.55
12 0.8722222222222222 0.5611111111111111 0.8888888888888888 0.5777777777777777 0.8944444444444445 0.5777777777777777 0.9 0.5833333333333334 0.9055555555555556 0.5833333333333334 0.9055555555555556 0.6 0.8944444444444445 0.6 0.8833333333333333 0.6111111111111112 0.8777777777777778 0.6111111111111112 0.8722222222222222 0.6166666666666667 0.8666666666666667 0.6166666666666667 0.8611111111111112 0.6222222222222222 0.8611111111111112 0.6277777777777778 0.8555555555555555 0.6277777777777778 0.8444444444444444 0.6388888888888888 0.8444444444444444 0.6444444444444445 0.8388888888888889 0.65 0.8166666666666667 0.65 0.8 0.6333333333333333 0.8 0.6277777777777778 0.7944444444444444 0.6222222222222222 0.7888888888888889 0.6222222222222222 0.7833333333333333 0.6166666666666667 0.7777777777777778 0.6166666666666667 0.7777777777777778 0.6111111111111112 0.7722222222222223 0.6055555555555555 0.7666666666666667 0.6055555555555555 0.7666666666666667 0.5833333333333334 0.7722222222222223 0.5777777777777777 0.7722222222222223 0.5722222222222222 0.7944444444444444 0.55 0.8 0.55 0.8055555555555556 0.5444444444444444 0.8111111111111111 0.5444444444444444 0.8222222222222222 0.5333333333333333 0.8277777777777777 0.5333333333333333 0.8333333333333334 0.5277777777777778 0.8388888888888889 0.5277777777777778 0.8444444444444444 0.5222222222222223 0.85 0.5222222222222223 0.8611111111111112 0.5333333333333333 0.8611111111111112 0.5555555555555556 0.8666666666666667 0.5611111111111111
12 0.38333333333333336 0.14444444444444443 0.3888888888888889 0.15 0.3888888888888889 0.17222222222222222 0.38333333333333336 0.17777777777777778 0.38333333333333336 0.20555555555555555 0.3888888888888889 0.2111111111111111 0.3888888888888889 0.3277777777777778 0.37777777777777777 0.3277777777777778 0.37222222222222223 0.3333333333333333 0.2833333333333333 0.3333333333333333 0.2777777777777778 0.3388888888888889 0.25555555555555554 0.3388888888888889 0.25 0.34444444444444444 0.23333333333333334 0.34444444444444444 0.22777777777777777 0.35 0.19444444444444445 0.35 0.18888888888888888 0.35555555555555557 0.18333333333333332 0.35555555555555557 0.18333333333333332 0.35 0.17777777777777778 0.34444444444444444 0.17777777777777778 0.3055555555555556 0.17222222222222222 0.3 0.17222222222222222 0.22777777777777777 0.15555555555555556 0.2111111111111111 0.15 0.2111111111111111 0.14444444444444443 0.20555555555555555 0.1388888888888889 0.20555555555555555 0.13333333333333333 0.2 0.1388888888888889 0.2 0.14444444444444443 0.19444444444444445 0.16666666666666666 0.19444444444444445 0.17222222222222222 0.18888888888888888 0.18888888888888888 0.18888888888888888 0.19444444444444445 0.18333333333333332 0.21666666666666667 0.18333333333333332 0.2222222222222222 0.17777777777777778 0.23333333333333334 0.17777777777777778 0.2388888888888889 0.17222222222222222 0.2833333333333333 0.17222222222222222 0.28888888888888886 0.16666666666666666 0.3277777777777778 0.16666666666666666 0.3333333333333333 0.16111111111111112 0.35 0.16111111111111112 0.35555555555555557 0.15555555555555556 0.36666666666666664 0.15555555555555556 0.37222222222222223 0.15 0.37777777777777777 0.15
12 0.4444444444444444 0.5055555555555555 0.45555555555555555 0.5166666666666667 0.45555555555555555 0.5222222222222223 0.4666666666666667 0.5333333333333333 0.4666666666666667 0.5388888888888889 0.48333333333333334 0.5555555555555556 0.4888888888888889 0.55 0.5055555555555555 0.55 0.5111111111111111 0.5555555555555556 0.5222222222222223 0.5555555555555556 0.5277777777777778 0.5611111111111111 0.5333333333333333 0.5611111111111111 0.5388888888888889 0.5666666666666667 0.55 0.5666666666666667 0.5555555555555556 0.5722222222222222 0.5666666666666667 0.5722222222222222 0.5722222222222222 0.5777777777777777 0.5833333333333334 0.5777777777777777 0.5888888888888889 0.5833333333333334 0.5944444444444444 0.5833333333333334 0.6 0.5888888888888889 0.6111111111111112 0.5888888888888889 0.6222222222222222 0.6 0.6277777777777778 0.6 0.6333333333333333 0.6055555555555555 0.6388888888888888 0.6055555555555555 0.6444444444444445 0.6111111111111112 0.65 0.6111111111111112 0.6555555555555556 0.6166666666666667 0.6555555555555556 0.6333333333333333 0.65 0.6388888888888888 0.65 0.6444444444444445 0.6166666666666667 0.6777777777777778 0.6166666666666667 0.6833333333333333 0.6 0.7 0.6 0.7055555555555556 0.5944444444444444 0.7055555555555556 0.5888888888888889 0.7111111111111111 0.5888888888888889 0.7166666666666667 0.5777777777777777 0.7277777777777777 0.5777777777777777 0.7333333333333333 0.5555555555555556 0.7555555555555555 0.5555555555555556 0.7611111111111111 0.5444444444444444 0.7722222222222223 0.5444444444444444 0.7777777777777778 0.5333333333333333 0.7888888888888889 0.5222222222222223 0.7888888888888889 0.5111111111111111 0.7777777777777778 0.5055555555555555 0.7777777777777778 0.5 0.7722222222222223 0.49444444444444446 0.7722222222222223 0.4888888888888889 0.7666666666666667 0.4777777777777778 0.7666666666666667 0.4722222222222222 0.7611111111111111 0.4666666666666667 0.7611111111111111 0.46111111111111114 0.7555555555555555 0.45555555555555555 0.7555555555555555 0.45 0.75 0.4444444444444444 0.75 0.4388888888888889 0.7444444444444445 0.43333333333333335 0.7444444444444445 0.42777777777777776 0.7388888888888889 0.4166666666666667 0.7388888888888889 0.40555555555555556 0.7277777777777777 0.39444444444444443 0.7277777777777777 0.38333333333333336 0.7166666666666667 0.37777777777777777 0.7166666666666667 0.37222222222222223 0.7111111111111111 0.36666666666666664 0.7111111111111111 0.3611111111111111 0.7166666666666667 0.35555555555555557 0.7166666666666667 0.35555555555555557 0.7111111111111111 0.35 0.7055555555555556 0.3333333333333333 0.7222222222222222 0.3111111111111111 0.7222222222222222 0.3111111111111111 0.7111111111111111 0.3055555555555556 0.7055555555555556 0.32222222222222224 0.6888888888888889 0.31666666666666665 0.6833333333333333 0.3111111111111111 0.6833333333333333 0.3055555555555556 0.6777777777777778 0.3 0.6833333333333333 0.3055555555555556 0.6777777777777778 0.3055555555555556 0.6555555555555556 0.3 0.65 0.28888888888888886 0.65 0.2833333333333333 0.6555555555555556 0.2833333333333333 0.6611111111111111 0.28888888888888886 0.6666666666666666 0.2833333333333333 0.6722222222222223 0.2833333333333333 0.6833333333333333 0.2722222222222222 0.6833333333333333 0.26666666666666666 0.6888888888888889 0.2611111111111111 0.6833333333333333 0.25555555555555554 0.6888888888888889 0.25 0.6833333333333333 0.24444444444444444 0.6888888888888889 0.2388888888888889 0.6833333333333333 0.2388888888888889 0.6722222222222223 0.24444444444444444 0.6666666666666666 0.25 0.6666666666666666 0.25555555555555554 0.6611111111111111 0.25555555555555554 0.6555555555555556 0.2611111111111111 0.65 0.26666666666666666 0.65 0.2722222222222222 0.6555555555555556 0.2777777777777778 0.6555555555555556 0.2833333333333333 0.65 0.2777777777777778 0.6444444444444445 0.2777777777777778 0.6388888888888888 0.2722222222222222 0.6333333333333333 0.2777777777777778 0.6277777777777778 0.2833333333333333 0.6277777777777778 0.29444444444444445 0.6166666666666667 0.29444444444444445 0.6111111111111112 0.3 0.6055555555555555 0.3 0.6 0.3111111111111111 0.6 0.3277777777777778 0.5833333333333334 0.3333333333333333 0.5833333333333334 0.34444444444444444 0.5722222222222222 0.34444444444444444 0.5666666666666667 0.35 0.5666666666666667 0.35555555555555557 0.5611111111111111 0.35555555555555557 0.55 0.3888888888888889 0.5166666666666667 0.39444444444444443 0.5166666666666667 0.4 0.5111111111111111 0.40555555555555556 0.5111111111111111 0.4111111111111111 0.5055555555555555 0.4388888888888889 0.5055555555555555
12 0.6722222222222223 0.6555555555555556 0.6833333333333333 0.6666666666666666 0.6944444444444444 0.6666666666666666 0.7055555555555556 0.6777777777777778 0.7111111111111111 0.6777777777777778 0.7166666666666667 0.6833333333333333 0.7222222222222222 0.6833333333333333 0.7277777777777777 0.6888888888888889 0.7333333333333333 0.6888888888888889 0.7388888888888889 0.6944444444444444 0.7555555555555555 0.6944444444444444 0.7611111111111111 0.7 0.7666666666666667 0.7 0.7722222222222223 0.7055555555555556 0.7833333333333333 0.7055555555555556 0.7888888888888889 0.7111111111111111 0.7944444444444444 0.7111111111111111 0.8 0.7166666666666667 0.8111111111111111 0.7166666666666667 0.8166666666666667 0.7222222222222222 0.8277777777777777 0.7222222222222222 0.8333333333333334 0.7277777777777777 0.8388888888888889 0.7277777777777777 0.8444444444444444 0.7333333333333333 0.85 0.7333333333333333 0.85 0.7388888888888889 0.8444444444444444 0.7444444444444445 0.8444444444444444 0.75 0.8388888888888889 0.7555555555555555 0.8388888888888889 0.7611111111111111 0.8166666666666667 0.7833333333333333 0.8166666666666667 0.7888888888888889 0.7888888888888889 0.8166666666666667 0.7888888888888889 0.8222222222222222 0.7777777777777778 0.8333333333333334 0.7722222222222223 0.8333333333333334 0.7611111111111111 0.8444444444444444 0.7611111111111111 0.85 0.7388888888888889 0.8722222222222222 0.7222222222222222 0.8722222222222222 0.7166666666666667 0.8666666666666667 0.7111111111111111 0.8666666666666667 0.7055555555555556 0.8611111111111112 0.7 0.8611111111111112 0.6944444444444444 0.8555555555555555 0.6833333333333333 0.8555555555555555 0.6777777777777778 0.85 0.6666666666666666 0.85 0.6611111111111111 0.8444444444444444 0.65 0.8444444444444444 0.6444444444444445 0.8388888888888889 0.6388888888888888 0.8388888888888889 0.6333333333333333 0.8333333333333334 0.6277777777777778 0.8333333333333334 0.6222222222222222 0.8277777777777777 0.6166666666666667 0.8277777777777777 0.6111111111111112 0.8222222222222222 0.6 0.8222222222222222 0.5944444444444444 0.8166666666666667 0.5833333333333334 0.8166666666666667 0.5777777777777777 0.8111111111111111 0.5722222222222222 0.8111111111111111 0.5666666666666667 0.8055555555555556 0.5611111111111111 0.8055555555555556 0.5555555555555556 0.8 0.55 0.8 0.55 0.7888888888888889 0.5555555555555556 0.7833333333333333 0.5555555555555556 0.7777777777777778 0.5611111111111111 0.7722222222222223 0.5611111111111111 0.7666666666666667 0.5888888888888889 0.7388888888888889 0.5888888888888889 0.7333333333333333 0.6 0.7222222222222222 0.6 0.7166666666666667 0.6222222222222222 0.6944444444444444 0.6222222222222222 0.6888888888888889 0.6388888888888888 0.6722222222222223 0.6444444444444445 0.6722222222222223 0.6611111111111111 0.6555555555555556 0.6666666666666666 0.6555555555555556
12 0.43333333333333335 0.5 0.4388888888888889 0.5055555555555555 0.45 0.5055555555555555 0.45 0.5111111111111111 0.45555555555555555 0.5166666666666667 0.45555555555555555 0.5222222222222223 0.4722222222222222 0.5388888888888889 0.4722222222222222 0.5444444444444444 0.4777777777777778 0.55 0.4722222222222222 0.5555555555555556 0.4722222222222222 0.5611111111111111 0.43333333333333335 0.6 0.43333333333333335 0.6111111111111112 0.42777777777777776 0.6111111111111112 0.40555555555555556 0.6333333333333333 0.4 0.6333333333333333 0.3888888888888889 0.6444444444444445 0.3888888888888889 0.65 0.3611111111111111 0.6777777777777778 0.3611111111111111 0.7 0.34444444444444444 0.7166666666666667 0.3388888888888889 0.7166666666666667 0.3333333333333333 0.7222222222222222 0.3 0.7222222222222222 0.29444444444444445 0.7166666666666667 0.2777777777777778 0.7166666666666667 0.2722222222222222 0.7111111111111111 0.2611111111111111 0.7111111111111111 0.25555555555555554 0.7055555555555556 0.25 0.7055555555555556 0.24444444444444444 0.7 0.2388888888888889 0.7 0.22777777777777777 0.6888888888888889 0.22777777777777777 0.6777777777777778 0.2388888888888889 0.6666666666666666 0.2388888888888889 0.6611111111111111 0.2833333333333333 0.6166666666666667 0.2833333333333333 0.6111111111111112 0.28888888888888886 0.6055555555555555 0.28888888888888886 0.6 0.3111111111111111 0.5777777777777777 0.3111111111111111 0.5722222222222222 0.31666666666666665 0.5666666666666667 0.31666666666666665 0.5611111111111111 0.32222222222222224 0.5611111111111111 0.34444444444444444 0.5388888888888889 0.35 0.5388888888888889 0.36666666666666664 0.5222222222222223 0.37222222222222223 0.5222222222222223 0.37777777777777777 0.5166666666666667 0.3888888888888889 0.5166666666666667 0.39444444444444443 0.5111111111111111 0.40555555555555556 0.5111111111111111 0.4111111111111111 0.5055555555555555 0.42777777777777776 0.5055555555555555
12 0.7333333333333333 0.4444444444444444 0.7388888888888889 0.45 0.7444444444444445 0.45 0.75 0.45555555555555555 0.75 0.4666666666666667 0.7555555555555555 0.4722222222222222 0.7555555555555555 0.4777777777777778 0.7777777777777778 0.5 0.7777777777777778 0.5111111111111111 0.7722222222222223 0.5166666666666667 0.7722222222222223 0.5222222222222223 0.7666666666666667 0.5222222222222223 0.7611111111111111 0.5277777777777778 0.7555555555555555 0.5277777777777778 0.7444444444444445 0.5388888888888889 0.7388888888888889 0.5388888888888889 0.7333333333333333 0.5444444444444444 0.7277777777777777 0.5444444444444444 0.7222222222222222 0.55 0.7166666666666667 0.55 0.7111111111111111 0.5555555555555556 0.7055555555555556 0.5555555555555556 0.7 0.5611111111111111 0.6944444444444444 0.5611111111111111 0.6888888888888889 0.5666666666666667 0.6833333333333333 0.5666666666666667 0.6777777777777778 0.5722222222222222 0.6611111111111111 0.5722222222222222 0.65 0.5611111111111111 0.6444444444444445 0.5611111111111111 0.6222222222222222 0.5388888888888889 0.6166666666666667 0.5388888888888889 0.5944444444444444 0.5166666666666667 0.5888888888888889 0.5166666666666667 0.5833333333333334 0.5111111111111111 0.5833333333333334 0.4888888888888889 0.6 0.4722222222222222 0.6055555555555555 0.4722222222222222 0.6166666666666667 0.46111111111111114 0.6222222222222222 0.46111111111111114 0.6277777777777778 0.45555555555555555 0.6333333333333333 0.45555555555555555 0.6388888888888888 0.45 0.65 0.45 0.6555555555555556 0.4444444444444444 0.6666666666666666 0.4444444444444444 0.6722222222222223 0.4388888888888889 0.7222222222222222 0.4388888888888889 0.7277777777777777 0.4444444444444444
12 0.39444444444444443 0.7277777777777777 0.4 0.7333333333333333 0.40555555555555556 0.7333333333333333 0.4111111111111111 0.7388888888888889 0.4166666666666667 0.7388888888888889 0.4222222222222222 0.7444444444444445 0.43333333333333335 0.7444444444444445 0.4388888888888889 0.75 0.4444444444444444 0.75 0.45555555555555555 0.7611111111111111 0.4666666666666667 0.7611111111111111 0.4722222222222222 0.7666666666666667 0.48333333333333334 0.7666666666666667 0.4888888888888889 0.7722222222222223 0.49444444444444446 0.7722222222222223 0.5 0.7777777777777778 0.5055555555555555 0.7777777777777778 0.5111111111111111 0.7833333333333333 0.5166666666666667 0.7833333333333333 0.5222222222222223 0.7888888888888889 0.5277777777777778 0.7888888888888889 0.5277777777777778 0.8055555555555556 0.5222222222222223 0.8055555555555556 0.5166666666666667 0.8111111111111111 0.49444444444444446 0.8111111111111111 0.4888888888888889 0.8055555555555556 0.4777777777777778 0.8055555555555556 0.4722222222222222 0.8 0.4666666666666667 0.8 0.45555555555555555 0.7888888888888889 0.4444444444444444 0.7888888888888889 0.4388888888888889 0.7833333333333333 0.43333333333333335 0.7833333333333333 0.42777777777777776 0.7777777777777778 0.4166666666666667 0.7777777777777778 0.4111111111111111 0.7722222222222223 0.40555555555555556 0.7722222222222223 0.4 0.7666666666666667 0.3888888888888889 0.7666666666666667 0.38333333333333336 0.7611111111111111 0.37777777777777777 0.7611111111111111 0.37222222222222223 0.7555555555555555 0.36666666666666664 0.7555555555555555 0.3611111111111111 0.75 0.35555555555555557 0.75 0.35 0.7444444444444445 0.35 0.7333333333333333 0.35555555555555557 0.7277777777777777 0.35555555555555557 0.7222222222222222 0.3611111111111111 0.7166666666666667 0.37777777777777777 0.7166666666666667 0.3888888888888889 0.7277777777777777
12 0.9333333333333333 0.6 0.95 0.6166666666666667 0.95 0.6277777777777778 0.9222222222222223 0.6555555555555556 0.9166666666666666 0.6555555555555556 0.9111111111111111 0.6611111111111111 0.9055555555555556 0.6611111111111111 0.9 0.6666666666666666 0.8944444444444445 0.6666666666666666 0.8888888888888888 0.6722222222222223 0.8777777777777778 0.6722222222222223 0.8722222222222222 0.6666666666666666 0.8666666666666667 0.6666666666666666 0.8555555555555555 0.6555555555555556 0.8555555555555555 0.6444444444444445 0.8722222222222222 0.6277777777777778 0.8777777777777778 0.6277777777777778 0.9 0.6055555555555555 0.9055555555555556 0.6055555555555555 0.9111111111111111 0.6 0.9277777777777778 0.6
12 0.3 0.46111111111111114 0.32222222222222224 0.48333333333333334 0.32222222222222224 0.4888888888888889 0.3277777777777778 0.49444444444444446 0.3277777777777778 0.5111111111111111 0.3055555555555556 0.5333333333333333 0.3 0.5333333333333333 0.28888888888888886 0.5444444444444444 0.28888888888888886 0.55 0.2833333333333333 0.55 0.2777777777777778 0.5555555555555556 0.2777777777777778 0.5611111111111111 0.2722222222222222 0.5611111111111111 0.26666666666666666 0.5666666666666667 0.26666666666666666 0.5722222222222222 0.25 0.5888888888888889 0.25 0.5944444444444444 0.23333333333333334 0.6111111111111112 0.22777777777777777 0.6111111111111112 0.2222222222222222 0.6166666666666667 0.2222222222222222 0.6222222222222222 0.21666666666666667 0.6222222222222222 0.2 0.6388888888888888 0.19444444444444445 0.6388888888888888 0.18888888888888888 0.6444444444444445 0.17777777777777778 0.6444444444444445 0.17222222222222222 0.6388888888888888 0.16111111111111112 0.6388888888888888 0.14444444444444443 0.6222222222222222 0.1388888888888889 0.6222222222222222 0.13333333333333333 0.6166666666666667 0.13333333333333333 0.6055555555555555 0.1388888888888889 0.6 0.1388888888888889 0.5944444444444444 0.2722222222222222 0.46111111111111114 0.2777777777777778 0.46111111111111114 0.2833333333333333 0.45555555555555555 0.28888888888888886 0.45555555555555555 0.29444444444444445 0.46111111111111114
12 0.7611111111111111 0.29444444444444445 0.7666666666666667 0.3 0.7722222222222223 0.3 0.7777777777777778 0.3055555555555556 0.7833333333333333 0.3055555555555556 0.7888888888888889 0.3111111111111111 0.7944444444444444 0.3111111111111111 0.8 0.31666666666666665 0.8111111111111111 0.31666666666666665 0.8166666666666667 0.32222222222222224 0.8222222222222222 0.32222222222222224 0.8333333333333334 0.3333333333333333 0.8388888888888889 0.3333333333333333 0.8444444444444444 0.3388888888888889 0.85 0.3388888888888889 0.8555555555555555 0.34444444444444444 0.8611111111111112 0.34444444444444444 0.8666666666666667 0.35 0.8722222222222222 0.35 0.8833333333333333 0.3611111111111111 0.8888888888888888 0.3611111111111111 0.8944444444444445 0.36666666666666664 0.9 0.36666666666666664 0.9333333333333333 0.4 0.9333333333333333 0.42777777777777776 0.9111111111111111 0.45 0.9055555555555556 0.45 0.9 0.45555555555555555 0.8777777777777778 0.45555555555555555 0.8722222222222222 0.45 0.8611111111111112 0.45 0.8555555555555555 0.4444444444444444 0.85 0.4444444444444444 0.8444444444444444 0.4388888888888889 0.8333333333333334 0.4388888888888889 0.8277777777777777 0.43333333333333335 0.8222222222222222 0.43333333333333335 0.8166666666666667 0.42777777777777776 0.8055555555555556 0.42777777777777776 0.8 0.4222222222222222 0.7944444444444444 0.4222222222222222 0.7888888888888889 0.4166666666666667 0.7833333333333333 0.4166666666666667 0.7777777777777778 0.4111111111111111 0.7722222222222223 0.4111111111111111 0.7666666666666667 0.40555555555555556 0.7611111111111111 0.40555555555555556 0.7555555555555555 0.4 0.75 0.4 0.7444444444444445 0.39444444444444443 0.7333333333333333 0.39444444444444443 0.7277777777777777 0.3888888888888889 0.7222222222222222 0.3888888888888889 0.7166666666666667 0.38333333333333336 0.7111111111111111 0.38333333333333336 0.7055555555555556 0.37777777777777777 0.7 0.37777777777777777 0.6944444444444444 0.37222222222222223 0.6833333333333333 0.37222222222222223 0.6722222222222223 0.3611111111111111 0.6666666666666666 0.3611111111111111 0.6611111111111111 0.35555555555555557 0.6555555555555556 0.35555555555555557 0.65 0.35 0.65 0.3388888888888889 0.6555555555555556 0.3333333333333333 0.6611111111111111 0.3333333333333333 0.6666666666666666 0.3277777777777778 0.6722222222222223 0.3277777777777778 0.6777777777777778 0.32222222222222224 0.6888888888888889 0.32222222222222224 0.6944444444444444 0.31666666666666665 0.7 0.31666666666666665 0.7222222222222222 0.29444444444444445 0.7277777777777777 0.29444444444444445 0.7333333333333333 0.28888888888888886 0.75 0.28888888888888886 0.7555555555555555 0.29444444444444445
12 0.7722222222222223 0.3 0.7777777777777778 0.3055555555555556 0.7833333333333333 0.3055555555555556 0.7888888888888889 0.3111111111111111 0.7944444444444444 0.3111111111111111 0.8 0.31666666666666665 0.8111111111111111 0.31666666666666665 0.8166666666666667 0.32222222222222224 0.8222222222222222 0.32222222222222224 0.8388888888888889 0.3388888888888889 0.8444444444444444 0.3388888888888889 0.85 0.34444444444444444 0.8555555555555555 0.34444444444444444 0.8611111111111112 0.35 0.8666666666666667 0.35 0.8722222222222222 0.35555555555555557 0.8777777777777778 0.35555555555555557 0.8833333333333333 0.3611111111111111 0.8888888888888888 0.3611111111111111 0.9111111111111111 0.38333333333333336 0.9111111111111111 0.39444444444444443 0.9055555555555556 0.4 0.9055555555555556 0.4222222222222222 0.8944444444444445 0.43333333333333335 0.8777777777777778 0.43333333333333335 0.8722222222222222 0.4388888888888889 0.8666666666666667 0.4388888888888889 0.8611111111111112 0.43333333333333335 0.8555555555555555 0.43333333333333335 0.8444444444444444 0.4222222222222222 0.8388888888888889 0.4222222222222222 0.8333333333333334 0.4166666666666667 0.8277777777777777 0.4166666666666667 0.8222222222222222 0.4111111111111111 0.8166666666666667 0.4111111111111111 0.8111111111111111 0.40555555555555556 0.8055555555555556 0.40555555555555556 0.8 0.4 0.7944444444444444 0.4 0.7888888888888889 0.39444444444444443 0.7833333333333333 0.39444444444444443 0.7777777777777778 0.3888888888888889 0.7722222222222223 0.3888888888888889 0.7666666666666667 0.38333333333333336 0.7611111111111111 0.38333333333333336 0.7555555555555555 0.37777777777777777 0.75 0.37777777777777777 0.7444444444444445 0.37222222222222223 0.7388888888888889 0.37222222222222223 0.7166666666666667 0.35 0.7166666666666667 0.34444444444444444 0.7222222222222222 0.3388888888888889 0.7222222222222222 0.3333333333333333 0.7277777777777777 0.3277777777777778 0.7277777777777777 0.32222222222222224 0.7333333333333333 0.31666666666666665 0.7333333333333333 0.3111111111111111 0.7388888888888889 0.3111111111111111 0.75 0.3 0.7666666666666667 0.3
12 0.2388888888888889 0.45 0.24444444444444444 0.45555555555555555 0.25 0.45555555555555555 0.25555555555555554 0.46111111111111114 0.2777777777777778 0.46111111111111114 0.2833333333333333 0.45555555555555555 0.28888888888888886 0.45555555555555555 0.29444444444444445 0.46111111111111114 0.3 0.46111111111111114 0.31666666666666665 0.4777777777777778 0.31666666666666665 0.48333333333333334 0.3277777777777778 0.49444444444444446 0.3388888888888889 0.49444444444444446 0.34444444444444444 0.5 0.35 0.5 0.35555555555555557 0.5055555555555555 0.36666666666666664 0.5055555555555555 0.37222222222222223 0.5111111111111111 0.40555555555555556 0.5111111111111111 0.4111111111111111 0.5055555555555555 0.4222222222222222 0.5055555555555555 0.42777777777777776 0.5 0.43333333333333335 0.5 0.4388888888888889 0.5055555555555555 0.45 0.5055555555555555 0.45 0.5111111111111111 0.46111111111111114 0.5222222222222223 0.46111111111111114 0.5277777777777778 0.48333333333333334 0.55 0.5111111111111111 0.55 0.5166666666666667 0.5555555555555556 0.5277777777777778 0.5555555555555556 0.5333333333333333 0.5611111111111111 0.5388888888888889 0.5611111111111111 0.5444444444444444 0.5666666666666667 0.5555555555555556 0.5666666666666667 0.5611111111111111 0.5722222222222222 0.5722222222222222 0.5722222222222222 0.5777777777777777 0.5777777777777777 0.5888888888888889 0.5777777777777777 0.5944444444444444 0.5833333333333334 0.6 0.5833333333333334 0.6055555555555555 0.5888888888888889 0.6111111111111112 0.5888888888888889 0.6166666666666667 0.5944444444444444 0.6222222222222222 0.5944444444444444 0.6277777777777778 0.6 0.6333333333333333 0.6 0.6388888888888888 0.6055555555555555 0.6444444444444445 0.6055555555555555 0.65 0.6111111111111112 0.6555555555555556 0.6111111111111112 0.6555555555555556 0.6166666666666667 0.6611111111111111 0.6222222222222222 0.6611111111111111 0.6333333333333333 0.6555555555555556 0.6388888888888888 0.6555555555555556 0.6444444444444445 0.6777777777777778 0.6666666666666666 0.6888888888888889 0.6666666666666666 0.6944444444444444 0.6722222222222223 0.7 0.6722222222222223 0.7111111111111111 0.6833333333333333 0.7166666666666667 0.6833333333333333 0.7222222222222222 0.6888888888888889 0.7277777777777777 0.6888888888888889 0.7333333333333333 0.6944444444444444 0.7444444444444445 0.6944444444444444 0.75 0.7 0.7611111111111111 0.7 0.7666666666666667 0.7055555555555556 0.7777777777777778 0.7055555555555556 0.7833333333333333 0.7111111111111111 0.7944444444444444 0.7111111111111111 0.8 0.7166666666666667 0.8055555555555556 0.7166666666666667 0.8111111111111111 0.7222222222222222 0.8222222222222222 0.7222222222222222 0.8277777777777777 0.7277777777777777 0.8388888888888889 0.7277777777777777 0.8444444444444444 0.7333333333333333 0.8444444444444444 0.7444444444444445 0.8388888888888889 0.75 0.8388888888888889 0.7555555555555555 0.8333333333333334 0.7611111111111111 0.8333333333333334 0.7666666666666667 0.8111111111111111 0.7888888888888889 0.8111111111111111 0.7944444444444444 0.8055555555555556 0.7944444444444444 0.7944444444444444 0.8055555555555556 0.7944444444444444 0.8111111111111111 0.7444444444444445 0.8611111111111112 0.7444444444444445 0.8666666666666667 0.7388888888888889 0.8666666666666667 0.7333333333333333 0.8722222222222222 0.7277777777777777 0.8722222222222222 0.7222222222222222 0.8666666666666667 0.7111111111111111 0.8666666666666667 0.7055555555555556 0.8611111111111112 0.7 0.8611111111111112 0.6944444444444444 0.8555555555555555 0.6888888888888889 0.8555555555555555 0.6833333333333333 0.85 0.6666666666666666 0.85 0.6611111111111111 0.8444444444444444 0.6555555555555556 0.8444444444444444 0.65 0.8388888888888889 0.6388888888888888 0.8388888888888889 0.6333333333333333 0.8333333333333334 0.6277777777777778 0.8333333333333334 0.6222222222222222 0.8277777777777777 0.6166666666666667 0.8277777777777777 0.6111111111111112 0.8222222222222222 0.6 0.8222222222222222 0.5944444444444444 0.8166666666666667 0.5833333333333334 0.8166666666666667 0.5777777777777777 0.8111111111111111 0.5722222222222222 0.8111111111111111 0.5666666666666667 0.8055555555555556 0.5611111111111111 0.8055555555555556 0.5555555555555556 0.8 0.55 0.8 0.5444444444444444 0.7944444444444444 0.5333333333333333 0.7944444444444444 0.5166666666666667 0.8111111111111111 0.49444444444444446 0.8111111111111111 0.4888888888888889 0.8055555555555556 0.48333333333333334 0.8055555555555556 0.4777777777777778 0.8 0.4722222222222222 0.8 0.4666666666666667 0.7944444444444444 0.46111111111111114 0.7944444444444444 0.45555555555555555 0.7888888888888889 0.45 0.7888888888888889 0.4444444444444444 0.7833333333333333 0.4388888888888889 0.7833333333333333 0.43333333333333335 0.7777777777777778 0.4222222222222222 0.7777777777777778 0.4166666666666667 0.7722222222222223 0.40555555555555556 0.7722222222222223 0.4 0.7666666666666667 0.39444444444444443 0.7666666666666667 0.3888888888888889 0.7611111111111111 0.37777777777777777 0.7611111111111111 0.37222222222222223 0.7555555555555555 0.36666666666666664 0.7555555555555555 0.3611111111111111 0.75 0.35555555555555557 0.75 0.35 0.7444444444444445 0.3388888888888889 0.7444444444444445 0.3333333333333333 0.7388888888888889 0.32222222222222224 0.7388888888888889 0.31666666666666665 0.7333333333333333 0.3111111111111111 0.7333333333333333 0.3055555555555556 0.7277777777777777 0.3 0.7277777777777777 0.29444444444444445 0.7222222222222222 0.28888888888888886 0.7222222222222222 0.2833333333333333 0.7166666666666667 0.2722222222222222 0.7166666666666667 0.26666666666666666 0.7111111111111111 0.25555555555555554 0.7111111111111111 0.25 0.7055555555555556 0.24444444444444444 0.7055555555555556 0.2388888888888889 0.7 0.22777777777777777 0.7 0.2222222222222222 0.6944444444444444 0.21666666666666667 0.6944444444444444 0.2111111111111111 0.6888888888888889 0.2 0.6888888888888889 0.19444444444444445 0.6833333333333333 0.18333333333333332 0.6833333333333333 0.17777777777777778 0.6777777777777778 0.16111111111111112 0.6777777777777778 0.15555555555555556 0.6722222222222223 0.14444444444444443 0.6722222222222223 0.1388888888888889 0.6666666666666666 0.12777777777777777 0.6666666666666666 0.12222222222222222 0.6611111111111111 0.11666666666666667 0.6611111111111111 0.1111111111111111 0.6555555555555556 0.10555555555555556 0.6555555555555556 0.1 0.65 0.09444444444444444 0.65 0.08888888888888889 0.6444444444444445 0.08333333333333333 0.6444444444444445 0.06666666666666667 0.6277777777777778 0.06111111111111111 0.6277777777777778 0.044444444444444446 0.6111111111111112 0.044444444444444446 0.6055555555555555 0.06111111111111111 0.5888888888888889 0.06666666666666667 0.5888888888888889 0.12222222222222222 0.5333333333333333 0.12777777777777777 0.5333333333333333 0.2111111111111111 0.45 0.21666666666666667 0.45 0.2222222222222222 0.4444444444444444 0.22777777777777777 0.4444444444444444 0.23333333333333334 0.45
12 0.6833333333333333 0.6611111111111111 0.6888888888888889 0.6666666666666666 0.6944444444444444 0.6666666666666666 0.7 0.6722222222222223 0.7055555555555556 0.6722222222222223 0.7166666666666667 0.6833333333333333 0.7222222222222222 0.6833333333333333 0.7277777777777777 0.6888888888888889 0.7388888888888889 0.6888888888888889 0.7444444444444445 0.6944444444444444 0.7555555555555555 0.6944444444444444 0.7611111111111111 0.7 0.7722222222222223 0.7 0.7777777777777778 0.7055555555555556 0.7833333333333333 0.7055555555555556 0.7888888888888889 0.7111111111111111 0.8 0.7111111111111111 0.8055555555555556 0.7166666666666667 0.8111111111111111 0.7166666666666667 0.8166666666666667 0.7222222222222222 0.8333333333333334 0.7222222222222222 0.8388888888888889 0.7277777777777777 0.8444444444444444 0.7277777777777777 0.85 0.7333333333333333 0.85 0.7444444444444445 0.8388888888888889 0.7555555555555555 0.8388888888888889 0.7611111111111111 0.8333333333333334 0.7666666666666667 0.8333333333333334 0.7722222222222223 0.8055555555555556 0.8 0.8055555555555556 0.8055555555555556 0.7444444444444445 0.8666666666666667 0.7444444444444445 0.8722222222222222 0.7166666666666667 0.8722222222222222 0.7111111111111111 0.8666666666666667 0.7055555555555556 0.8666666666666667 0.7 0.8611111111111112 0.6944444444444444 0.8611111111111112 0.6888888888888889 0.8555555555555555 0.6777777777777778 0.8555555555555555 0.6722222222222223 0.85 0.6611111111111111 0.85 0.6555555555555556 0.8444444444444444 0.65 0.8444444444444444 0.6444444444444445 0.8388888888888889 0.6333333333333333 0.8388888888888889 0.6277777777777778 0.8333333333333334 0.6222222222222222 0.8333333333333334 0.6166666666666667 0.8277777777777777 0.6055555555555555 0.8277777777777777 0.6 0.8222222222222222 0.5888888888888889 0.8222222222222222 0.5833333333333334 0.8166666666666667 0.5777777777777777 0.8166666666666667 0.5722222222222222 0.8111111111111111 0.5666666666666667 0.8111111111111111 0.5611111111111111 0.8055555555555556 0.5555555555555556 0.8055555555555556 0.55 0.8 0.5444444444444444 0.8 0.5388888888888889 0.7944444444444444 0.55 0.7833333333333333 0.55 0.7777777777777778 0.5555555555555556 0.7722222222222223 0.5555555555555556 0.7666666666666667 0.5777777777777777 0.7444444444444445 0.5777777777777777 0.7388888888888889 0.5888888888888889 0.7277777777777777 0.5888888888888889 0.7222222222222222 0.6166666666666667 0.6944444444444444 0.6166666666666667 0.6888888888888889 0.6388888888888888 0.6666666666666666 0.6444444444444445 0.6666666666666666 0.6611111111111111 0.65 0.6666666666666666 0.65 0.6777777777777778 0.6611111111111111
12 0.4388888888888889 0.11666666666666667 0.4388888888888889 0.13333333333333333 0.4444444444444444 0.1388888888888889 0.4444444444444444 0.15555555555555556 0.45 0.16111111111111112 0.45 0.17777777777777778 0.45555555555555555 0.18333333333333332 0.45555555555555555 0.2 0.46111111111111114 0.20555555555555555 0.46111111111111114 0.2222222222222222 0.4666666666666667 0.22777777777777777 0.4666666666666667 0.2722222222222222 0.4722222222222222 0.2777777777777778 0.4722222222222222 0.28888888888888886 0.4666666666666667 0.29444444444444445 0.4666666666666667 0.3055555555555556 0.46111111111111114 0.3111111111111111 0.45 0.3111111111111111 0.4444444444444444 0.31666666666666665 0.43333333333333335 0.31666666666666665 0.42777777777777776 0.32222222222222224 0.4166666666666667 0.32222222222222224 0.4111111111111111 0.3277777777777778 0.3888888888888889 0.3277777777777778 0.38333333333333336 0.3333333333333333 0.3277777777777778 0.3333333333333333 0.32222222222222224 0.3388888888888889 0.3111111111111111 0.3388888888888889 0.3055555555555556 0.3333333333333333 0.28888888888888886 0.3333333333333333 0.2833333333333333 0.3388888888888889 0.2611111111111111 0.3388888888888889 0.25555555555555554 0.34444444444444444 0.2388888888888889 0.34444444444444444 0.23333333333333334 0.35 0.2 0.35 0.19444444444444445 0.35555555555555557 0.17777777777777778 0.35555555555555557 0.17222222222222222 0.3611111111111111 0.17222222222222222 0.42777777777777776 0.16666666666666666 0.43333333333333335 0.16666666666666666 0.4388888888888889 0.16111111111111112 0.4388888888888889 0.15555555555555556 0.4444444444444444 0.15 0.4444444444444444 0.14444444444444443 0.45 0.12777777777777777 0.45 0.12222222222222222 0.45555555555555555 0.09444444444444444 0.45555555555555555 0.08888888888888889 0.45 0.07222222222222222 0.45 0.06111111111111111 0.4388888888888889 0.05555555555555555 0.4388888888888889 0.05 0.43333333333333335 0.05 0.28888888888888886 0.044444444444444446 0.2833333333333333 0.044444444444444446 0.22777777777777777 0.06111111111111111 0.2111111111111111 0.07222222222222222 0.2111111111111111 0.07777777777777778 0.20555555555555555 0.10555555555555556 0.20555555555555555 0.1111111111111111 0.2 0.12777777777777777 0.2 0.13333333333333333 0.19444444444444445 0.15 0.19444444444444445 0.15555555555555556 0.18888888888888888 0.17777777777777778 0.18888888888888888 0.18333333333333332 0.18333333333333332 0.2 0.18333333333333332 0.20555555555555555 0.17777777777777778 0.2222222222222222 0.17777777777777778 0.22777777777777777 0.17222222222222222 0.24444444444444444 0.17222222222222222 0.25 0.16666666666666666 0.26666666666666666 0.16666666666666666 0.2722222222222222 0.16111111111111112 0.3333333333333333 0.16111111111111112 0.3388888888888889 0.15555555555555556 0.35 0.15555555555555556 0.35555555555555557 0.15 0.3611111111111111 0.15 0.37222222222222223 0.1388888888888889 0.37222222222222223 0.13333333333333333 0.38333333333333336 0.12222222222222222 0.3888888888888889 0.12222222222222222 0.39444444444444443 0.11666666666666667 0.43333333333333335 0.11666666666666667
12 0.5222222222222223 0.3333333333333333 0.5333333333333333 0.34444444444444444 0.5388888888888889 0.34444444444444444 0.55 0.35555555555555557 0.5555555555555556 0.35555555555555557 0.5611111111111111 0.3611111111111111 0.5666666666666667 0.3611111111111111 0.5888888888888889 0.38333333333333336 0.5944444444444444 0.38333333333333336 0.6055555555555555 0.39444444444444443 0.6111111111111112 0.39444444444444443 0.6166666666666667 0.4 0.6166666666666667 0.40555555555555556 0.6111111111111112 0.4111111111111111 0.6055555555555555 0.4111111111111111 0.6 0.4166666666666667 0.5944444444444444 0.4166666666666667 0.5888888888888889 0.4222222222222222 0.5833333333333334 0.4222222222222222 0.5777777777777777 0.42777777777777776 0.5722222222222222 0.42777777777777776 0.5666666666666667 0.43333333333333335 0.5611111111111111 0.43333333333333335 0.5555555555555556 0.4388888888888889 0.55 0.4388888888888889 0.5444444444444444 0.4444444444444444 0.5388888888888889 0.4444444444444444 0.5277777777777778 0.45555555555555555 0.5222222222222223 0.45555555555555555 0.5166666666666667 0.46111111111111114 0.5111111111111111 0.46111111111111114 0.5055555555555555 0.4666666666666667 0.5 0.4666666666666667 0.4888888888888889 0.4777777777777778 0.48333333333333334 0.4777777777777778 0.4777777777777778 0.48333333333333334 0.4722222222222222 0.48333333333333334 0.4666666666666667 0.4888888888888889 0.4444444444444444 0.4888888888888889 0.42777777777777776 0.4722222222222222 0.4222222222222222 0.4722222222222222 0.4111111111111111 0.46111111111111114 0.40555555555555556 0.46111111111111114 0.3888888888888889 0.4444444444444444 0.38333333333333336 0.4444444444444444 0.37777777777777777 0.4388888888888889 0.37222222222222223 0.4388888888888889 0.35555555555555557 0.4222222222222222 0.35 0.4222222222222222 0.35 0.4166666666666667 0.34444444444444444 0.4111111111111111 0.34444444444444444 0.40555555555555556 0.35 0.4 0.35 0.39444444444444443 0.35555555555555557 0.3888888888888889 0.3611111111111111 0.3888888888888889 0.36666666666666664 0.38333333333333336 0.3888888888888889 0.38333333333333336 0.39444444444444443 0.37777777777777777 0.40555555555555556 0.37777777777777777 0.4111111111111111 0.37222222222222223 0.4166666666666667 0.37222222222222223 0.4222222222222222 0.36666666666666664 0.42777777777777776 0.36666666666666664 0.43333333333333335 0.3611111111111111 0.4388888888888889 0.3611111111111111 0.45 0.35 0.45555555555555555 0.35 0.46111111111111114 0.34444444444444444 0.4722222222222222 0.34444444444444444 0.4777777777777778 0.3388888888888889 0.48333333333333334 0.3388888888888889 0.4888888888888889 0.3333333333333333 0.5166666666666667 0.3333333333333333