12 0.525 0.06111111111111111 0.5416666666666666 0.08333333333333333 0.5416666666666666 0.08888888888888889 0.5458333333333333 0.09444444444444444 0.5458333333333333 0.1 0.55 0.10555555555555556 0.55 0.1111111111111111 0.5541666666666667 0.11666666666666667 0.5541666666666667 0.12222222222222222 0.5583333333333333 0.12777777777777777 0.5583333333333333 0.13333333333333333 0.5625 0.1388888888888889 0.5625 0.14444444444444443 0.5666666666666667 0.15 0.5666666666666667 0.15555555555555556 0.575 0.17222222222222222 0.575 0.17777777777777778 0.5833333333333334 0.18888888888888888 0.5833333333333334 0.19444444444444445 0.5916666666666667 0.2111111111111111 0.5916666666666667 0.2222222222222222 0.6 0.23333333333333334 0.6 0.2388888888888889 0.6041666666666666 0.24444444444444444 0.6041666666666666 0.25555555555555554 0.6083333333333333 0.2611111111111111 0.6083333333333333 0.26666666666666666 0.6041666666666666 0.2722222222222222 0.6041666666666666 0.2833333333333333 0.5916666666666667 0.3 0.575 0.3 0.5708333333333333 0.29444444444444445 0.5708333333333333 0.28888888888888886 0.5666666666666667 0.2833333333333333 0.5666666666666667 0.2777777777777778 0.5625 0.2722222222222222 0.5625 0.26666666666666666 0.5583333333333333 0.2611111111111111 0.5583333333333333 0.25555555555555554 0.55 0.2388888888888889 0.55 0.22777777777777777 0.5458333333333333 0.2222222222222222 0.5458333333333333 0.21666666666666667 0.5375 0.20555555555555555 0.5375 0.19444444444444445 0.5333333333333333 0.18888888888888888 0.5333333333333333 0.18333333333333332 0.5291666666666667 0.17777777777777778 0.5291666666666667 0.17222222222222222 0.5208333333333334 0.16111111111111112 0.5208333333333334 0.15555555555555556 0.5166666666666667 0.15 0.5166666666666667 0.1388888888888889 0.5083333333333333 0.12777777777777777 0.5083333333333333 0.11666666666666667 0.5 0.1 0.5 0.05 0.5041666666666667 0.044444444444444446 0.5083333333333333 0.044444444444444446 0.5208333333333334 0.06111111111111111
12 0.0375 0.05555555555555555 0.05 0.05555555555555555 0.05416666666666667 0.06111111111111111 0.0625 0.06111111111111111 0.06666666666666667 0.06666666666666667 0.07083333333333333 0.06666666666666667 0.0875 0.08888888888888889 0.0875 0.1111111111111111 0.07916666666666666 0.12222222222222222 0.07916666666666666 0.12777777777777777 0.06666666666666667 0.14444444444444443 0.06666666666666667 0.15 0.041666666666666664 0.18333333333333332 0.041666666666666664 0.18888888888888888 0.0375 0.19444444444444445 0.0375 0.20555555555555555 0.03333333333333333 0.2111111111111111 0.03333333333333333 0.21666666666666667 0.0375 0.2222222222222222 0.0375 0.22777777777777777 0.03333333333333333 0.23333333333333334 0.03333333333333333 0.25 0.0375 0.25555555555555554 0.0375 0.26666666666666666 0.041666666666666664 0.2722222222222222 0.041666666666666664 0.2833333333333333 0.04583333333333333 0.28888888888888886 0.04583333333333333 0.29444444444444445 0.05 0.3 0.05 0.3055555555555556 0.058333333333333334 0.32222222222222224 0.058333333333333334 0.34444444444444444 0.020833333333333332 0.34444444444444444 0.016666666666666666 0.35 0.008333333333333333 0.35 0.004166666666666667 0.35555555555555557 0 0.35555555555555557 0 0.11666666666666667 0.0125 0.1 0.0125 0.09444444444444444 0.029166666666666667 0.07222222222222222 0.03333333333333333 0.07222222222222222 0.0375 0.06666666666666667 0.0375 0.06111111111111111
12 0.7791666666666667 0.005555555555555556 0.7875 0.016666666666666666 0.7875 0.022222222222222223 0.7916666666666666 0.027777777777777776 0.7916666666666666 0.03333333333333333 0.7958333333333333 0.03888888888888889 0.7916666666666666 0.044444444444444446 0.7958333333333333 0.05 0.7958333333333333 0.05555555555555555 0.8041666666666667 0.06666666666666667 0.8041666666666667 0.07777777777777778 0.8166666666666667 0.09444444444444444 0.8125 0.1 0.8166666666666667 0.10555555555555556 0.8166666666666667 0.1111111111111111 0.8125 0.11666666666666667 0.8 0.11666666666666667 0.7916666666666666 0.10555555555555556 0.7875 0.10555555555555556 0.7833333333333333 0.1 0.7791666666666667 0.1 0.7708333333333334 0.08888888888888889 0.7666666666666667 0.08888888888888889 0.7541666666666667 0.07222222222222222 0.7541666666666667 0.06666666666666667 0.7416666666666667 0.05 0.7416666666666667 0.03888888888888889 0.7375 0.03333333333333333 0.7375 0.005555555555555556 0.7416666666666667 0 0.7708333333333334 0 0.775 0.005555555555555556
12 0.95 0.2388888888888889 0.9583333333333334 0.2388888888888889 0.9625 0.23333333333333334 0.9916666666666667 0.23333333333333334 0.9958333333333333 0.2388888888888889 0.9958333333333333 0.2611111111111111 0.9708333333333333 0.2611111111111111 0.9666666666666667 0.25555555555555554 0.9583333333333334 0.25555555555555554 0.95 0.24444444444444444
12 0.058333333333333334 0 0.0625 0 0.05 0.016666666666666666 0.05 0.022222222222222223 0.04583333333333333 0.027777777777777776 0.04583333333333333 0.03888888888888889 0.041666666666666664 0.03888888888888889 0.0375 0.044444444444444446 0.029166666666666667 0.03333333333333333 0.029166666666666667 0.005555555555555556 0.03333333333333333 0 0.05416666666666667 0
12 0.2375 0 0.2791666666666667 0 0.2791666666666667 0.027777777777777776 0.275 0.03333333333333333 0.275 0.05555555555555555 0.26666666666666666 0.06666666666666667 0.26666666666666666 0.08333333333333333 0.2625 0.08888888888888889 0.2625 0.09444444444444444 0.25833333333333336 0.1 0.25416666666666665 0.1 0.24583333333333332 0.1111111111111111 0.2375 0.1111111111111111 0.22916666666666666 0.1 0.22916666666666666 0.09444444444444444 0.225 0.08888888888888889 0.225 0.07777777777777778 0.22916666666666666 0.07222222222222222 0.225 0.06666666666666667 0.225 0.05 0.22916666666666666 0.044444444444444446 0.22916666666666666 0.03333333333333333 0.2375 0.022222222222222223 0.2375 0.005555555555555556
12 0 0.25555555555555554 0.004166666666666667 0.25555555555555554 0.016666666666666666 0.2388888888888889 0.016666666666666666 0.23333333333333334 0.029166666666666667 0.21666666666666667 0.03333333333333333 0.21666666666666667 0.03333333333333333 0.25 0.0375 0.25555555555555554 0.0375 0.26666666666666666 0.041666666666666664 0.2722222222222222 0.041666666666666664 0.2833333333333333 0.04583333333333333 0.28888888888888886 0.04583333333333333 0.29444444444444445 0.05 0.3 0.05 0.3055555555555556 0.058333333333333334 0.32222222222222224 0.058333333333333334 0.34444444444444444 0.05416666666666667 0.35 0.05 0.35 0.04583333333333333 0.34444444444444444 0.020833333333333332 0.34444444444444444 0.016666666666666666 0.35 0.008333333333333333 0.35 0.004166666666666667 0.35555555555555557 0 0.35555555555555557 0 0.2611111111111111
12 0.9583333333333334 0.4388888888888889 0.9625 0.4444444444444444 0.9666666666666667 0.4444444444444444 0.9833333333333333 0.4666666666666667 0.9875 0.4666666666666667 0.9958333333333333 0.4777777777777778 0.9958333333333333 0.7555555555555555 0.9916666666666667 0.7611111111111111 0.9916666666666667 0.7777777777777778 0.9958333333333333 0.7833333333333333 0.9958333333333333 0.8 0.9875 0.8 0.9791666666666666 0.7888888888888889 0.9791666666666666 0.7833333333333333 0.975 0.7777777777777778 0.975 0.7555555555555555 0.9666666666666667 0.7444444444444445 0.9541666666666667 0.7444444444444445 0.95 0.7388888888888889 0.9291666666666667 0.7388888888888889 0.925 0.7333333333333333 0.9166666666666666 0.7333333333333333 0.9125 0.7277777777777777 0.8958333333333334 0.7277777777777777 0.8916666666666667 0.7222222222222222 0.8875 0.7222222222222222 0.8833333333333333 0.7277777777777777 0.8791666666666667 0.7277777777777777 0.8708333333333333 0.7388888888888889 0.8666666666666667 0.7388888888888889 0.8625 0.7333333333333333 0.8583333333333333 0.7333333333333333 0.8541666666666666 0.7277777777777777 0.85 0.7277777777777777 0.8416666666666667 0.7166666666666667 0.8375 0.7166666666666667 0.8375 0.7111111111111111 0.8333333333333334 0.7055555555555556 0.8333333333333334 0.7 0.825 0.6833333333333333 0.825 0.6722222222222223 0.8291666666666667 0.6666666666666666 0.8291666666666667 0.6166666666666667 0.8416666666666667 0.6 0.8416666666666667 0.5833333333333334 0.8375 0.5777777777777777 0.8375 0.5722222222222222 0.8291666666666667 0.5611111111111111 0.8291666666666667 0.5222222222222223 0.825 0.5166666666666667 0.825 0.49444444444444446 0.8208333333333333 0.4888888888888889 0.8208333333333333 0.4777777777777778 0.8166666666666667 0.4722222222222222 0.8166666666666667 0.4666666666666667 0.8125 0.46111111111111114 0.8125 0.45555555555555555 0.825 0.4666666666666667 0.8458333333333333 0.4666666666666667 0.8541666666666666 0.45555555555555555 0.8583333333333333 0.45555555555555555 0.875 0.43333333333333335 0.875 0.42777777777777776 0.8791666666666667 0.4222222222222222 0.8833333333333333 0.4222222222222222 0.9 0.4 0.9208333333333333 0.4 0.9333333333333333 0.4166666666666667 0.9333333333333333 0.4222222222222222 0.9458333333333333 0.4388888888888889 0.9541666666666667 0.4388888888888889
12 0.05 0.05555555555555555 0.05416666666666667 0.06111111111111111 0.0625 0.06111111111111111 0.06666666666666667 0.06666666666666667 0.07083333333333333 0.06666666666666667 0.0875 0.08888888888888889 0.0875 0.1111111111111111 0.07916666666666666 0.12222222222222222 0.07916666666666666 0.12777777777777777 0.0625 0.15 0.0625 0.15555555555555556 0.0375 0.18888888888888888 0.0375 0.19444444444444445 0.03333333333333333 0.2 0.03333333333333333 0.20555555555555555 0.025 0.21666666666666667 0.025 0.2222222222222222 0.020833333333333332 0.2222222222222222 0.016666666666666666 0.22777777777777777 0.016666666666666666 0.2388888888888889 0.008333333333333333 0.25 0 0.25 0 0.11666666666666667 0.0125 0.1 0.0125 0.09444444444444444 0.020833333333333332 0.08333333333333333 0.029166666666666667 0.07222222222222222 0.03333333333333333 0.07222222222222222 0.041666666666666664 0.05555555555555555 0.04583333333333333 0.05555555555555555
12 0.85 0.016666666666666666 0.8625 0.016666666666666666 0.8708333333333333 0.027777777777777776 0.875 0.027777777777777776 0.8791666666666667 0.022222222222222223 0.8791666666666667 0.016666666666666666 0.9041666666666667 0.016666666666666666 0.9041666666666667 0.027777777777777776 0.9125 0.03888888888888889 0.9125 0.044444444444444446 0.9166666666666666 0.05 0.9125 0.05 0.9083333333333333 0.05555555555555555 0.9083333333333333 0.06111111111111111 0.9041666666666667 0.06111111111111111 0.9 0.06666666666666667 0.8958333333333334 0.06666666666666667 0.8958333333333334 0.06111111111111111 0.8916666666666667 0.05555555555555555 0.8875 0.06111111111111111 0.8791666666666667 0.06111111111111111 0.875 0.05555555555555555 0.875 0.05 0.8791666666666667 0.044444444444444446 0.875 0.03888888888888889 0.8666666666666667 0.03888888888888889 0.8625 0.044444444444444446 0.8625 0.03888888888888889 0.8666666666666667 0.03333333333333333 0.8625 0.027777777777777776 0.8541666666666666 0.027777777777777776 0.85 0.022222222222222223
12 0.3 0.3 0.30416666666666664 0.3055555555555556 0.30416666666666664 0.3111111111111111 0.3 0.31666666666666665 0.3 0.32222222222222224 0.29583333333333334 0.32222222222222224 0.2916666666666667 0.3277777777777778 0.2875 0.3277777777777778 0.2833333333333333 0.3333333333333333 0.2791666666666667 0.3333333333333333 0.26666666666666666 0.35 0.26666666666666666 0.35555555555555557 0.2625 0.3611111111111111 0.25833333333333336 0.3611111111111111 0.25416666666666665 0.36666666666666664 0.25 0.36666666666666664 0.2375 0.37777777777777777 0.22916666666666666 0.37777777777777777 0.22083333333333333 0.36666666666666664 0.21666666666666667 0.37222222222222223 0.20416666666666666 0.37222222222222223 0.2 0.37777777777777777 0.19166666666666668 0.37777777777777777 0.1875 0.38333333333333336 0.175 0.38333333333333336 0.1625 0.39444444444444443 0.15 0.39444444444444443 0.14583333333333334 0.3888888888888889 0.14166666666666666 0.39444444444444443 0.125 0.39444444444444443 0.12083333333333333 0.3888888888888889 0.11666666666666667 0.3888888888888889 0.11666666666666667 0.37777777777777777 0.12083333333333333 0.37222222222222223 0.12083333333333333 0.36666666666666664 0.13333333333333333 0.35 0.1375 0.35 0.14166666666666666 0.34444444444444444 0.15 0.34444444444444444 0.15416666666666667 0.3388888888888889 0.16666666666666666 0.3388888888888889 0.17083333333333334 0.3333333333333333 0.18333333333333332 0.3333333333333333 0.1875 0.3277777777777778 0.2125 0.3277777777777778 0.225 0.31666666666666665 0.23333333333333334 0.31666666666666665 0.2375 0.3111111111111111 0.24583333333333332 0.3111111111111111 0.25 0.3055555555555556 0.2625 0.3055555555555556 0.26666666666666666 0.3 0.29583333333333334 0.3
12 0.975 0.7555555555555555 0.9833333333333333 0.7555555555555555 0.9875 0.7611111111111111 0.9958333333333333 0.7611111111111111 0.9958333333333333 0.8055555555555556 0.9875 0.8055555555555556 0.9791666666666666 0.7944444444444444 0.9791666666666666 0.7888888888888889 0.975 0.7833333333333333 0.975 0.7611111111111111
12 0.2375 0 0.2791666666666667 0 0.2791666666666667 0.005555555555555556 0.2833333333333333 0.011111111111111112 0.2833333333333333 0.022222222222222223 0.2875 0.027777777777777776 0.2916666666666667 0.027777777777777776 0.3125 0.05555555555555555 0.31666666666666665 0.05555555555555555 0.32083333333333336 0.06111111111111111 0.325 0.06111111111111111 0.3333333333333333 0.07777777777777778 0.32916666666666666 0.08333333333333333 0.325 0.08333333333333333 0.32083333333333336 0.08888888888888889 0.3125 0.08888888888888889 0.30833333333333335 0.09444444444444444 0.26666666666666666 0.09444444444444444 0.2625 0.1 0.25833333333333336 0.1 0.25416666666666665 0.10555555555555556 0.25 0.10555555555555556 0.24166666666666667 0.11666666666666667 0.2375 0.11666666666666667 0.23333333333333334 0.1111111111111111 0.23333333333333334 0.10555555555555556 0.225 0.08888888888888889 0.22916666666666666 0.08333333333333333 0.22916666666666666 0.06666666666666667 0.225 0.06111111111111111 0.225 0.05 0.22916666666666666 0.044444444444444446 0.22916666666666666 0.03333333333333333 0.2375 0.022222222222222223 0.2375 0.005555555555555556
12 0.9291666666666667 0.20555555555555555 0.9333333333333333 0.20555555555555555 0.9375 0.2 0.975 0.2 0.9791666666666666 0.19444444444444445 0.9833333333333333 0.19444444444444445 0.9875 0.2 0.9958333333333333 0.2 0.9958333333333333 0.2222222222222222 0.9916666666666667 0.22777777777777777 0.9625 0.22777777777777777 0.9583333333333334 0.23333333333333334 0.9541666666666667 0.23333333333333334 0.95 0.22777777777777777 0.9333333333333333 0.22777777777777777 0.9291666666666667 0.2222222222222222 0.9291666666666667 0.2111111111111111
12 0.9625 0 0.975 0.011111111111111112 0.975 0.027777777777777776 0.9625 0.044444444444444446 0.9583333333333334 0.044444444444444446 0.9541666666666667 0.05 0.9458333333333333 0.05 0.9416666666666667 0.05555555555555555 0.9333333333333333 0.05555555555555555 0.9291666666666667 0.06111111111111111 0.925 0.06111111111111111 0.9208333333333333 0.05555555555555555 0.9208333333333333 0.044444444444444446 0.9125 0.03333333333333333 0.9125 0.022222222222222223 0.9083333333333333 0.016666666666666666 0.9083333333333333 0.005555555555555556 0.9416666666666667 0.005555555555555556 0.9458333333333333 0 0.9583333333333334 0
12 0.10833333333333334 0 0.1125 0.005555555555555556 0.11666666666666667 0 0.14583333333333334 0 0.15 0.005555555555555556 0.16666666666666666 0.005555555555555556 0.17083333333333334 0 0.2 0 0.20416666666666666 0.005555555555555556 0.21666666666666667 0.005555555555555556 0.21666666666666667 0.011111111111111112 0.2125 0.016666666666666666 0.2125 0.022222222222222223 0.20833333333333334 0.027777777777777776 0.20833333333333334 0.03888888888888889 0.2125 0.044444444444444446 0.2125 0.07777777777777778 0.20833333333333334 0.08333333333333333 0.20833333333333334 0.09444444444444444 0.2125 0.1 0.2125 0.11666666666666667 0.21666666666666667 0.12222222222222222 0.2125 0.12777777777777777 0.21666666666666667 0.13333333333333333 0.22083333333333333 0.13333333333333333 0.22083333333333333 0.1388888888888889 0.225 0.14444444444444443 0.23333333333333334 0.14444444444444443 0.2375 0.1388888888888889 0.24166666666666667 0.1388888888888889 0.25416666666666665 0.12222222222222222 0.25833333333333336 0.12222222222222222 0.26666666666666666 0.10555555555555556 0.2708333333333333 0.10555555555555556 0.2625 0.11666666666666667 0.2625 0.12222222222222222 0.26666666666666666 0.12777777777777777 0.2708333333333333 0.12777777777777777 0.275 0.12222222222222222 0.2875 0.12222222222222222 0.2916666666666667 0.11666666666666667 0.3 0.11666666666666667 0.30416666666666664 0.1111111111111111 0.30833333333333335 0.1111111111111111 0.3125 0.10555555555555556 0.31666666666666665 0.10555555555555556 0.325 0.09444444444444444 0.32916666666666666 0.09444444444444444 0.3333333333333333 0.08888888888888889 0.3375 0.09444444444444444 0.3416666666666667 0.08888888888888889 0.3416666666666667 0.07222222222222222 0.3458333333333333 0.06666666666666667 0.3375 0.05555555555555555 0.3333333333333333 0.06111111111111111 0.3333333333333333 0.05555555555555555 0.32916666666666666 0.05 0.325 0.05 0.32916666666666666 0.044444444444444446 0.32916666666666666 0.03888888888888889 0.325 0.03333333333333333 0.32083333333333336 0.03333333333333333 0.31666666666666665 0.03888888888888889 0.30833333333333335 0.03888888888888889 0.3 0.022222222222222223 0.2916666666666667 0.022222222222222223 0.2916666666666667 0.016666666666666666 0.2875 0.011111111111111112 0.2875 0 0.3125 0 0.31666666666666665 0.005555555555555556 0.325 0.005555555555555556 0.32916666666666666 0 0.37083333333333335 0 0.375 0.005555555555555556 0.37916666666666665 0 0.4166666666666667 0 0.42083333333333334 0.005555555555555556 0.44583333333333336 0.005555555555555556 0.45 0 0.4791666666666667 0 0.48333333333333334 0.005555555555555556 0.4875 0.005555555555555556 0.49166666666666664 0 0.49583333333333335 0 0.5 0.005555555555555556 0.5375 0.005555555555555556 0.5416666666666666 0 0.5833333333333334 0 0.5875 0.005555555555555556 0.5958333333333333 0.005555555555555556 0.6 0 0.6083333333333333 0 0.6125 0.005555555555555556 0.6166666666666667 0.005555555555555556 0.6208333333333333 0 0.6333333333333333 0 0.6375 0.005555555555555556 0.6416666666666667 0 0.6541666666666667 0 0.6541666666666667 0.011111111111111112 0.6583333333333333 0.016666666666666666 0.6583333333333333 0.03333333333333333 0.6625 0.03888888888888889 0.6666666666666666 0.03888888888888889 0.6708333333333333 0.03333333333333333 0.6708333333333333 0.03888888888888889 0.6666666666666666 0.03888888888888889 0.6625 0.044444444444444446 0.675 0.06111111111111111 0.6541666666666667 0.06111111111111111 0.6458333333333334 0.07222222222222222 0.6583333333333333 0.08888888888888889 0.6625 0.08888888888888889 0.6666666666666666 0.09444444444444444 0.6708333333333333 0.09444444444444444 0.6708333333333333 0.1 0.675 0.10555555555555556 0.675 0.1111111111111111 0.6791666666666667 0.11666666666666667 0.6791666666666667 0.12222222222222222 0.6833333333333333 0.12777777777777777 0.6833333333333333 0.13333333333333333 0.7041666666666667 0.16111111111111112 0.7041666666666667 0.17222222222222222 0.7083333333333334 0.17777777777777778 0.7083333333333334 0.2111111111111111 0.7041666666666667 0.21666666666666667 0.7083333333333334 0.2222222222222222 0.7083333333333334 0.23333333333333334 0.7041666666666667 0.2388888888888889 0.7041666666666667 0.24444444444444444 0.6958333333333333 0.24444444444444444 0.6916666666666667 0.25 0.6958333333333333 0.25555555555555554 0.6958333333333333 0.2611111111111111 0.7041666666666667 0.2722222222222222 0.7 0.2722222222222222 0.6958333333333333 0.2777777777777778 0.6916666666666667 0.2777777777777778 0.6791666666666667 0.28888888888888886 0.6708333333333333 0.28888888888888886 0.6666666666666666 0.2833333333333333 0.6583333333333333 0.2833333333333333 0.6541666666666667 0.28888888888888886 0.6541666666666667 0.29444444444444445 0.6625 0.3055555555555556 0.6625 0.3111111111111111 0.6666666666666666 0.31666666666666665 0.6666666666666666 0.3333333333333333 0.6625 0.3333333333333333 0.6583333333333333 0.3388888888888889 0.6583333333333333 0.34444444444444444 0.6625 0.35 0.6833333333333333 0.35 0.6833333333333333 0.3611111111111111 0.6875 0.36666666666666664 0.6916666666666667 0.36666666666666664 0.7 0.37777777777777777 0.7 0.38333333333333336 0.7083333333333334 0.39444444444444443 0.7166666666666667 0.39444444444444443 0.7208333333333333 0.3888888888888889 0.7208333333333333 0.37777777777777777 0.7291666666666666 0.36666666666666664 0.7333333333333333 0.36666666666666664 0.7416666666666667 0.35555555555555557 0.75 0.35555555555555557 0.7541666666666667 0.35 0.7666666666666667 0.35 0.7625 0.35555555555555557 0.7666666666666667 0.3611111111111111 0.7666666666666667 0.36666666666666664 0.7708333333333334 0.37222222222222223 0.775 0.37222222222222223 0.7833333333333333 0.38333333333333336 0.7916666666666666 0.38333333333333336 0.7833333333333333 0.39444444444444443 0.7875 0.4 0.7875 0.40555555555555556 0.7833333333333333 0.4111111111111111 0.7833333333333333 0.42777777777777776 0.7916666666666666 0.4388888888888889 0.7916666666666666 0.45 0.8083333333333333 0.4722222222222222 0.8083333333333333 0.4888888888888889 0.8125 0.49444444444444446 0.8125 0.5111111111111111 0.8166666666666667 0.5166666666666667 0.8166666666666667 0.5388888888888889 0.8125 0.5444444444444444 0.8125 0.55 0.8166666666666667 0.5555555555555556 0.8166666666666667 0.5611111111111111 0.8208333333333333 0.5666666666666667 0.8208333333333333 0.5777777777777777 0.825 0.5833333333333334 0.825 0.5944444444444444 0.8125 0.6111111111111112 0.8125 0.6166666666666667 0.8166666666666667 0.6222222222222222 0.8166666666666667 0.6388888888888888 0.8083333333333333 0.6555555555555556 0.8125 0.6611111111111111 0.8125 0.6666666666666666 0.8041666666666667 0.6777777777777778 0.8125 0.6888888888888889 0.8125 0.7111111111111111 0.8208333333333333 0.7222222222222222 0.825 0.7222222222222222 0.825 0.7388888888888889 0.8291666666666667 0.7444444444444445 0.8291666666666667 0.75 0.8333333333333334 0.7555555555555555 0.8375 0.7555555555555555 0.8458333333333333 0.7666666666666667 0.8583333333333333 0.7666666666666667 0.8625 0.7722222222222223 0.875 0.7722222222222223 0.8791666666666667 0.7666666666666667 0.8791666666666667 0.7611111111111111 0.8875 0.7611111111111111 0.8916666666666667 0.7555555555555555 0.8875 0.7611111111111111 0.8916666666666667 0.7666666666666667 0.8875 0.7722222222222223 0.8916666666666667 0.7777777777777778 0.8958333333333334 0.7777777777777778 0.8958333333333334 0.7833333333333333 0.9 0.7888888888888889 0.9041666666666667 0.7833333333333333 0.9083333333333333 0.7833333333333333 0.9166666666666666 0.7722222222222223 0.9208333333333333 0.7777777777777778 0.925 0.7722222222222223 0.9291666666666667 0.7722222222222223 0.9333333333333333 0.7666666666666667 0.9375 0.7666666666666667 0.9375 0.7833333333333333 0.9458333333333333 0.7944444444444444 0.95 0.7944444444444444 0.95 0.8 0.9541666666666667 0.8055555555555556 0.9583333333333334 0.8055555555555556 0.9583333333333334 0.8111111111111111 0.9708333333333333 0.8277777777777777 0.975 0.8222222222222222 0.9791666666666666 0.8277777777777777 0.9916666666666667 0.8277777777777777 0.9916666666666667 0.8666666666666667 0.9875 0.8722222222222222 0.9916666666666667 0.8777777777777778 0.9958333333333333 0.8777777777777778 0.9958333333333333 0.9055555555555556 0.9916666666666667 0.9111111111111111 0.9916666666666667 0.9333333333333333 0.9875 0.9388888888888889 0.9875 0.9444444444444444 0.9916666666666667 0.95 0.9916666666666667 0.9611111111111111 0.9958333333333333 0.9666666666666667 0.9958333333333333 0.9888888888888889 0.9916666666666667 0.9888888888888889 0.9875 0.9944444444444445 0.9416666666666667 0.9944444444444445 0.9375 0.9888888888888889 0.9125 0.9888888888888889 0.9083333333333333 0.9944444444444445 0.85 0.9944444444444445 0.8458333333333333 0.9888888888888889 0.8375 0.9888888888888889 0.8333333333333334 0.9944444444444445 0.7625 0.9944444444444445 0.7583333333333333 0.9888888888888889 0.75 0.9888888888888889 0.7458333333333333 0.9944444444444445 0.7416666666666667 0.9888888888888889 0.7375 0.9944444444444445 0.6833333333333333 0.9944444444444445 0.6791666666666667 0.9888888888888889 0.6541666666666667 0.9888888888888889 0.65 0.9944444444444445 0.55 0.9944444444444445 0.5458333333333333 0.9888888888888889 0.5333333333333333 0.9888888888888889 0.5291666666666667 0.9944444444444445 0.4666666666666667 0.9944444444444445 0.4625 0.9888888888888889 0.4583333333333333 0.9944444444444445 0.45416666666666666 0.9888888888888889 0.45 0.9944444444444445 0.44166666666666665 0.9944444444444445 0.4375 0.9888888888888889 0.43333333333333335 0.9888888888888889 0.42916666666666664 0.9944444444444445 0.425 0.9944444444444445 0.42083333333333334 0.9888888888888889 0.4166666666666667 0.9944444444444445 0.4125 0.9888888888888889 0.4041666666666667 0.9888888888888889 0.4 0.9944444444444445 0.3958333333333333 0.9888888888888889 0.3875 0.9888888888888889 0.38333333333333336 0.9944444444444445 0.3416666666666667 0.9944444444444445 0.3375 0.9888888888888889 0.3333333333333333 0.9944444444444445 0.32916666666666666 0.9944444444444445 0.325 0.9888888888888889 0.32083333333333336 0.9944444444444445 0.31666666666666665 0.9944444444444445 0.3125 0.9888888888888889 0.30833333333333335 0.9944444444444445 0.3 0.9944444444444445 0.29583333333333334 0.9888888888888889 0.2916666666666667 0.9944444444444445 0.2875 0.9944444444444445 0.2833333333333333 0.9888888888888889 0.2791666666666667 0.9888888888888889 0.275 0.9944444444444445 0.1625 0.9944444444444445 0.15833333333333333 0.9888888888888889 0.15416666666666667 0.9888888888888889 0.15 0.9944444444444445 0.14583333333333334 0.9944444444444445 0.14166666666666666 0.9888888888888889 0.1375 0.9944444444444445 0.09583333333333334 0.9944444444444445 0.09166666666666666 0.9888888888888889 0.0875 0.9888888888888889 0.08333333333333333 0.9944444444444445 0.07916666666666666 0.9888888888888889 0.07083333333333333 0.9888888888888889 0.06666666666666667 0.9944444444444445 0.0625 0.9944444444444445 0.058333333333333334 0.9888888888888889 0.05416666666666667 0.9944444444444445 0.008333333333333333 0.9944444444444445 0.004166666666666667 0.9888888888888889 0 0.9888888888888889 0.004166666666666667 0.9888888888888889 0.008333333333333333 0.9833333333333333 0.004166666666666667 0.9777777777777777 0 0.9777777777777777 0 0.9722222222222222 0.004166666666666667 0.9666666666666667 0.004166666666666667 0.9611111111111111 0.004166666666666667 0.9666666666666667 0 0.9722222222222222 0.008333333333333333 0.9833333333333333 0.0125 0.9833333333333333 0.016666666666666666 0.9888888888888889 0.020833333333333332 0.9888888888888889 0.025 0.9833333333333333 0.029166666666666667 0.9833333333333333 0.03333333333333333 0.9777777777777777 0.03333333333333333 0.95 0.029166666666666667 0.9444444444444444 0.029166666666666667 0.9 0.03333333333333333 0.8944444444444445 0.03333333333333333 0.8888888888888888 0.029166666666666667 0.8833333333333333 0.03333333333333333 0.8777777777777778 0.03333333333333333 0.8666666666666667 0.0375 0.8611111111111112 0.0375 0.8277777777777777 0.03333333333333333 0.8222222222222222 0.0375 0.8166666666666667 0.0375 0.8111111111111111 0.03333333333333333 0.8055555555555556 0.03333333333333333 0.7777777777777778 0.029166666666666667 0.7722222222222223 0.03333333333333333 0.7666666666666667 0.03333333333333333 0.6833333333333333 0.025 0.6722222222222223 0.008333333333333333 0.6722222222222223 0.004166666666666667 0.6777777777777778 0.004166666666666667 0.6944444444444444 0.008333333333333333 0.7 0.004166666666666667 0.7055555555555556 0.004166666666666667 0.6888888888888889 0 0.6833333333333333 0 0.6666666666666666 0.004166666666666667 0.6611111111111111 0 0.6555555555555556 0.004166666666666667 0.65 0.004166666666666667 0.6444444444444445 0 0.6388888888888888 0 0.6 0.004166666666666667 0.5944444444444444 0 0.5888888888888889 0 0.5555555555555556 0.004166666666666667 0.55 0.004166666666666667 0.5111111111111111 0 0.5055555555555555 0 0.4222222222222222 0.004166666666666667 0.4166666666666667 0.004166666666666667 0.4111111111111111 0 0.40555555555555556 0 0.3888888888888889 0.004166666666666667 0.38333333333333336 0.004166666666666667 0.37222222222222223 0.0125 0.37222222222222223 0.016666666666666666 0.36666666666666664 0.058333333333333334 0.36666666666666664 0.07083333333333333 0.35 0.07083333333333333 0.34444444444444444 0.075 0.3388888888888889 0.075 0.3277777777777778 0.07916666666666666 0.32222222222222224 0.07083333333333333 0.3111111111111111 0.06666666666666667 0.3111111111111111 0.06666666666666667 0.3055555555555556 0.058333333333333334 0.29444444444444445 0.058333333333333334 0.2833333333333333 0.05416666666666667 0.2777777777777778 0.05416666666666667 0.26666666666666666 0.05 0.2611111111111111 0.05 0.25555555555555554 0.05416666666666667 0.25 0.05 0.24444444444444444 0.05 0.23333333333333334 0.05416666666666667 0.22777777777777777 0.05416666666666667 0.2222222222222222 0.05 0.21666666666666667 0.058333333333333334 0.2 0.058333333333333334 0.18888888888888888 0.0625 0.18888888888888888 0.07083333333333333 0.17777777777777778 0.07083333333333333 0.16666666666666666 0.08333333333333333 0.15 0.08333333333333333 0.14444444444444443 0.1 0.12222222222222222 0.1 0.1111111111111111 0.10833333333333334 0.1 0.10833333333333334 0.09444444444444444 0.10416666666666667 0.08888888888888889 0.1 0.08888888888888889 0.1 0.07222222222222222 0.09583333333333334 0.06666666666666667 0.09583333333333334 0.06111111111111111 0.09166666666666666 0.05555555555555555 0.0875 0.05555555555555555 0.07916666666666666 0.044444444444444446 0.06666666666666667 0.044444444444444446 0.058333333333333334 0.03333333333333333 0.058333333333333334 0.022222222222222223 0.06666666666666667 0.011111111111111112 0.06666666666666667 0.005555555555555556 0.07083333333333333 0.005555555555555556 0.075 0 0.10416666666666667 0
12 0.6625 0.5611111111111111 0.6666666666666666 0.5666666666666667 0.6708333333333333 0.5666666666666667 0.6875 0.5888888888888889 0.6875 0.5944444444444444 0.6958333333333333 0.6055555555555555 0.6958333333333333 0.6277777777777778 0.7166666666666667 0.6555555555555556 0.7166666666666667 0.6888888888888889 0.7125 0.6944444444444444 0.7125 0.7333333333333333 0.7083333333333334 0.7388888888888889 0.7083333333333334 0.75 0.7 0.7611111111111111 0.6916666666666667 0.7611111111111111 0.6791666666666667 0.7777777777777778 0.6791666666666667 0.7833333333333333 0.6708333333333333 0.7944444444444444 0.6708333333333333 0.8055555555555556 0.675 0.8111111111111111 0.675 0.8166666666666667 0.6666666666666666 0.8277777777777777 0.6625 0.8277777777777777 0.6583333333333333 0.8333333333333334 0.65 0.8333333333333334 0.6458333333333334 0.8388888888888889 0.6291666666666667 0.8388888888888889 0.625 0.8444444444444444 0.6041666666666666 0.8444444444444444 0.6 0.85 0.5958333333333333 0.85 0.5916666666666667 0.8444444444444444 0.5708333333333333 0.8444444444444444 0.5708333333333333 0.8388888888888889 0.5666666666666667 0.8333333333333334 0.5666666666666667 0.8277777777777777 0.5583333333333333 0.8111111111111111 0.5583333333333333 0.7666666666666667 0.5458333333333333 0.7555555555555555 0.5208333333333334 0.7555555555555555 0.5166666666666667 0.75 0.5083333333333333 0.75 0.49583333333333335 0.7333333333333333 0.49166666666666664 0.7333333333333333 0.4875 0.7277777777777777 0.4875 0.7166666666666667 0.48333333333333334 0.7111111111111111 0.48333333333333334 0.7055555555555556 0.475 0.6944444444444444 0.475 0.6888888888888889 0.4666666666666667 0.6722222222222223 0.4708333333333333 0.6666666666666666 0.475 0.6722222222222223 0.4791666666666667 0.6722222222222223 0.49583333333333335 0.6944444444444444 0.5041666666666667 0.6944444444444444 0.5083333333333333 0.6888888888888889 0.5166666666666667 0.6888888888888889 0.5208333333333334 0.6833333333333333 0.5291666666666667 0.6833333333333333 0.5416666666666666 0.6666666666666666 0.5416666666666666 0.6555555555555556 0.55 0.6388888888888888 0.55 0.6277777777777778 0.5708333333333333 0.6 0.5708333333333333 0.5944444444444444 0.575 0.5944444444444444 0.5791666666666667 0.5888888888888889 0.5875 0.5888888888888889 0.5916666666666667 0.5833333333333334 0.5958333333333333 0.5833333333333334 0.6041666666666666 0.5722222222222222 0.6125 0.5722222222222222 0.6166666666666667 0.5666666666666667 0.6416666666666667 0.5666666666666667 0.6458333333333334 0.5611111111111111 0.6583333333333333 0.5611111111111111
12 0.2833333333333333 0.022222222222222223 0.2875 0.027777777777777776 0.2916666666666667 0.027777777777777776 0.30833333333333335 0.05 0.3125 0.05 0.32083333333333336 0.06111111111111111 0.325 0.06111111111111111 0.3333333333333333 0.07777777777777778 0.32083333333333336 0.08888888888888889 0.3125 0.08888888888888889 0.30833333333333335 0.09444444444444444 0.2916666666666667 0.09444444444444444 0.2875 0.1 0.2833333333333333 0.1 0.2791666666666667 0.09444444444444444 0.26666666666666666 0.09444444444444444 0.26666666666666666 0.07777777777777778 0.2708333333333333 0.07222222222222222 0.2708333333333333 0.06666666666666667 0.275 0.06111111111111111 0.275 0.05555555555555555 0.2791666666666667 0.05 0.2791666666666667 0.03333333333333333 0.2833333333333333 0.027777777777777776
12 0.4083333333333333 0.21666666666666667 0.4625 0.21666666666666667 0.4708333333333333 0.22777777777777777 0.4708333333333333 0.23333333333333334 0.475 0.2388888888888889 0.4791666666666667 0.2388888888888889 0.49166666666666664 0.25555555555555554 0.49166666666666664 0.2611111111111111 0.49583333333333335 0.26666666666666666 0.49583333333333335 0.2833333333333333 0.5 0.28888888888888886 0.5 0.3055555555555556 0.5041666666666667 0.3111111111111111 0.5041666666666667 0.3333333333333333 0.49583333333333335 0.35 0.49583333333333335 0.3611111111111111 0.49166666666666664 0.36666666666666664 0.49166666666666664 0.37222222222222223 0.4875 0.37777777777777777 0.4708333333333333 0.37777777777777777 0.4666666666666667 0.38333333333333336 0.4666666666666667 0.3888888888888889 0.4625 0.39444444444444443 0.4625 0.4 0.4583333333333333 0.40555555555555556 0.4583333333333333 0.4111111111111111 0.45 0.4222222222222222 0.44166666666666665 0.4222222222222222 0.4375 0.4166666666666667 0.43333333333333335 0.4166666666666667 0.425 0.40555555555555556 0.425 0.4 0.42083333333333334 0.39444444444444443 0.42083333333333334 0.36666666666666664 0.425 0.3611111111111111 0.425 0.35 0.42083333333333334 0.34444444444444444 0.42083333333333334 0.3055555555555556 0.42916666666666664 0.28888888888888886 0.425 0.2833333333333333 0.425 0.2722222222222222 0.42083333333333334 0.26666666666666666 0.42083333333333334 0.25555555555555554 0.4166666666666667 0.25 0.4125 0.25 0.4041666666666667 0.23333333333333334 0.4041666666666667 0.22777777777777777 0.4083333333333333 0.2222222222222222
12 0.45 0.1111111111111111 0.475 0.1111111111111111 0.4791666666666667 0.11666666666666667 0.4791666666666667 0.1388888888888889 0.4666666666666667 0.15 0.4625 0.14444444444444443 0.45416666666666666 0.14444444444444443 0.44583333333333336 0.13333333333333333 0.44583333333333336 0.12222222222222222 0.45 0.11666666666666667
12 0.8958333333333334 0.2777777777777778 0.9 0.2833333333333333 0.9041666666666667 0.2833333333333333 0.9125 0.29444444444444445 0.9166666666666666 0.29444444444444445 0.9333333333333333 0.31666666666666665 0.9333333333333333 0.3277777777777778 0.925 0.3388888888888889 0.9208333333333333 0.3388888888888889 0.9166666666666666 0.34444444444444444 0.8958333333333334 0.34444444444444444 0.8833333333333333 0.3277777777777778 0.8791666666666667 0.3277777777777778 0.8666666666666667 0.31666666666666665 0.85 0.31666666666666665 0.8458333333333333 0.3111111111111111 0.8416666666666667 0.3111111111111111 0.8291666666666667 0.3 0.8291666666666667 0.28888888888888886 0.8333333333333334 0.2833333333333333 0.8458333333333333 0.2833333333333333 0.8583333333333333 0.2722222222222222 0.8791666666666667 0.2722222222222222 0.8833333333333333 0.2777777777777778 0.8916666666666667 0.2777777777777778
12 0.9333333333333333 0.23333333333333334 0.9375 0.2388888888888889 0.95 0.2388888888888889 0.9541666666666667 0.24444444444444444 0.9666666666666667 0.24444444444444444 0.9625 0.25 0.9625 0.25555555555555554 0.9666666666666667 0.2611111111111111 0.975 0.2611111111111111 0.9791666666666666 0.25555555555555554 0.975 0.25 0.975 0.24444444444444444 0.9791666666666666 0.24444444444444444 0.9833333333333333 0.25 0.9833333333333333 0.2611111111111111 0.9916666666666667 0.2722222222222222 0.9916666666666667 0.2833333333333333 0.9958333333333333 0.28888888888888886 0.9958333333333333 0.3055555555555556 0.9916666666666667 0.3111111111111111 0.9916666666666667 0.3388888888888889 0.9958333333333333 0.34444444444444444 0.9958333333333333 0.35555555555555557 0.9833333333333333 0.35555555555555557 0.9833333333333333 0.35 0.9791666666666666 0.34444444444444444 0.9666666666666667 0.34444444444444444 0.9583333333333334 0.3277777777777778 0.95 0.3277777777777778 0.9458333333333333 0.32222222222222224 0.9333333333333333 0.32222222222222224 0.9333333333333333 0.3055555555555556 0.9291666666666667 0.3 0.925 0.3 0.9166666666666666 0.28888888888888886 0.9125 0.28888888888888886 0.9083333333333333 0.2833333333333333 0.9041666666666667 0.2833333333333333 0.9 0.2777777777777778 0.8958333333333334 0.2777777777777778 0.8916666666666667 0.2722222222222222 0.8875 0.2722222222222222 0.8791666666666667 0.2611111111111111 0.8791666666666667 0.25555555555555554 0.8833333333333333 0.25555555555555554 0.8916666666666667 0.24444444444444444 0.9 0.24444444444444444 0.9041666666666667 0.2388888888888889 0.9125 0.2388888888888889 0.9166666666666666 0.23333333333333334 0.9291666666666667 0.23333333333333334
8 0.5041666666666667 0.044444444444444446 0.5125 0.05555555555555555 0.5166666666666667 0.05555555555555555 0.5416666666666666 0.08888888888888889 0.5416666666666666 0.09444444444444444 0.5458333333333333 0.1 0.5458333333333333 0.10555555555555556 0.55 0.1111111111111111 0.55 0.11666666666666667 0.5583333333333333 0.12777777777777777 0.5583333333333333 0.13333333333333333 0.5625 0.1388888888888889 0.5625 0.14444444444444443 0.5666666666666667 0.15 0.5666666666666667 0.15555555555555556 0.5708333333333333 0.16111111111111112 0.5708333333333333 0.16666666666666666 0.5791666666666667 0.18333333333333332 0.5791666666666667 0.18888888888888888 0.5833333333333334 0.19444444444444445 0.5833333333333334 0.2 0.5875 0.20555555555555555 0.5875 0.2111111111111111 0.5916666666666667 0.21666666666666667 0.5916666666666667 0.2222222222222222 0.5958333333333333 0.22777777777777777 0.5958333333333333 0.23333333333333334 0.6041666666666666 0.24444444444444444 0.6041666666666666 0.2833333333333333 0.5958333333333333 0.29444444444444445 0.5875 0.29444444444444445 0.5833333333333334 0.3 0.5708333333333333 0.28888888888888886 0.5708333333333333 0.2833333333333333 0.5666666666666667 0.2777777777777778 0.5666666666666667 0.2722222222222222 0.5625 0.26666666666666666 0.5625 0.2611111111111111 0.5541666666666667 0.24444444444444444 0.5541666666666667 0.23333333333333334 0.5458333333333333 0.2222222222222222 0.5458333333333333 0.21666666666666667 0.5375 0.2 0.5375 0.18888888888888888 0.5333333333333333 0.18333333333333332 0.5333333333333333 0.17777777777777778 0.525 0.16666666666666666 0.525 0.16111111111111112 0.5208333333333334 0.15555555555555556 0.5208333333333334 0.14444444444444443 0.5166666666666667 0.1388888888888889 0.5166666666666667 0.13333333333333333 0.5125 0.12777777777777777 0.5125 0.12222222222222222 0.5083333333333333 0.11666666666666667 0.5083333333333333 0.1111111111111111 0.5 0.09444444444444444 0.5 0.07222222222222222 0.5041666666666667 0.06666666666666667 0.5 0.06111111111111111 0.5 0.05