22 0.346875 0.35234375 0.178125 0.1359375
22 0.52734375 0.35546875 0.1859375 0.1421875
22 0.15859375 0.3625 0.1734375 0.1125
22 0.70390625 0.36484375 0.1890625 0.1359375
22 0.890625 0.3703125 0.203125 0.1375
22 0.1546875 0.47109375 0.19375 0.1359375
22 0.528125 0.4890625 0.184375 0.14375
22 0.8921875 0.5015625 0.190625 0.14375
22 0.34140625 0.503125 0.1734375 0.09375
22 0.71171875 0.50859375 0.1921875 0.1296875
22 0.15703125 0.61640625 0.1796875 0.121875
22 0.3265625 0.625 0.184375 0.125
22 0.51640625 0.62578125 0.1890625 0.1453125
22 0.71015625 0.634375 0.1921875 0.15625
22 0.89375 0.65390625 0.184375 0.1140625
22 0.1421875 0.7578125 0.190625 0.1296875
22 0.5234375 0.7625 0.19375 0.153125
22 0.325 0.7640625 0.19375 0.1375
22 0.71171875 0.784375 0.1953125 0.128125
22 0.9109375 0.7953125 0.178125 0.115625
22 0.13359375 0.88828125 0.1921875 0.1453125
22 0.51953125 0.89921875 0.2046875 0.1765625
22 0.32109375 0.90859375 0.1890625 0.1421875
22 0.72578125 0.91171875 0.1953125 0.1484375
22 0.9078125 0.92109375 0.184375 0.1578125
22 0.52890625 0.2171875 0.1796875 0.153125
22 0.16953125 0.23125 0.1734375 0.153125
22 0.36953125 0.23515625 0.2015625 0.1328125
22 0.696875 0.24296875 0.190625 0.1171875
22 0.875 0.24296875 0.2 0.1203125