21 0.7638020833333333 0.5495049504950495 0.09947916666666666 0.8132956152758133
21 0.48723958333333334 0.5495049504950495 0.09947916666666666 0.8132956152758133
21 0.05703125 0.553041018387553 0.09947916666666666 0.8147100424328148
21 0.9401041666666666 0.553041018387553 0.09895833333333333 0.8147100424328148
21 0.5763020833333333 0.5551626591230552 0.09947916666666666 0.8132956152758133
21 0.6653645833333334 0.5551626591230552 0.09947916666666666 0.8132956152758133
21 0.225 0.557991513437058 0.09895833333333333 0.8132956152758133
21 0.8549479166666667 0.5594059405940595 0.09947916666666666 0.8132956152758133
21 0.3143229166666667 0.5650636492220651 0.09947916666666666 0.8132956152758133
21 0.14348958333333334 0.5657708628005658 0.09947916666666666 0.8147100424328148
21 0.39947916666666666 0.5678925035360679 0.09479166666666666 0.8189533239038189