22 0.72421875 0.35234375 0.10625 0.0546875
22 0.596875 0.53984375 0.059375 0.0828125
22 0.7140625 0.5578125 0.09375 0.071875
22 0.60234375 0.659375 0.0609375 0.059375
22 0.64296875 0.6609375 0.0640625 0.05625
22 0.1828125 0.68203125 0.090625 0.0765625
22 0.09609375 0.7140625 0.0890625 0.0703125
22 0.275 0.71796875 0.1125 0.0703125
22 0.71875 0.725 0.071875 0.05625
22 0.5890625 0.746875 0.075 0.075
22 0.67421875 0.75234375 0.0421875 0.0703125
22 0.1875 0.75390625 0.125 0.0828125
22 0.0828125 0.80234375 0.165625 0.10625
22 0.38046875 0.81171875 0.0953125 0.0453125
22 0.31328125 0.84296875 0.1265625 0.0640625
22 0.259375 0.88671875 0.125 0.0609375
22 0.1359375 0.94375 0.2125 0.10625