4 0.757847533632287 0 0.757847533632287 0.016666666666666666 0.7623318385650224 0.022222222222222223 0.7623318385650224 0.06666666666666667 0.7668161434977578 0.07222222222222222 0.7623318385650224 0.07777777777777778 0.7623318385650224 0.11666666666666667 0.757847533632287 0.12222222222222222 0.757847533632287 0.15555555555555556 0.7354260089686099 0.15555555555555556 0.7309417040358744 0.16111111111111112 0.6995515695067265 0.16111111111111112 0.695067264573991 0.15555555555555556 0.6816143497757847 0.15555555555555556 0.6771300448430493 0.15 0.6681614349775785 0.15 0.6681614349775785 0.07777777777777778 0.6636771300448431 0.07222222222222222 0.6636771300448431 0.005555555555555556 0.672645739910314 0.005555555555555556 0.6771300448430493 0 0.7533632286995515 0
4 0.9192825112107623 0 0.9147982062780269 0.005555555555555556 0.9147982062780269 0.011111111111111112 0.9327354260089686 0.03333333333333333 0.9372197309417041 0.03333333333333333 0.9461883408071748 0.05 0.9461883408071748 0.1 0.9327354260089686 0.11666666666666667 0.9237668161434978 0.11666666666666667 0.9147982062780269 0.10555555555555556 0.9103139013452914 0.10555555555555556 0.8968609865470852 0.09444444444444444 0.8789237668161435 0.09444444444444444 0.8699551569506726 0.08333333333333333 0.8699551569506726 0.07222222222222222 0.8654708520179372 0.06666666666666667 0.8654708520179372 0.05 0.852017937219731 0.03333333333333333 0.852017937219731 0.005555555555555556 0.8565022421524664 0 0.9147982062780269 0
4 0.8116591928251121 0.005555555555555556 0.8251121076233184 0.016666666666666666 0.8295964125560538 0.016666666666666666 0.8430493273542601 0.03333333333333333 0.8475336322869955 0.03333333333333333 0.8609865470852018 0.05 0.8609865470852018 0.05555555555555555 0.8654708520179372 0.06111111111111111 0.8654708520179372 0.1 0.8609865470852018 0.10555555555555556 0.8609865470852018 0.1111111111111111 0.8475336322869955 0.1111111111111111 0.8430493273542601 0.11666666666666667 0.8295964125560538 0.11666666666666667 0.8251121076233184 0.1111111111111111 0.820627802690583 0.1111111111111111 0.7847533632286996 0.06666666666666667 0.7847533632286996 0.022222222222222223 0.7937219730941704 0.005555555555555556 0.8071748878923767 0.005555555555555556
4 0.7533632286995515 0 0.757847533632287 0.005555555555555556 0.757847533632287 0.022222222222222223 0.7623318385650224 0.027777777777777776 0.7623318385650224 0.11666666666666667 0.757847533632287 0.12222222222222222 0.757847533632287 0.16666666666666666 0.7623318385650224 0.17222222222222222 0.7623318385650224 0.2611111111111111 0.7668161434977578 0.26666666666666666 0.7668161434977578 0.3 0.7623318385650224 0.3055555555555556 0.7623318385650224 0.3388888888888889 0.7668161434977578 0.34444444444444444 0.7623318385650224 0.35 0.7623318385650224 0.35555555555555557 0.7533632286995515 0.36666666666666664 0.7488789237668162 0.36666666666666664 0.7443946188340808 0.37222222222222223 0.726457399103139 0.37222222222222223 0.7219730941704036 0.37777777777777777 0.6905829596412556 0.37777777777777777 0.6860986547085202 0.38333333333333336 0.6816143497757847 0.37777777777777777 0.6681614349775785 0.37777777777777777 0.6636771300448431 0.37222222222222223 0.6636771300448431 0.36666666666666664 0.6591928251121076 0.3611111111111111 0.6591928251121076 0.35 0.6547085201793722 0.34444444444444444 0.6547085201793722 0.3333333333333333 0.6502242152466368 0.3277777777777778 0.6502242152466368 0.28888888888888886 0.6547085201793722 0.2833333333333333 0.6502242152466368 0.2777777777777778 0.6547085201793722 0.2722222222222222 0.6502242152466368 0.26666666666666666 0.6502242152466368 0.24444444444444444 0.6547085201793722 0.2388888888888889 0.6547085201793722 0.18888888888888888 0.6591928251121076 0.18333333333333332 0.6591928251121076 0.17777777777777778 0.6636771300448431 0.17222222222222222 0.6636771300448431 0.16111111111111112 0.6681614349775785 0.15555555555555556 0.6681614349775785 0.07777777777777778 0.6636771300448431 0.07222222222222222 0.6636771300448431 0.011111111111111112 0.6771300448430493 0 0.6995515695067265 0 0.7040358744394619 0.005555555555555556 0.7085201793721974 0 0.7488789237668162 0
4 0.2914798206278027 0.43333333333333335 0.34080717488789236 0.43333333333333335 0.3452914798206278 0.4388888888888889 0.37668161434977576 0.4388888888888889 0.3811659192825112 0.4444444444444444 0.38565022421524664 0.4444444444444444 0.39461883408071746 0.45555555555555555 0.39461883408071746 0.46111111111111114 0.3991031390134529 0.4666666666666667 0.3991031390134529 0.49444444444444446 0.39461883408071746 0.5 0.39461883408071746 0.5166666666666667 0.3901345291479821 0.5222222222222223 0.3901345291479821 0.5388888888888889 0.38565022421524664 0.5444444444444444 0.38565022421524664 0.5555555555555556 0.3811659192825112 0.5611111111111111 0.3811659192825112 0.5666666666666667 0.3721973094170404 0.5833333333333334 0.3721973094170404 0.5944444444444444 0.3632286995515695 0.6055555555555555 0.3632286995515695 0.6111111111111112 0.35874439461883406 0.6166666666666667 0.35874439461883406 0.6222222222222222 0.3542600896860987 0.6277777777777778 0.3542600896860987 0.6333333333333333 0.3452914798206278 0.6444444444444445 0.3452914798206278 0.65 0.34080717488789236 0.6555555555555556 0.34080717488789236 0.6611111111111111 0.336322869955157 0.6611111111111111 0.33183856502242154 0.6666666666666666 0.32286995515695066 0.6666666666666666 0.3183856502242152 0.6611111111111111 0.31390134529147984 0.6611111111111111 0.3094170403587444 0.6555555555555556 0.30493273542600896 0.6555555555555556 0.2914798206278027 0.6388888888888888 0.28699551569506726 0.6388888888888888 0.2825112107623318 0.6333333333333333 0.2825112107623318 0.6222222222222222 0.2914798206278027 0.6055555555555555 0.2914798206278027 0.6 0.28699551569506726 0.5944444444444444 0.28699551569506726 0.5722222222222222 0.2825112107623318 0.5666666666666667 0.2825112107623318 0.5222222222222223 0.28699551569506726 0.5166666666666667 0.28699551569506726 0.48333333333333334 0.2914798206278027 0.4777777777777778 0.2914798206278027 0.4388888888888889
4 0.04932735426008968 0.4166666666666667 0.053811659192825115 0.4222222222222222 0.053811659192825115 0.45 0.05829596412556054 0.45555555555555555 0.05829596412556054 0.4777777777777778 0.06278026905829596 0.48333333333333334 0.06278026905829596 0.49444444444444446 0.06726457399103139 0.5 0.06726457399103139 0.5111111111111111 0.07623318385650224 0.5222222222222223 0.07623318385650224 0.5277777777777778 0.08071748878923767 0.5333333333333333 0.08071748878923767 0.5388888888888889 0.08520179372197309 0.5444444444444444 0.08520179372197309 0.55 0.08968609865470852 0.5555555555555556 0.08968609865470852 0.5611111111111111 0.09417040358744394 0.5666666666666667 0.09417040358744394 0.5722222222222222 0.09865470852017937 0.5777777777777777 0.09865470852017937 0.5833333333333334 0.1031390134529148 0.5888888888888889 0.1031390134529148 0.5944444444444444 0.10762331838565023 0.6 0.10762331838565023 0.6055555555555555 0.11210762331838565 0.6111111111111112 0.11210762331838565 0.6277777777777778 0.10762331838565023 0.6333333333333333 0.09865470852017937 0.6333333333333333 0.09417040358744394 0.6388888888888888 0.08968609865470852 0.6388888888888888 0.08520179372197309 0.6444444444444445 0.07623318385650224 0.6444444444444445 0.06278026905829596 0.6277777777777778 0.05829596412556054 0.6277777777777778 0.053811659192825115 0.6222222222222222 0.013452914798206279 0.6222222222222222 0.004484304932735426 0.6111111111111112 0 0.6111111111111112 0 0.4388888888888889 0.004484304932735426 0.4388888888888889 0.017937219730941704 0.4222222222222222 0.026905829596412557 0.4222222222222222 0.03139013452914798 0.4166666666666667 0.04484304932735426 0.4166666666666667
4 0.7847533632286996 0.6944444444444444 0.7892376681614349 0.7 0.8026905829596412 0.7 0.8071748878923767 0.7055555555555556 0.820627802690583 0.7055555555555556 0.8251121076233184 0.7111111111111111 0.8430493273542601 0.7111111111111111 0.8475336322869955 0.7166666666666667 0.8609865470852018 0.7166666666666667 0.8654708520179372 0.7222222222222222 0.8789237668161435 0.7222222222222222 0.8834080717488789 0.7277777777777777 0.8923766816143498 0.7277777777777777 0.9013452914798207 0.7388888888888889 0.9147982062780269 0.7388888888888889 0.9192825112107623 0.7444444444444445 0.9372197309417041 0.7444444444444445 0.9417040358744395 0.75 0.9461883408071748 0.75 0.9506726457399103 0.7555555555555555 0.9551569506726457 0.7555555555555555 0.9641255605381166 0.7666666666666667 0.9641255605381166 0.7722222222222223 0.968609865470852 0.7777777777777778 0.968609865470852 0.7944444444444444 0.9775784753363229 0.8055555555555556 0.9775784753363229 0.8166666666666667 0.968609865470852 0.8166666666666667 0.9596412556053812 0.8277777777777777 0.9596412556053812 0.8333333333333334 0.9641255605381166 0.8388888888888889 0.9730941704035875 0.8388888888888889 0.9775784753363229 0.8444444444444444 0.9775784753363229 0.8722222222222222 0.9730941704035875 0.8777777777777778 0.9730941704035875 0.8833333333333333 0.968609865470852 0.8833333333333333 0.9596412556053812 0.8944444444444445 0.9551569506726457 0.8944444444444445 0.9417040358744395 0.9055555555555556 0.9192825112107623 0.9055555555555556 0.905829596412556 0.8944444444444445 0.8609865470852018 0.8944444444444445 0.8475336322869955 0.8833333333333333 0.8295964125560538 0.8833333333333333 0.8251121076233184 0.8777777777777778 0.8026905829596412 0.8777777777777778 0.7982062780269058 0.8722222222222222 0.7847533632286996 0.8722222222222222 0.7802690582959642 0.8666666666666667 0.7713004484304933 0.8666666666666667 0.7668161434977578 0.8722222222222222 0.7533632286995515 0.8611111111111112 0.7443946188340808 0.8611111111111112 0.7399103139013453 0.8555555555555555 0.7309417040358744 0.8555555555555555 0.726457399103139 0.85 0.7174887892376681 0.85 0.7130044843049327 0.8444444444444444 0.7040358744394619 0.8444444444444444 0.6995515695067265 0.8388888888888889 0.695067264573991 0.8388888888888889 0.695067264573991 0.8333333333333334 0.6905829596412556 0.8277777777777777 0.6905829596412556 0.8111111111111111 0.6860986547085202 0.8055555555555556 0.6860986547085202 0.75 0.6905829596412556 0.7444444444444445 0.6905829596412556 0.7222222222222222 0.695067264573991 0.7166666666666667 0.695067264573991 0.7055555555555556 0.7085201793721974 0.6944444444444444 0.7219730941704036 0.6944444444444444 0.726457399103139 0.6888888888888889 0.757847533632287 0.6888888888888889 0.7623318385650224 0.6944444444444444 0.7802690582959642 0.6944444444444444
4 0.28699551569506726 0.08333333333333333 0.2914798206278027 0.08888888888888889 0.29596412556053814 0.08888888888888889 0.30493273542600896 0.10555555555555556 0.30493273542600896 0.1388888888888889 0.3094170403587444 0.14444444444444443 0.3094170403587444 0.15555555555555556 0.31390134529147984 0.16111111111111112 0.3183856502242152 0.16111111111111112 0.3183856502242152 0.17777777777777778 0.31390134529147984 0.18333333333333332 0.31390134529147984 0.18888888888888888 0.3183856502242152 0.19444444444444445 0.3183856502242152 0.2 0.32286995515695066 0.20555555555555555 0.32286995515695066 0.2111111111111111 0.3273542600896861 0.21666666666666667 0.3273542600896861 0.2222222222222222 0.336322869955157 0.23333333333333334 0.336322869955157 0.2388888888888889 0.34080717488789236 0.24444444444444444 0.34080717488789236 0.28888888888888886 0.31390134529147984 0.28888888888888886 0.3094170403587444 0.2833333333333333 0.2914798206278027 0.2833333333333333 0.28699551569506726 0.2777777777777778 0.2825112107623318 0.2777777777777778 0.2825112107623318 0.25555555555555554 0.2600896860986547 0.22777777777777777 0.2556053811659193 0.22777777777777777 0.24663677130044842 0.21666666666666667 0.24663677130044842 0.2111111111111111 0.242152466367713 0.20555555555555555 0.23766816143497757 0.20555555555555555 0.23318385650224216 0.2 0.22869955156950672 0.2 0.2242152466367713 0.20555555555555555 0.22869955156950672 0.2111111111111111 0.22869955156950672 0.2222222222222222 0.21973094170403587 0.2222222222222222 0.21973094170403587 0.21666666666666667 0.21524663677130046 0.2111111111111111 0.21076233183856502 0.2111111111111111 0.2062780269058296 0.21666666666666667 0.2062780269058296 0.2 0.20179372197309417 0.19444444444444445 0.21076233183856502 0.18333333333333332 0.2062780269058296 0.17777777777777778 0.21076233183856502 0.17777777777777778 0.21973094170403587 0.16111111111111112 0.21524663677130046 0.15555555555555556 0.21524663677130046 0.14444444444444443 0.242152466367713 0.1111111111111111 0.24663677130044842 0.1111111111111111 0.2556053811659193 0.1 0.2600896860986547 0.1 0.2645739910313901 0.09444444444444444 0.273542600896861 0.09444444444444444 0.27802690582959644 0.08888888888888889 0.2825112107623318 0.08888888888888889
4 0.9730941704035875 0.5444444444444444 0.9775784753363229 0.55 0.9865470852017937 0.55 0.9955156950672646 0.5611111111111111 0.9955156950672646 0.6611111111111111 0.9910313901345291 0.6666666666666666 0.9955156950672646 0.6722222222222223 0.9955156950672646 0.7833333333333333 0.9865470852017937 0.7833333333333333 0.9775784753363229 0.7722222222222223 0.9775784753363229 0.7666666666666667 0.9641255605381166 0.75 0.9596412556053812 0.75 0.9237668161434978 0.7055555555555556 0.9192825112107623 0.7055555555555556 0.9103139013452914 0.6944444444444444 0.905829596412556 0.6944444444444444 0.9013452914798207 0.6888888888888889 0.9013452914798207 0.6833333333333333 0.8923766816143498 0.6722222222222223 0.8923766816143498 0.6611111111111111 0.8878923766816144 0.6555555555555556 0.8878923766816144 0.65 0.8789237668161435 0.6388888888888888 0.8789237668161435 0.6 0.8834080717488789 0.5944444444444444 0.8834080717488789 0.5888888888888889 0.9147982062780269 0.55 0.9192825112107623 0.55 0.9237668161434978 0.5444444444444444 0.9282511210762332 0.5444444444444444 0.9372197309417041 0.5333333333333333 0.9596412556053812 0.5333333333333333 0.968609865470852 0.5444444444444444
4 0.5515695067264574 0.8 0.5560538116591929 0.8055555555555556 0.5560538116591929 0.8111111111111111 0.5605381165919282 0.8166666666666667 0.5605381165919282 0.8222222222222222 0.5695067264573991 0.8388888888888889 0.5695067264573991 0.85 0.5739910313901345 0.8555555555555555 0.5739910313901345 0.8833333333333333 0.57847533632287 0.8888888888888888 0.57847533632287 0.9 0.5829596412556054 0.9055555555555556 0.5829596412556054 0.9222222222222223 0.5605381165919282 0.9222222222222223 0.5560538116591929 0.9277777777777778 0.5336322869955157 0.9277777777777778 0.5291479820627802 0.9222222222222223 0.5246636771300448 0.9277777777777778 0.5201793721973094 0.9222222222222223 0.4977578475336323 0.9222222222222223 0.49327354260089684 0.9277777777777778 0.3901345291479821 0.9277777777777778 0.38565022421524664 0.9222222222222223 0.35874439461883406 0.9222222222222223 0.3542600896860987 0.9277777777777778 0.34977578475336324 0.9222222222222223 0.32286995515695066 0.9222222222222223 0.32286995515695066 0.9111111111111111 0.33183856502242154 0.9 0.34080717488789236 0.9 0.3721973094170404 0.8611111111111112 0.37668161434977576 0.8611111111111112 0.3811659192825112 0.8555555555555555 0.38565022421524664 0.8555555555555555 0.39461883408071746 0.8444444444444444 0.40358744394618834 0.8444444444444444 0.4080717488789238 0.8388888888888889 0.4170403587443946 0.8388888888888889 0.42152466367713004 0.8333333333333334 0.4304932735426009 0.8333333333333334 0.4349775784753363 0.8277777777777777 0.452914798206278 0.8277777777777777 0.45739910313901344 0.8222222222222222 0.4663677130044843 0.8222222222222222 0.47085201793721976 0.8166666666666667 0.4798206278026906 0.8166666666666667 0.484304932735426 0.8111111111111111 0.49327354260089684 0.8111111111111111 0.4977578475336323 0.8055555555555556 0.5067264573991032 0.8055555555555556 0.5201793721973094 0.7944444444444444 0.5426008968609866 0.7944444444444444 0.547085201793722 0.8
4 0.5067264573991032 0.6333333333333333 0.5112107623318386 0.6388888888888888 0.5381165919282511 0.6388888888888888 0.5426008968609866 0.6444444444444445 0.5695067264573991 0.6444444444444445 0.5739910313901345 0.65 0.5919282511210763 0.65 0.5964125560538116 0.6555555555555556 0.600896860986547 0.6555555555555556 0.6053811659192825 0.6611111111111111 0.6053811659192825 0.6666666666666666 0.6322869955156951 0.7 0.6367713004484304 0.7 0.6412556053811659 0.7055555555555556 0.6547085201793722 0.7055555555555556 0.6591928251121076 0.7 0.6771300448430493 0.7 0.6816143497757847 0.7055555555555556 0.6816143497757847 0.7555555555555555 0.6771300448430493 0.7611111111111111 0.6771300448430493 0.7777777777777778 0.672645739910314 0.7833333333333333 0.6636771300448431 0.7833333333333333 0.6591928251121076 0.7888888888888889 0.6412556053811659 0.7888888888888889 0.6367713004484304 0.7944444444444444 0.5919282511210763 0.7944444444444444 0.5874439461883408 0.8 0.57847533632287 0.8 0.5739910313901345 0.7944444444444444 0.5515695067264574 0.7944444444444444 0.5381165919282511 0.7833333333333333 0.515695067264574 0.7833333333333333 0.5112107623318386 0.7888888888888889 0.484304932735426 0.7888888888888889 0.47533632286995514 0.8 0.4663677130044843 0.8 0.4618834080717489 0.7944444444444444 0.452914798206278 0.7944444444444444 0.4484304932735426 0.7888888888888889 0.4484304932735426 0.7611111111111111 0.4439461883408072 0.7555555555555555 0.4439461883408072 0.7166666666666667 0.4484304932735426 0.7111111111111111 0.4484304932735426 0.6722222222222223 0.452914798206278 0.6666666666666666 0.452914798206278 0.6555555555555556 0.4618834080717489 0.6444444444444445 0.4618834080717489 0.6388888888888888 0.4663677130044843 0.6388888888888888 0.47085201793721976 0.6333333333333333 0.5022421524663677 0.6333333333333333
4 0.4439461883408072 0.23333333333333334 0.4484304932735426 0.2388888888888889 0.45739910313901344 0.2388888888888889 0.4618834080717489 0.23333333333333334 0.4977578475336323 0.23333333333333334 0.5022421524663677 0.2388888888888889 0.5201793721973094 0.2388888888888889 0.5246636771300448 0.24444444444444444 0.5291479820627802 0.2388888888888889 0.5336322869955157 0.2388888888888889 0.547085201793722 0.25 0.5560538116591929 0.25 0.5650224215246636 0.2611111111111111 0.5650224215246636 0.2833333333333333 0.5695067264573991 0.28888888888888886 0.5650224215246636 0.29444444444444445 0.5650224215246636 0.3333333333333333 0.5605381165919282 0.3388888888888889 0.5605381165919282 0.34444444444444444 0.5515695067264574 0.34444444444444444 0.547085201793722 0.35 0.5381165919282511 0.35 0.5336322869955157 0.35555555555555557 0.484304932735426 0.35555555555555557 0.4798206278026906 0.35 0.4663677130044843 0.35 0.4618834080717489 0.34444444444444444 0.452914798206278 0.34444444444444444 0.43946188340807174 0.3333333333333333 0.4304932735426009 0.3333333333333333 0.4304932735426009 0.3277777777777778 0.4170403587443946 0.3111111111111111 0.3991031390134529 0.3111111111111111 0.39461883408071746 0.3055555555555556 0.38565022421524664 0.3055555555555556 0.3811659192825112 0.3 0.3721973094170404 0.3 0.36771300448430494 0.29444444444444445 0.34977578475336324 0.29444444444444445 0.34977578475336324 0.28888888888888886 0.3452914798206278 0.2833333333333333 0.3452914798206278 0.2777777777777778 0.34977578475336324 0.2722222222222222 0.34977578475336324 0.26666666666666666 0.3452914798206278 0.2611111111111111 0.3542600896860987 0.24444444444444444 0.36771300448430494 0.24444444444444444 0.3721973094170404 0.2388888888888889 0.43946188340807174 0.2388888888888889
4 0.23766816143497757 0.5777777777777777 0.25112107623318386 0.5944444444444444 0.25112107623318386 0.6 0.2556053811659193 0.6055555555555555 0.2556053811659193 0.6111111111111112 0.2645739910313901 0.6222222222222222 0.2645739910313901 0.6333333333333333 0.26905829596412556 0.6388888888888888 0.26905829596412556 0.6611111111111111 0.2645739910313901 0.6666666666666666 0.242152466367713 0.6666666666666666 0.2242152466367713 0.6888888888888889 0.21973094170403587 0.6888888888888889 0.21524663677130046 0.6944444444444444 0.2062780269058296 0.6944444444444444 0.20179372197309417 0.7 0.19282511210762332 0.7 0.18834080717488788 0.7055555555555556 0.18385650224215247 0.7055555555555556 0.17937219730941703 0.7111111111111111 0.17488789237668162 0.7111111111111111 0.17040358744394618 0.7166666666666667 0.16591928251121077 0.7166666666666667 0.16143497757847533 0.7222222222222222 0.15695067264573992 0.7222222222222222 0.14798206278026907 0.7333333333333333 0.13901345291479822 0.7333333333333333 0.13452914798206278 0.7388888888888889 0.13004484304932734 0.7388888888888889 0.11659192825112108 0.75 0.10762331838565023 0.75 0.1031390134529148 0.7555555555555555 0.09417040358744394 0.7555555555555555 0.08520179372197309 0.7666666666666667 0.06278026905829596 0.7666666666666667 0.053811659192825115 0.7555555555555555 0.053811659192825115 0.75 0.04932735426008968 0.7444444444444445 0.04932735426008968 0.7333333333333333 0.04484304932735426 0.7277777777777777 0.04484304932735426 0.7111111111111111 0.04035874439461883 0.7055555555555556 0.04035874439461883 0.6833333333333333 0.04484304932735426 0.6833333333333333 0.04932735426008968 0.6777777777777778 0.05829596412556054 0.6777777777777778 0.06278026905829596 0.6722222222222223 0.06726457399103139 0.6722222222222223 0.07174887892376682 0.6666666666666666 0.07623318385650224 0.6666666666666666 0.08520179372197309 0.6555555555555556 0.08968609865470852 0.6555555555555556 0.09417040358744394 0.65 0.1031390134529148 0.65 0.10762331838565023 0.6444444444444445 0.11659192825112108 0.6444444444444445 0.1210762331838565 0.6388888888888888 0.12556053811659193 0.6388888888888888 0.13004484304932734 0.6333333333333333 0.13452914798206278 0.6333333333333333 0.13901345291479822 0.6277777777777778 0.14349775784753363 0.6277777777777778 0.14798206278026907 0.6222222222222222 0.15695067264573992 0.6222222222222222 0.16143497757847533 0.6166666666666667 0.17040358744394618 0.6166666666666667 0.18385650224215247 0.6055555555555555 0.19282511210762332 0.6055555555555555 0.20179372197309417 0.5944444444444444 0.21076233183856502 0.5944444444444444 0.21973094170403587 0.5833333333333334 0.2242152466367713 0.5833333333333334 0.22869955156950672 0.5777777777777777 0.23318385650224216 0.5777777777777777
4 0.6995515695067265 0.8444444444444444 0.7040358744394619 0.85 0.7130044843049327 0.85 0.7174887892376681 0.8555555555555555 0.726457399103139 0.8555555555555555 0.7399103139013453 0.8666666666666667 0.7533632286995515 0.8666666666666667 0.757847533632287 0.8722222222222222 0.7802690582959642 0.8722222222222222 0.7847533632286996 0.8777777777777778 0.7892376681614349 0.8722222222222222 0.7937219730941704 0.8777777777777778 0.8071748878923767 0.8777777777777778 0.8116591928251121 0.8833333333333333 0.8295964125560538 0.8833333333333333 0.8340807174887892 0.8888888888888888 0.8430493273542601 0.8888888888888888 0.852017937219731 0.9 0.852017937219731 0.9111111111111111 0.8475336322869955 0.9166666666666666 0.8475336322869955 0.9222222222222223 0.8340807174887892 0.9222222222222223 0.8295964125560538 0.9277777777777778 0.7174887892376681 0.9277777777777778 0.7130044843049327 0.9222222222222223 0.6816143497757847 0.9222222222222223 0.6816143497757847 0.9111111111111111 0.672645739910314 0.9 0.6681614349775785 0.9 0.6591928251121076 0.8888888888888888 0.6636771300448431 0.8833333333333333 0.6636771300448431 0.8777777777777778 0.6591928251121076 0.8722222222222222 0.6816143497757847 0.8444444444444444 0.695067264573991 0.8444444444444444
4 0.852017937219731 0.31666666666666665 0.8654708520179372 0.3333333333333333 0.8654708520179372 0.3388888888888889 0.874439461883408 0.35 0.8789237668161435 0.35 0.8834080717488789 0.35555555555555557 0.8878923766816144 0.35555555555555557 0.8968609865470852 0.36666666666666664 0.8968609865470852 0.37222222222222223 0.9327354260089686 0.4166666666666667 0.9327354260089686 0.4222222222222222 0.9641255605381166 0.46111111111111114 0.9641255605381166 0.4666666666666667 0.9730941704035875 0.4777777777777778 0.9730941704035875 0.48333333333333334 0.9775784753363229 0.4888888888888889 0.9775784753363229 0.5 0.9641255605381166 0.5166666666666667 0.9506726457399103 0.5166666666666667 0.9372197309417041 0.5277777777777778 0.9282511210762332 0.5277777777777778 0.9147982062780269 0.5444444444444444 0.9103139013452914 0.5444444444444444 0.9013452914798207 0.5555555555555556 0.8923766816143498 0.5555555555555556 0.8878923766816144 0.5611111111111111 0.8878923766816144 0.5666666666666667 0.8789237668161435 0.5666666666666667 0.874439461883408 0.5722222222222222 0.874439461883408 0.5444444444444444 0.8699551569506726 0.5388888888888889 0.8699551569506726 0.5333333333333333 0.8475336322869955 0.5055555555555555 0.8430493273542601 0.5055555555555555 0.8340807174887892 0.49444444444444446 0.8295964125560538 0.49444444444444446 0.8116591928251121 0.4722222222222222 0.8116591928251121 0.4666666666666667 0.8026905829596412 0.45 0.8026905829596412 0.4166666666666667 0.7892376681614349 0.4 0.7892376681614349 0.39444444444444443 0.7757847533632287 0.37777777777777777 0.7757847533632287 0.35 0.7802690582959642 0.34444444444444444 0.7802690582959642 0.3388888888888889 0.7892376681614349 0.3277777777777778 0.7937219730941704 0.3277777777777778 0.8026905829596412 0.31666666666666665 0.8071748878923767 0.31666666666666665 0.8116591928251121 0.3111111111111111 0.8430493273542601 0.3111111111111111 0.8475336322869955 0.31666666666666665
4 0.6457399103139013 0 0.6502242152466368 0.005555555555555556 0.6502242152466368 0.05 0.6547085201793722 0.05555555555555555 0.6547085201793722 0.07222222222222222 0.6591928251121076 0.07777777777777778 0.6591928251121076 0.14444444444444443 0.6502242152466368 0.15555555555555556 0.6098654708520179 0.15555555555555556 0.5964125560538116 0.16666666666666666 0.5829596412556054 0.16666666666666666 0.5829596412556054 0.14444444444444443 0.57847533632287 0.1388888888888889 0.57847533632287 0.13333333333333333 0.5650224215246636 0.11666666666666667 0.5650224215246636 0.1111111111111111 0.5605381165919282 0.10555555555555556 0.5605381165919282 0.08888888888888889 0.5560538116591929 0.08333333333333333 0.5560538116591929 0.06111111111111111 0.5515695067264574 0.05555555555555555 0.5515695067264574 0.044444444444444446 0.5560538116591929 0.03888888888888889 0.5560538116591929 0.03333333333333333 0.5515695067264574 0.027777777777777776 0.5515695067264574 0.011111111111111112 0.5605381165919282 0 0.600896860986547 0 0.6053811659192825 0.005555555555555556 0.6098654708520179 0 0.6412556053811659 0
4 0.7757847533632287 0.3888888888888889 0.7802690582959642 0.39444444444444443 0.7802690582959642 0.4 0.7892376681614349 0.4166666666666667 0.7892376681614349 0.42777777777777776 0.7937219730941704 0.43333333333333335 0.7937219730941704 0.4888888888888889 0.7892376681614349 0.49444444444444446 0.7892376681614349 0.5055555555555555 0.7802690582959642 0.5222222222222223 0.7757847533632287 0.5222222222222223 0.7713004484304933 0.5277777777777778 0.7533632286995515 0.5277777777777778 0.7488789237668162 0.5333333333333333 0.695067264573991 0.5333333333333333 0.6905829596412556 0.5277777777777778 0.6860986547085202 0.5333333333333333 0.6547085201793722 0.5333333333333333 0.6502242152466368 0.5277777777777778 0.600896860986547 0.5277777777777778 0.5964125560538116 0.5222222222222223 0.5695067264573991 0.5222222222222223 0.5650224215246636 0.5277777777777778 0.5515695067264574 0.5277777777777778 0.547085201793722 0.5222222222222223 0.547085201793722 0.5111111111111111 0.5381165919282511 0.5 0.5381165919282511 0.4888888888888889 0.5336322869955157 0.48333333333333334 0.5336322869955157 0.4388888888888889 0.5381165919282511 0.43333333333333335 0.5381165919282511 0.42777777777777776 0.5426008968609866 0.42777777777777776 0.5515695067264574 0.4166666666666667 0.5650224215246636 0.4166666666666667 0.5695067264573991 0.4222222222222222 0.5829596412556054 0.4222222222222222 0.5874439461883408 0.4166666666666667 0.5919282511210763 0.4166666666666667 0.5964125560538116 0.4111111111111111 0.5964125560538116 0.40555555555555556 0.600896860986547 0.40555555555555556 0.6053811659192825 0.4 0.6457399103139013 0.4 0.6502242152466368 0.39444444444444443 0.6905829596412556 0.39444444444444443 0.695067264573991 0.3888888888888889 0.7713004484304933 0.3888888888888889
4 0.23766816143497757 0.40555555555555556 0.242152466367713 0.4111111111111111 0.24663677130044842 0.4111111111111111 0.25112107623318386 0.4166666666666667 0.2556053811659193 0.4166666666666667 0.2600896860986547 0.4222222222222222 0.2645739910313901 0.4222222222222222 0.273542600896861 0.43333333333333335 0.273542600896861 0.4388888888888889 0.2825112107623318 0.45 0.2825112107623318 0.5166666666666667 0.27802690582959644 0.5222222222222223 0.27802690582959644 0.5388888888888889 0.273542600896861 0.5388888888888889 0.2645739910313901 0.55 0.242152466367713 0.55 0.23766816143497757 0.5555555555555556 0.23318385650224216 0.5555555555555556 0.2242152466367713 0.5444444444444444 0.2242152466367713 0.5388888888888889 0.21524663677130046 0.5277777777777778 0.21524663677130046 0.5222222222222223 0.21076233183856502 0.5166666666666667 0.21076233183856502 0.5111111111111111 0.20179372197309417 0.5 0.20179372197309417 0.49444444444444446 0.18834080717488788 0.4777777777777778 0.18834080717488788 0.4722222222222222 0.18385650224215247 0.4666666666666667 0.18385650224215247 0.4388888888888889 0.20179372197309417 0.4166666666666667 0.21524663677130046 0.4166666666666667 0.21973094170403587 0.4111111111111111 0.2242152466367713 0.4111111111111111 0.22869955156950672 0.40555555555555556 0.23318385650224216 0.40555555555555556
4 0.13004484304932734 0.3888888888888889 0.13901345291479822 0.4 0.13901345291479822 0.40555555555555556 0.15246636771300448 0.4222222222222222 0.15695067264573992 0.4222222222222222 0.16143497757847533 0.42777777777777776 0.16143497757847533 0.43333333333333335 0.17040358744394618 0.4444444444444444 0.17040358744394618 0.45 0.17488789237668162 0.45555555555555555 0.17488789237668162 0.46111111111111114 0.17937219730941703 0.4666666666666667 0.17937219730941703 0.4722222222222222 0.19282511210762332 0.4888888888888889 0.19282511210762332 0.49444444444444446 0.20179372197309417 0.5055555555555555 0.20179372197309417 0.5111111111111111 0.2062780269058296 0.5166666666666667 0.2062780269058296 0.5222222222222223 0.21524663677130046 0.5333333333333333 0.21524663677130046 0.5388888888888889 0.2242152466367713 0.5555555555555556 0.2242152466367713 0.5666666666666667 0.21524663677130046 0.5833333333333334 0.21076233183856502 0.5833333333333334 0.2062780269058296 0.5888888888888889 0.19730941704035873 0.5888888888888889 0.19282511210762332 0.5944444444444444 0.18385650224215247 0.5944444444444444 0.17488789237668162 0.6055555555555555 0.17040358744394618 0.6055555555555555 0.16591928251121077 0.6111111111111112 0.15246636771300448 0.6111111111111112 0.14798206278026907 0.6166666666666667 0.13901345291479822 0.6166666666666667 0.13452914798206278 0.6222222222222222 0.13004484304932734 0.6222222222222222 0.11659192825112108 0.6111111111111112 0.11659192825112108 0.6055555555555555 0.11210762331838565 0.6 0.11210762331838565 0.5944444444444444 0.10762331838565023 0.5888888888888889 0.10762331838565023 0.5833333333333334 0.1031390134529148 0.5777777777777777 0.1031390134529148 0.5722222222222222 0.09865470852017937 0.5666666666666667 0.09865470852017937 0.5611111111111111 0.09417040358744394 0.5555555555555556 0.09417040358744394 0.55 0.08968609865470852 0.5444444444444444 0.08968609865470852 0.5388888888888889 0.08071748878923767 0.5277777777777778 0.08071748878923767 0.5166666666666667 0.07174887892376682 0.5055555555555555 0.07174887892376682 0.49444444444444446 0.06726457399103139 0.4888888888888889 0.06726457399103139 0.45555555555555555 0.06278026905829596 0.45 0.06278026905829596 0.4166666666666667 0.08071748878923767 0.39444444444444443 0.08520179372197309 0.39444444444444443 0.09865470852017937 0.38333333333333336 0.1210762331838565 0.38333333333333336 0.12556053811659193 0.3888888888888889
4 0 0.8555555555555555 0.004484304932735426 0.8555555555555555 0.013452914798206279 0.8666666666666667 0.017937219730941704 0.8666666666666667 0.02242152466367713 0.8722222222222222 0.026905829596412557 0.8722222222222222 0.03139013452914798 0.8777777777777778 0.03587443946188341 0.8777777777777778 0.04932735426008968 0.8944444444444445 0.04932735426008968 0.9 0.05829596412556054 0.9111111111111111 0.06278026905829596 0.9111111111111111 0.06726457399103139 0.9166666666666666 0.07174887892376682 0.9166666666666666 0.07623318385650224 0.9222222222222223 0.05829596412556054 0.9222222222222223 0.053811659192825115 0.9277777777777778 0 0.9277777777777778 0 0.8611111111111112
4 0.5201793721973094 0.12222222222222222 0.5246636771300448 0.12777777777777777 0.5605381165919282 0.12777777777777777 0.5605381165919282 0.13333333333333333 0.5695067264573991 0.14444444444444443 0.5695067264573991 0.20555555555555555 0.5650224215246636 0.2111111111111111 0.5650224215246636 0.2222222222222222 0.5605381165919282 0.22777777777777777 0.515695067264574 0.22777777777777777 0.5112107623318386 0.2222222222222222 0.5067264573991032 0.22777777777777777 0.5022421524663677 0.2222222222222222 0.4977578475336323 0.22777777777777777 0.4439461883408072 0.22777777777777777 0.43946188340807174 0.23333333333333334 0.42152466367713004 0.23333333333333334 0.4170403587443946 0.22777777777777777 0.4125560538116592 0.23333333333333334 0.4080717488789238 0.23333333333333334 0.40358744394618834 0.22777777777777777 0.3901345291479821 0.22777777777777777 0.38565022421524664 0.23333333333333334 0.35874439461883406 0.23333333333333334 0.3542600896860987 0.2388888888888889 0.3452914798206278 0.2388888888888889 0.3452914798206278 0.23333333333333334 0.336322869955157 0.2222222222222222 0.336322869955157 0.21666666666666667 0.33183856502242154 0.2111111111111111 0.33183856502242154 0.18888888888888888 0.3273542600896861 0.18333333333333332 0.3273542600896861 0.17777777777777778 0.33183856502242154 0.17222222222222222 0.3273542600896861 0.16666666666666666 0.3273542600896861 0.16111111111111112 0.33183856502242154 0.15555555555555556 0.33183856502242154 0.12222222222222222 0.336322869955157 0.11666666666666667 0.3452914798206278 0.11666666666666667 0.34977578475336324 0.1111111111111111 0.39461883408071746 0.1111111111111111 0.3991031390134529 0.10555555555555556 0.4125560538116592 0.10555555555555556 0.4170403587443946 0.1111111111111111 0.43946188340807174 0.1111111111111111 0.4439461883408072 0.10555555555555556 0.47533632286995514 0.10555555555555556 0.4798206278026906 0.1111111111111111 0.48878923766816146 0.1111111111111111 0.49327354260089684 0.11666666666666667 0.5022421524663677 0.11666666666666667 0.5067264573991032 0.12222222222222222 0.515695067264574 0.12222222222222222
4 0.4484304932735426 0.34444444444444444 0.452914798206278 0.35 0.4663677130044843 0.35 0.4798206278026906 0.3611111111111111 0.5336322869955157 0.3611111111111111 0.5381165919282511 0.36666666666666664 0.5381165919282511 0.37222222222222223 0.5336322869955157 0.37777777777777777 0.5336322869955157 0.4 0.5291479820627802 0.40555555555555556 0.5291479820627802 0.4166666666666667 0.5246636771300448 0.4222222222222222 0.5246636771300448 0.43333333333333335 0.5201793721973094 0.43333333333333335 0.5067264573991032 0.4222222222222222 0.4977578475336323 0.4222222222222222 0.49327354260089684 0.4166666666666667 0.484304932735426 0.4166666666666667 0.4798206278026906 0.4111111111111111 0.4663677130044843 0.4111111111111111 0.45739910313901344 0.4222222222222222 0.45739910313901344 0.42777777777777776 0.452914798206278 0.43333333333333335 0.452914798206278 0.4444444444444444 0.4484304932735426 0.45 0.4484304932735426 0.45555555555555555 0.4439461883408072 0.46111111111111114 0.4304932735426009 0.46111111111111114 0.42152466367713004 0.4722222222222222 0.4080717488789238 0.45555555555555555 0.4080717488789238 0.4222222222222222 0.4125560538116592 0.4166666666666667 0.4125560538116592 0.37777777777777777 0.42152466367713004 0.3611111111111111 0.42152466367713004 0.35 0.4260089686098655 0.35 0.4349775784753363 0.3388888888888889 0.43946188340807174 0.3388888888888889 0.4439461883408072 0.34444444444444444
4 0.4798206278026906 0.4166666666666667 0.484304932735426 0.4222222222222222 0.49327354260089684 0.4222222222222222 0.4977578475336323 0.42777777777777776 0.5022421524663677 0.42777777777777776 0.5067264573991032 0.43333333333333335 0.5112107623318386 0.43333333333333335 0.515695067264574 0.4388888888888889 0.5201793721973094 0.4388888888888889 0.5201793721973094 0.4444444444444444 0.5246636771300448 0.45 0.5246636771300448 0.45555555555555555 0.5201793721973094 0.46111111111111114 0.5201793721973094 0.4722222222222222 0.5112107623318386 0.4888888888888889 0.5112107623318386 0.55 0.5067264573991032 0.5555555555555556 0.5067264573991032 0.5611111111111111 0.5022421524663677 0.5666666666666667 0.5022421524663677 0.5722222222222222 0.4977578475336323 0.5777777777777777 0.4977578475336323 0.5833333333333334 0.49327354260089684 0.5888888888888889 0.49327354260089684 0.5944444444444444 0.48878923766816146 0.6 0.48878923766816146 0.6055555555555555 0.484304932735426 0.6111111111111112 0.484304932735426 0.6166666666666667 0.47533632286995514 0.6277777777777778 0.4618834080717489 0.6277777777777778 0.452914798206278 0.6388888888888888 0.452914798206278 0.6444444444444445 0.4484304932735426 0.65 0.4484304932735426 0.6611111111111111 0.4439461883408072 0.6666666666666666 0.4439461883408072 0.6777777777777778 0.43946188340807174 0.6833333333333333 0.43946188340807174 0.7 0.4304932735426009 0.7111111111111111 0.4260089686098655 0.7055555555555556 0.4170403587443946 0.7055555555555556 0.4125560538116592 0.7 0.40358744394618834 0.7 0.3991031390134529 0.6944444444444444 0.38565022421524664 0.6944444444444444 0.3811659192825112 0.6888888888888889 0.3721973094170404 0.6888888888888889 0.36771300448430494 0.6833333333333333 0.3632286995515695 0.6833333333333333 0.3542600896860987 0.6722222222222223 0.3542600896860987 0.6666666666666666 0.34977578475336324 0.6611111111111111 0.34977578475336324 0.6555555555555556 0.35874439461883406 0.6388888888888888 0.35874439461883406 0.6277777777777778 0.3632286995515695 0.6222222222222222 0.3632286995515695 0.6166666666666667 0.36771300448430494 0.6111111111111112 0.36771300448430494 0.6055555555555555 0.37668161434977576 0.5944444444444444 0.37668161434977576 0.5888888888888889 0.3811659192825112 0.5833333333333334 0.3811659192825112 0.5777777777777777 0.3901345291479821 0.5611111111111111 0.3901345291479821 0.55 0.39461883408071746 0.5444444444444444 0.39461883408071746 0.5388888888888889 0.3991031390134529 0.5333333333333333 0.3991031390134529 0.5277777777777778 0.4080717488789238 0.5166666666666667 0.4080717488789238 0.5111111111111111 0.4170403587443946 0.5 0.4170403587443946 0.49444444444444446 0.42152466367713004 0.4888888888888889 0.42152466367713004 0.48333333333333334 0.4260089686098655 0.4777777777777778 0.4304932735426009 0.4777777777777778 0.43946188340807174 0.4666666666666667 0.4484304932735426 0.4666666666666667 0.45739910313901344 0.45555555555555555 0.45739910313901344 0.4388888888888889 0.4618834080717489 0.43333333333333335 0.4618834080717489 0.42777777777777776 0.47085201793721976 0.4166666666666667 0.47533632286995514 0.4166666666666667
4 0.28699551569506726 0.6833333333333333 0.2914798206278027 0.6888888888888889 0.34977578475336324 0.6888888888888889 0.3542600896860987 0.6944444444444444 0.3632286995515695 0.6944444444444444 0.36771300448430494 0.7 0.37668161434977576 0.7 0.3811659192825112 0.7055555555555556 0.3901345291479821 0.7055555555555556 0.39461883408071746 0.7111111111111111 0.3991031390134529 0.7111111111111111 0.40358744394618834 0.7166666666666667 0.4080717488789238 0.7166666666666667 0.42152466367713004 0.7277777777777777 0.4304932735426009 0.7277777777777777 0.4349775784753363 0.7333333333333333 0.4349775784753363 0.7666666666666667 0.43946188340807174 0.7722222222222223 0.43946188340807174 0.7888888888888889 0.4439461883408072 0.7944444444444444 0.43946188340807174 0.8 0.43946188340807174 0.8055555555555556 0.4349775784753363 0.8111111111111111 0.4349775784753363 0.8166666666666667 0.4304932735426009 0.8222222222222222 0.4260089686098655 0.8222222222222222 0.4125560538116592 0.8333333333333334 0.40358744394618834 0.8333333333333334 0.3991031390134529 0.8388888888888889 0.38565022421524664 0.8388888888888889 0.3811659192825112 0.8444444444444444 0.35874439461883406 0.8444444444444444 0.3542600896860987 0.8388888888888889 0.3452914798206278 0.8388888888888889 0.33183856502242154 0.8277777777777777 0.32286995515695066 0.8277777777777777 0.3183856502242152 0.8222222222222222 0.3094170403587444 0.8222222222222222 0.30493273542600896 0.8166666666666667 0.29596412556053814 0.8166666666666667 0.2914798206278027 0.8111111111111111 0.28699551569506726 0.8111111111111111 0.2825112107623318 0.8055555555555556 0.27802690582959644 0.8055555555555556 0.273542600896861 0.8 0.26905829596412556 0.8 0.2556053811659193 0.7833333333333333 0.23766816143497757 0.7833333333333333 0.23318385650224216 0.7777777777777778 0.2242152466367713 0.7777777777777778 0.21524663677130046 0.7666666666666667 0.21524663677130046 0.7333333333333333 0.2242152466367713 0.7166666666666667 0.2242152466367713 0.7055555555555556 0.22869955156950672 0.7 0.22869955156950672 0.6944444444444444 0.23766816143497757 0.6833333333333333 0.242152466367713 0.6833333333333333 0.24663677130044842 0.6777777777777778 0.27802690582959644 0.6777777777777778 0.2825112107623318 0.6833333333333333
4 0.2556053811659193 0 0.2600896860986547 0.005555555555555556 0.2600896860986547 0.022222222222222223 0.2556053811659193 0.027777777777777776 0.2556053811659193 0.03888888888888889 0.25112107623318386 0.044444444444444446 0.25112107623318386 0.05 0.242152466367713 0.06111111111111111 0.242152466367713 0.06666666666666667 0.22869955156950672 0.08333333333333333 0.22869955156950672 0.08888888888888889 0.21973094170403587 0.1 0.21973094170403587 0.10555555555555556 0.21524663677130046 0.1111111111111111 0.21524663677130046 0.11666666666666667 0.20179372197309417 0.13333333333333333 0.20179372197309417 0.1388888888888889 0.19730941704035873 0.14444444444444443 0.19730941704035873 0.15 0.18385650224215247 0.16666666666666666 0.18385650224215247 0.17222222222222222 0.17937219730941703 0.17777777777777778 0.17937219730941703 0.18333333333333332 0.17040358744394618 0.18333333333333332 0.16143497757847533 0.19444444444444445 0.16143497757847533 0.2 0.15695067264573992 0.2 0.13901345291479822 0.2222222222222222 0.13901345291479822 0.22777777777777777 0.13452914798206278 0.23333333333333334 0.13452914798206278 0.2388888888888889 0.12556053811659193 0.25 0.12556053811659193 0.25555555555555554 0.11210762331838565 0.2722222222222222 0.11210762331838565 0.2777777777777778 0.10762331838565023 0.2777777777777778 0.09417040358744394 0.29444444444444445 0.09417040358744394 0.3 0.08968609865470852 0.3 0.08520179372197309 0.3055555555555556 0.07623318385650224 0.3055555555555556 0.07174887892376682 0.3 0.06278026905829596 0.3 0.05829596412556054 0.29444444444444445 0.04484304932735426 0.3055555555555556 0.04035874439461883 0.3055555555555556 0.03587443946188341 0.3 0.03139013452914798 0.3 0.026905829596412557 0.3055555555555556 0 0.3055555555555556 0 0.19444444444444445 0.004484304932735426 0.18888888888888888 0.004484304932735426 0.17777777777777778 0 0.17222222222222222 0 0.12777777777777777 0.004484304932735426 0.12222222222222222 0.004484304932735426 0.11666666666666667 0 0.1111111111111111 0 0.1 0.004484304932735426 0.09444444444444444 0 0.08888888888888889 0 0.07222222222222222 0.004484304932735426 0.06666666666666667 0.004484304932735426 0.06111111111111111 0 0.05555555555555555 0 0.011111111111111112 0.008968609865470852 0 0.05829596412556054 0 0.06278026905829596 0.005555555555555556 0.07174887892376682 0.005555555555555556 0.07623318385650224 0 0.25112107623318386 0
4 0.7668161434977578 0.5444444444444444 0.7713004484304933 0.55 0.7802690582959642 0.55 0.8026905829596412 0.5777777777777777 0.8026905829596412 0.5833333333333334 0.8071748878923767 0.5888888888888889 0.8071748878923767 0.6444444444444445 0.8026905829596412 0.65 0.8026905829596412 0.6555555555555556 0.7982062780269058 0.6611111111111111 0.7982062780269058 0.6666666666666666 0.7937219730941704 0.6666666666666666 0.7847533632286996 0.6777777777777778 0.7802690582959642 0.6777777777777778 0.7757847533632287 0.6833333333333333 0.7623318385650224 0.6833333333333333 0.757847533632287 0.6777777777777778 0.7309417040358744 0.6777777777777778 0.726457399103139 0.6833333333333333 0.695067264573991 0.6833333333333333 0.6905829596412556 0.6888888888888889 0.6816143497757847 0.6888888888888889 0.6771300448430493 0.6944444444444444 0.6367713004484304 0.6944444444444444 0.6322869955156951 0.6888888888888889 0.6278026905829597 0.6888888888888889 0.6188340807174888 0.6777777777777778 0.6188340807174888 0.6722222222222223 0.6098654708520179 0.6555555555555556 0.6098654708520179 0.6 0.6143497757847534 0.5944444444444444 0.6143497757847534 0.5888888888888889 0.6278026905829597 0.5722222222222222 0.6367713004484304 0.5722222222222222 0.6502242152466368 0.5611111111111111 0.6591928251121076 0.5611111111111111 0.6636771300448431 0.5555555555555556 0.6771300448430493 0.5555555555555556 0.6816143497757847 0.55 0.726457399103139 0.55 0.7309417040358744 0.5444444444444444 0.7623318385650224 0.5444444444444444
4 0.13901345291479822 0.7611111111111111 0.14349775784753363 0.7666666666666667 0.14798206278026907 0.7666666666666667 0.15246636771300448 0.7611111111111111 0.16591928251121077 0.7611111111111111 0.17040358744394618 0.7555555555555555 0.19282511210762332 0.7555555555555555 0.19730941704035873 0.75 0.20179372197309417 0.75 0.2062780269058296 0.7555555555555555 0.2062780269058296 0.7666666666666667 0.21076233183856502 0.7722222222222223 0.21076233183856502 0.7833333333333333 0.2062780269058296 0.7888888888888889 0.2062780269058296 0.7944444444444444 0.18834080717488788 0.8166666666666667 0.18834080717488788 0.8388888888888889 0.19282511210762332 0.8444444444444444 0.19282511210762332 0.85 0.20179372197309417 0.8611111111111112 0.20179372197309417 0.8722222222222222 0.19730941704035873 0.8777777777777778 0.17937219730941703 0.8777777777777778 0.17488789237668162 0.8833333333333333 0.16143497757847533 0.8833333333333333 0.13901345291479822 0.9111111111111111 0.09865470852017937 0.9111111111111111 0.09417040358744394 0.9166666666666666 0.08968609865470852 0.9111111111111111 0.07174887892376682 0.9111111111111111 0.06726457399103139 0.9055555555555556 0.06278026905829596 0.9055555555555556 0.04932735426008968 0.8888888888888888 0.04932735426008968 0.8833333333333333 0.04484304932735426 0.8777777777777778 0.04484304932735426 0.8611111111111112 0.04035874439461883 0.8555555555555555 0.04035874439461883 0.8055555555555556 0.04484304932735426 0.8 0.04484304932735426 0.7944444444444444 0.053811659192825115 0.7833333333333333 0.05829596412556054 0.7833333333333333 0.06278026905829596 0.7777777777777778 0.07623318385650224 0.7777777777777778 0.08071748878923767 0.7722222222222223 0.08968609865470852 0.7722222222222223 0.09417040358744394 0.7666666666666667 0.10762331838565023 0.7666666666666667 0.11210762331838565 0.7611111111111111 0.13452914798206278 0.7611111111111111
4 0.7533632286995515 0.16666666666666666 0.7623318385650224 0.17777777777777778 0.7623318385650224 0.26666666666666666 0.7668161434977578 0.2722222222222222 0.7668161434977578 0.3 0.7623318385650224 0.3055555555555556 0.7623318385650224 0.3333333333333333 0.7668161434977578 0.3388888888888889 0.7668161434977578 0.34444444444444444 0.7623318385650224 0.35 0.7623318385650224 0.35555555555555557 0.7533632286995515 0.36666666666666664 0.7488789237668162 0.36666666666666664 0.7443946188340808 0.37222222222222223 0.726457399103139 0.37222222222222223 0.7219730941704036 0.37777777777777777 0.6905829596412556 0.37777777777777777 0.6860986547085202 0.38333333333333336 0.6816143497757847 0.37777777777777777 0.672645739910314 0.37777777777777777 0.6591928251121076 0.36666666666666664 0.6591928251121076 0.35 0.6547085201793722 0.34444444444444444 0.6547085201793722 0.3333333333333333 0.6502242152466368 0.3277777777777778 0.6502242152466368 0.2777777777777778 0.6547085201793722 0.2722222222222222 0.6502242152466368 0.26666666666666666 0.6502242152466368 0.24444444444444444 0.6547085201793722 0.2388888888888889 0.6547085201793722 0.18888888888888888 0.6636771300448431 0.17222222222222222 0.6860986547085202 0.17222222222222222 0.6905829596412556 0.16666666666666666 0.7488789237668162 0.16666666666666666
4 0.23766816143497757 0.2777777777777778 0.242152466367713 0.2833333333333333 0.24663677130044842 0.2777777777777778 0.2600896860986547 0.2777777777777778 0.273542600896861 0.28888888888888886 0.30493273542600896 0.28888888888888886 0.3094170403587444 0.29444444444444445 0.3273542600896861 0.29444444444444445 0.33183856502242154 0.3 0.34977578475336324 0.3 0.3542600896860987 0.3055555555555556 0.37668161434977576 0.3055555555555556 0.3811659192825112 0.3111111111111111 0.3901345291479821 0.3111111111111111 0.40358744394618834 0.32222222222222224 0.4125560538116592 0.32222222222222224 0.4170403587443946 0.3277777777777778 0.4170403587443946 0.3333333333333333 0.4080717488789238 0.35 0.4080717488789238 0.3611111111111111 0.39461883408071746 0.37777777777777777 0.39461883408071746 0.38333333333333336 0.38565022421524664 0.4 0.38565022421524664 0.4111111111111111 0.3721973094170404 0.42777777777777776 0.32286995515695066 0.42777777777777776 0.3183856502242152 0.4222222222222222 0.28699551569506726 0.4222222222222222 0.2825112107623318 0.4166666666666667 0.2645739910313901 0.4166666666666667 0.2556053811659193 0.40555555555555556 0.24663677130044842 0.40555555555555556 0.23766816143497757 0.39444444444444443 0.20179372197309417 0.39444444444444443 0.19730941704035873 0.3888888888888889 0.18385650224215247 0.3888888888888889 0.17937219730941703 0.38333333333333336 0.17488789237668162 0.38333333333333336 0.17488789237668162 0.35 0.17040358744394618 0.34444444444444444 0.17488789237668162 0.3388888888888889 0.17488789237668162 0.32222222222222224 0.17937219730941703 0.31666666666666665 0.17937219730941703 0.3111111111111111 0.18385650224215247 0.3055555555555556 0.18385650224215247 0.3 0.19282511210762332 0.28888888888888886 0.19730941704035873 0.28888888888888886 0.20179372197309417 0.2833333333333333 0.21524663677130046 0.2833333333333333 0.21973094170403587 0.2777777777777778 0.23318385650224216 0.2777777777777778
4 0.47085201793721976 0 0.47533632286995514 0.005555555555555556 0.48878923766816146 0.005555555555555556 0.49327354260089684 0.011111111111111112 0.5067264573991032 0.011111111111111112 0.515695067264574 0 0.5426008968609866 0 0.5426008968609866 0.044444444444444446 0.547085201793722 0.05 0.547085201793722 0.08888888888888889 0.5515695067264574 0.09444444444444444 0.5381165919282511 0.1111111111111111 0.5022421524663677 0.1111111111111111 0.48878923766816146 0.1 0.47085201793721976 0.1 0.4663677130044843 0.09444444444444444 0.4484304932735426 0.09444444444444444 0.4439461883408072 0.08888888888888889 0.43946188340807174 0.09444444444444444 0.4349775784753363 0.09444444444444444 0.4304932735426009 0.08888888888888889 0.42152466367713004 0.08888888888888889 0.42152466367713004 0.08333333333333333 0.4125560538116592 0.07222222222222222 0.4125560538116592 0.044444444444444446 0.4170403587443946 0.03888888888888889 0.4170403587443946 0.027777777777777776 0.4125560538116592 0.022222222222222223 0.3901345291479821 0.022222222222222223 0.3991031390134529 0.011111111111111112 0.4125560538116592 0.011111111111111112 0.4260089686098655 0 0.4663677130044843 0
4 0.9372197309417041 0.2611111111111111 0.9461883408071748 0.2611111111111111 0.9506726457399103 0.25555555555555554 0.9641255605381166 0.25555555555555554 0.968609865470852 0.25 0.9910313901345291 0.25 0.9955156950672646 0.25555555555555554 0.9955156950672646 0.2777777777777778 0.9910313901345291 0.2833333333333333 0.9910313901345291 0.32222222222222224 0.9955156950672646 0.3277777777777778 0.9910313901345291 0.3333333333333333 0.9955156950672646 0.3388888888888889 0.9910313901345291 0.34444444444444444 0.9910313901345291 0.3611111111111111 0.9955156950672646 0.36666666666666664 0.9910313901345291 0.37222222222222223 0.9910313901345291 0.37777777777777777 0.9955156950672646 0.38333333333333336 0.9910313901345291 0.3888888888888889 0.9910313901345291 0.4 0.9955156950672646 0.40555555555555556 0.9955156950672646 0.4111111111111111 0.9910313901345291 0.4166666666666667 0.9910313901345291 0.43333333333333335 0.9955156950672646 0.4388888888888889 0.9955156950672646 0.4444444444444444 0.9910313901345291 0.45 0.9910313901345291 0.45555555555555555 0.9955156950672646 0.46111111111111114 0.9955156950672646 0.48333333333333334 0.9910313901345291 0.4888888888888889 0.9910313901345291 0.5 0.9865470852017937 0.49444444444444446 0.9865470852017937 0.4888888888888889 0.9820627802690582 0.48333333333333334 0.9820627802690582 0.4777777777777778 0.968609865470852 0.46111111111111114 0.968609865470852 0.45555555555555555 0.9327354260089686 0.4111111111111111 0.9327354260089686 0.40555555555555556 0.9282511210762332 0.4 0.9282511210762332 0.36666666666666664 0.9327354260089686 0.3611111111111111 0.9327354260089686 0.2722222222222222 0.9372197309417041 0.26666666666666666