4 0.44176706827309237 0.49444444444444446 0.4497991967871486 0.5055555555555555 0.4497991967871486 0.5111111111111111 0.4578313253012048 0.5222222222222223 0.4578313253012048 0.5277777777777778 0.46184738955823296 0.5333333333333333 0.46586345381526106 0.5333333333333333 0.46586345381526106 0.5388888888888889 0.46987951807228917 0.5444444444444444 0.46987951807228917 0.5611111111111111 0.46586345381526106 0.5666666666666667 0.46184738955823296 0.5666666666666667 0.4497991967871486 0.5833333333333334 0.4497991967871486 0.5888888888888889 0.44176706827309237 0.6 0.44176706827309237 0.6055555555555555 0.43373493975903615 0.6166666666666667 0.43775100401606426 0.6222222222222222 0.43775100401606426 0.6333333333333333 0.3815261044176707 0.7111111111111111 0.37751004016064255 0.7111111111111111 0.37349397590361444 0.7166666666666667 0.3654618473895582 0.7166666666666667 0.3614457831325301 0.7111111111111111 0.357429718875502 0.7111111111111111 0.3534136546184739 0.7055555555555556 0.3493975903614458 0.7055555555555556 0.3333333333333333 0.6833333333333333 0.3333333333333333 0.6777777777777778 0.321285140562249 0.6611111111111111 0.321285140562249 0.6388888888888888 0.3253012048192771 0.6333333333333333 0.3253012048192771 0.6277777777777778 0.3373493975903614 0.6111111111111112 0.3413654618473896 0.6111111111111112 0.3654618473895582 0.5777777777777777 0.3654618473895582 0.5722222222222222 0.3815261044176707 0.55 0.3855421686746988 0.55 0.39357429718875503 0.5388888888888889 0.40963855421686746 0.5388888888888889 0.41365461847389556 0.5333333333333333 0.41767068273092367 0.5333333333333333 0.42570281124497994 0.5222222222222223 0.42570281124497994 0.5111111111111111 0.42971887550200805 0.5055555555555555 0.42971887550200805 0.5 0.43373493975903615 0.49444444444444446 0.43775100401606426 0.49444444444444446
4 0.39357429718875503 0.6944444444444444 0.40963855421686746 0.6944444444444444 0.41365461847389556 0.7 0.41767068273092367 0.7 0.41767068273092367 0.7055555555555556 0.42971887550200805 0.7222222222222222 0.42971887550200805 0.7277777777777777 0.43775100401606426 0.7444444444444445 0.43775100401606426 0.7555555555555555 0.44176706827309237 0.7611111111111111 0.44176706827309237 0.7777777777777778 0.4457831325301205 0.7833333333333333 0.4457831325301205 0.7944444444444444 0.4497991967871486 0.8 0.4497991967871486 0.8277777777777777 0.4457831325301205 0.8333333333333334 0.4457831325301205 0.8444444444444444 0.43775100401606426 0.8444444444444444 0.43373493975903615 0.85 0.42168674698795183 0.85 0.40963855421686746 0.8611111111111112 0.39759036144578314 0.8611111111111112 0.3895582329317269 0.85 0.3895582329317269 0.8444444444444444 0.3815261044176707 0.8277777777777777 0.3815261044176707 0.8166666666666667 0.37751004016064255 0.8111111111111111 0.37751004016064255 0.7944444444444444 0.37349397590361444 0.7888888888888889 0.37349397590361444 0.7777777777777778 0.36947791164658633 0.7722222222222223 0.36947791164658633 0.7611111111111111 0.3654618473895582 0.7555555555555555 0.3654618473895582 0.7333333333333333 0.3815261044176707 0.7111111111111111 0.3855421686746988 0.7111111111111111 0.39357429718875503 0.7
4 0.9397590361445783 0 0.9397590361445783 0.005555555555555556 0.9236947791164659 0.027777777777777776 0.9196787148594378 0.027777777777777776 0.9156626506024096 0.03333333333333333 0.9116465863453815 0.03333333333333333 0.8995983935742972 0.05 0.8955823293172691 0.05 0.891566265060241 0.05555555555555555 0.8875502008032129 0.05555555555555555 0.8755020080321285 0.06666666666666667 0.8634538152610441 0.06666666666666667 0.8594377510040161 0.07222222222222222 0.8473895582329317 0.07222222222222222 0.8433734939759037 0.06666666666666667 0.8433734939759037 0.05555555555555555 0.8353413654618473 0.03888888888888889 0.8353413654618473 0.027777777777777776 0.8313253012048193 0.022222222222222223 0.8313253012048193 0.005555555555555556 0.8353413654618473 0 0.9357429718875502 0
4 0.8955823293172691 0.3888888888888889 0.8995983935742972 0.39444444444444443 0.9076305220883534 0.39444444444444443 0.9116465863453815 0.4 0.9156626506024096 0.4 0.9196787148594378 0.40555555555555556 0.9236947791164659 0.40555555555555556 0.9317269076305221 0.4166666666666667 0.9317269076305221 0.4222222222222222 0.9357429718875502 0.42777777777777776 0.9357429718875502 0.43333333333333335 0.9317269076305221 0.4388888888888889 0.9317269076305221 0.4444444444444444 0.9236947791164659 0.45555555555555555 0.9196787148594378 0.45555555555555555 0.9156626506024096 0.46111111111111114 0.9156626506024096 0.4722222222222222 0.9196787148594378 0.4777777777777778 0.9196787148594378 0.5055555555555555 0.9156626506024096 0.5111111111111111 0.9156626506024096 0.5222222222222223 0.9116465863453815 0.5277777777777778 0.9116465863453815 0.5388888888888889 0.9076305220883534 0.5444444444444444 0.9076305220883534 0.55 0.9036144578313253 0.5555555555555556 0.9036144578313253 0.5611111111111111 0.8955823293172691 0.5722222222222222 0.8955823293172691 0.5777777777777777 0.891566265060241 0.5833333333333334 0.891566265060241 0.5888888888888889 0.8875502008032129 0.5944444444444444 0.8875502008032129 0.6 0.8835341365461847 0.6055555555555555 0.8835341365461847 0.6111111111111112 0.8795180722891566 0.6166666666666667 0.8795180722891566 0.6222222222222222 0.8674698795180723 0.6333333333333333 0.8594377510040161 0.6333333333333333 0.8554216867469879 0.6277777777777778 0.8473895582329317 0.6277777777777778 0.8433734939759037 0.6222222222222222 0.8393574297188755 0.6222222222222222 0.8353413654618473 0.6166666666666667 0.8313253012048193 0.6166666666666667 0.8273092369477911 0.6111111111111112 0.8232931726907631 0.6111111111111112 0.8192771084337349 0.6055555555555555 0.8152610441767069 0.6055555555555555 0.8072289156626506 0.5888888888888889 0.8072289156626506 0.5777777777777777 0.8112449799196787 0.5722222222222222 0.8112449799196787 0.5666666666666667 0.8192771084337349 0.55 0.8192771084337349 0.5388888888888889 0.8273092369477911 0.5277777777777778 0.8273092369477911 0.5166666666666667 0.8313253012048193 0.5111111111111111 0.8313253012048193 0.5 0.8353413654618473 0.49444444444444446 0.8353413654618473 0.4888888888888889 0.8393574297188755 0.48333333333333334 0.8393574297188755 0.4777777777777778 0.8514056224899599 0.46111111111111114 0.8514056224899599 0.45555555555555555 0.8594377510040161 0.4444444444444444 0.8634538152610441 0.4444444444444444 0.8795180722891566 0.4222222222222222 0.8755020080321285 0.4166666666666667 0.8755020080321285 0.4111111111111111 0.8795180722891566 0.40555555555555556 0.8795180722891566 0.4 0.8835341365461847 0.39444444444444443 0.891566265060241 0.39444444444444443
4 0.8955823293172691 0.65 0.9036144578313253 0.6611111111111111 0.9076305220883534 0.6611111111111111 0.9076305220883534 0.6666666666666666 0.9116465863453815 0.6722222222222223 0.9116465863453815 0.7 0.8995983935742972 0.7166666666666667 0.8955823293172691 0.7166666666666667 0.8755020080321285 0.7444444444444445 0.8714859437751004 0.7444444444444445 0.8634538152610441 0.7555555555555555 0.8554216867469879 0.7555555555555555 0.8433734939759037 0.7666666666666667 0.8353413654618473 0.7666666666666667 0.8313253012048193 0.7722222222222223 0.8232931726907631 0.7722222222222223 0.8192771084337349 0.7777777777777778 0.8112449799196787 0.7777777777777778 0.8072289156626506 0.7833333333333333 0.8032128514056225 0.7833333333333333 0.7991967871485943 0.7888888888888889 0.7911646586345381 0.7888888888888889 0.7871485943775101 0.7944444444444444 0.7630522088353414 0.7944444444444444 0.7590361445783133 0.7888888888888889 0.7550200803212851 0.7888888888888889 0.751004016064257 0.7833333333333333 0.7469879518072289 0.7833333333333333 0.7469879518072289 0.7722222222222223 0.7429718875502008 0.7666666666666667 0.7429718875502008 0.7444444444444445 0.7389558232931727 0.7388888888888889 0.7389558232931727 0.7277777777777777 0.7469879518072289 0.7111111111111111 0.7469879518072289 0.7055555555555556 0.751004016064257 0.7055555555555556 0.7590361445783133 0.6944444444444444 0.7630522088353414 0.6944444444444444 0.7670682730923695 0.6888888888888889 0.7710843373493976 0.6888888888888889 0.7751004016064257 0.6833333333333333 0.7791164658634538 0.6833333333333333 0.7911646586345381 0.6722222222222223 0.7991967871485943 0.6722222222222223 0.8112449799196787 0.6611111111111111 0.8232931726907631 0.6611111111111111 0.8273092369477911 0.6555555555555556 0.8353413654618473 0.6555555555555556 0.8393574297188755 0.65 0.891566265060241 0.65
4 0.3855421686746988 0 0.3855421686746988 0.011111111111111112 0.3895582329317269 0.016666666666666666 0.3895582329317269 0.027777777777777776 0.39759036144578314 0.03888888888888889 0.39759036144578314 0.05 0.40963855421686746 0.06666666666666667 0.41365461847389556 0.06666666666666667 0.41365461847389556 0.07222222222222222 0.41767068273092367 0.07777777777777778 0.41767068273092367 0.08888888888888889 0.42168674698795183 0.09444444444444444 0.42168674698795183 0.14444444444444443 0.40562248995983935 0.16666666666666666 0.40160642570281124 0.16666666666666666 0.39357429718875503 0.17777777777777778 0.3855421686746988 0.17777777777777778 0.3815261044176707 0.18333333333333332 0.3654618473895582 0.18333333333333332 0.3614457831325301 0.17777777777777778 0.357429718875502 0.17777777777777778 0.3493975903614458 0.16666666666666666 0.3493975903614458 0.16111111111111112 0.3453815261044177 0.15555555555555556 0.3453815261044177 0.15 0.3373493975903614 0.1388888888888889 0.3373493975903614 0.13333333333333333 0.3333333333333333 0.12777777777777777 0.3333333333333333 0.11666666666666667 0.3293172690763052 0.1111111111111111 0.3293172690763052 0.10555555555555556 0.3253012048192771 0.1 0.3253012048192771 0.09444444444444444 0.321285140562249 0.08888888888888889 0.321285140562249 0.08333333333333333 0.3132530120481928 0.06666666666666667 0.3132530120481928 0.044444444444444446 0.30522088353413657 0.027777777777777776 0.3092369477911647 0.022222222222222223 0.3092369477911647 0.005555555555555556 0.3132530120481928 0 0.3815261044176707 0
4 0 0.10555555555555556 0.004016064257028112 0.10555555555555556 0.012048192771084338 0.11666666666666667 0.020080321285140562 0.11666666666666667 0.020080321285140562 0.12222222222222222 0.024096385542168676 0.12777777777777777 0.024096385542168676 0.1388888888888889 0.0321285140562249 0.15 0.0321285140562249 0.16111111111111112 0.040160642570281124 0.17777777777777778 0.040160642570281124 0.18888888888888888 0.04417670682730924 0.19444444444444445 0.04417670682730924 0.20555555555555555 0.05220883534136546 0.21666666666666667 0.05220883534136546 0.22777777777777777 0.060240963855421686 0.24444444444444444 0.060240963855421686 0.25555555555555554 0.05220883534136546 0.2722222222222222 0.04819277108433735 0.2722222222222222 0.04417670682730924 0.2777777777777778 0.040160642570281124 0.2777777777777778 0.03614457831325301 0.2833333333333333 0.024096385542168676 0.2833333333333333 0.020080321285140562 0.28888888888888886 0.008032128514056224 0.28888888888888886 0.004016064257028112 0.29444444444444445 0 0.29444444444444445 0 0.1111111111111111
4 0.2570281124497992 0.8222222222222222 0.285140562248996 0.7833333333333333 0.285140562248996 0.7777777777777778 0.2891566265060241 0.7722222222222223 0.2931726907630522 0.7722222222222223 0.2971887550200803 0.7666666666666667 0.3253012048192771 0.7666666666666667 0.3333333333333333 0.7833333333333333 0.3333333333333333 0.7944444444444444 0.3614457831325301 0.8333333333333334 0.3614457831325301 0.8388888888888889 0.36947791164658633 0.85 0.36947791164658633 0.8611111111111112 0.37751004016064255 0.8722222222222222 0.36947791164658633 0.8833333333333333 0.36947791164658633 0.8888888888888888 0.3534136546184739 0.9111111111111111 0.3493975903614458 0.9111111111111111 0.3453815261044177 0.9166666666666666 0.321285140562249 0.9166666666666666 0.3172690763052209 0.9111111111111111 0.3132530120481928 0.9111111111111111 0.3132530120481928 0.9055555555555556 0.30120481927710846 0.8888888888888888 0.2971887550200803 0.8888888888888888 0.285140562248996 0.8722222222222222 0.28112449799196787 0.8722222222222222 0.26907630522088355 0.8555555555555555 0.26907630522088355 0.85 0.26506024096385544 0.8444444444444444 0.26506024096385544 0.8388888888888889 0.26104417670682734 0.8333333333333334 0.26104417670682734 0.8277777777777777
4 0.08835341365461848 0.7944444444444444 0.09236947791164658 0.8 0.0963855421686747 0.8 0.10040160642570281 0.8055555555555556 0.10441767068273092 0.8055555555555556 0.10843373493975904 0.8111111111111111 0.11244979919678715 0.8111111111111111 0.12449799196787148 0.8277777777777777 0.1285140562248996 0.8277777777777777 0.13654618473895583 0.8388888888888889 0.14056224899598393 0.8388888888888889 0.14859437751004015 0.85 0.15261044176706828 0.85 0.1606425702811245 0.8611111111111112 0.1686746987951807 0.8611111111111112 0.17269076305220885 0.8666666666666667 0.17670682730923695 0.8666666666666667 0.18473895582329317 0.8777777777777778 0.18473895582329317 0.9111111111111111 0.18072289156626506 0.9166666666666666 0.06827309236947791 0.9166666666666666 0.04819277108433735 0.8888888888888888 0.04417670682730924 0.8888888888888888 0.040160642570281124 0.8833333333333333 0.03614457831325301 0.8833333333333333 0.0321285140562249 0.8777777777777778 0.0321285140562249 0.8722222222222222 0.020080321285140562 0.8555555555555555 0.020080321285140562 0.85 0.01606425702811245 0.8444444444444444 0.01606425702811245 0.8166666666666667 0.028112449799196786 0.8 0.028112449799196786 0.7944444444444444 0.03614457831325301 0.7833333333333333 0.040160642570281124 0.7833333333333333 0.04417670682730924 0.7777777777777778 0.05622489959839357 0.7777777777777778 0.060240963855421686 0.7833333333333333 0.06827309236947791 0.7833333333333333 0.07228915662650602 0.7888888888888889 0.08032128514056225 0.7888888888888889 0.08433734939759036 0.7944444444444444
4 0.26907630522088355 0.7111111111111111 0.27710843373493976 0.7222222222222222 0.27710843373493976 0.7277777777777777 0.285140562248996 0.7444444444444445 0.285140562248996 0.75 0.28112449799196787 0.7555555555555555 0.28112449799196787 0.7777777777777778 0.27309236947791166 0.7888888888888889 0.27309236947791166 0.7944444444444444 0.2570281124497992 0.8166666666666667 0.24899598393574296 0.8166666666666667 0.24497991967871485 0.8222222222222222 0.24096385542168675 0.8222222222222222 0.23694779116465864 0.8277777777777777 0.2289156626506024 0.8277777777777777 0.21686746987951808 0.8388888888888889 0.18473895582329317 0.8388888888888889 0.18072289156626506 0.8333333333333334 0.17670682730923695 0.8333333333333334 0.17269076305220885 0.8277777777777777 0.1686746987951807 0.8277777777777777 0.15261044176706828 0.8055555555555556 0.14859437751004015 0.8055555555555556 0.14859437751004015 0.7888888888888889 0.15261044176706828 0.7833333333333333 0.15261044176706828 0.7777777777777778 0.1686746987951807 0.7555555555555555 0.1686746987951807 0.75 0.17269076305220885 0.7444444444444445 0.17269076305220885 0.7388888888888889 0.17670682730923695 0.7388888888888889 0.18072289156626506 0.7333333333333333 0.1927710843373494 0.7333333333333333 0.19678714859437751 0.7277777777777777 0.20080321285140562 0.7277777777777777 0.20481927710843373 0.7222222222222222 0.20883534136546184 0.7222222222222222 0.21686746987951808 0.7111111111111111 0.22088353413654618 0.7111111111111111 0.2248995983935743 0.7055555555555556 0.2289156626506024 0.7055555555555556 0.24096385542168675 0.6944444444444444 0.25301204819277107 0.6944444444444444 0.26506024096385544 0.7111111111111111
4 0.26104417670682734 0.07222222222222222 0.27309236947791166 0.08333333333333333 0.27309236947791166 0.08888888888888889 0.27710843373493976 0.09444444444444444 0.27710843373493976 0.1 0.27309236947791166 0.10555555555555556 0.27309236947791166 0.1111111111111111 0.26907630522088355 0.1111111111111111 0.26104417670682734 0.12222222222222222 0.2570281124497992 0.12222222222222222 0.25301204819277107 0.12777777777777777 0.25301204819277107 0.1388888888888889 0.24899598393574296 0.14444444444444443 0.24899598393574296 0.15 0.24497991967871485 0.15555555555555556 0.24497991967871485 0.16111111111111112 0.24096385542168675 0.16666666666666666 0.24096385542168675 0.17222222222222222 0.2289156626506024 0.18888888888888888 0.2248995983935743 0.18888888888888888 0.22088353413654618 0.19444444444444445 0.21686746987951808 0.19444444444444445 0.21285140562248997 0.2 0.20883534136546184 0.2 0.20481927710843373 0.20555555555555555 0.20080321285140562 0.20555555555555555 0.1927710843373494 0.21666666666666667 0.18875502008032127 0.21666666666666667 0.18473895582329317 0.2222222222222222 0.18072289156626506 0.2222222222222222 0.17670682730923695 0.22777777777777777 0.17269076305220885 0.22777777777777777 0.1606425702811245 0.2388888888888889 0.14859437751004015 0.2388888888888889 0.13654618473895583 0.25555555555555554 0.13253012048192772 0.25555555555555554 0.1285140562248996 0.2611111111111111 0.10040160642570281 0.2611111111111111 0.0963855421686747 0.25555555555555554 0.0963855421686747 0.25 0.08835341365461848 0.2388888888888889 0.08835341365461848 0.23333333333333334 0.08433734939759036 0.22777777777777777 0.08433734939759036 0.2222222222222222 0.07630522088353414 0.20555555555555555 0.08032128514056225 0.2 0.08032128514056225 0.18333333333333332 0.08433734939759036 0.18333333333333332 0.0963855421686747 0.17222222222222222 0.10441767068273092 0.17222222222222222 0.10843373493975904 0.16666666666666666 0.10843373493975904 0.16111111111111112 0.13253012048192772 0.12777777777777777 0.13654618473895583 0.12777777777777777 0.15261044176706828 0.10555555555555556 0.1566265060240964 0.10555555555555556 0.1606425702811245 0.1 0.1686746987951807 0.1 0.17269076305220885 0.09444444444444444 0.18072289156626506 0.09444444444444444 0.18473895582329317 0.08888888888888889 0.1927710843373494 0.08888888888888889 0.20481927710843373 0.07777777777777778 0.21686746987951808 0.07777777777777778 0.22088353413654618 0.07222222222222222 0.2570281124497992 0.07222222222222222
4 0.18875502008032127 0.3611111111111111 0.1927710843373494 0.36666666666666664 0.1927710843373494 0.37777777777777777 0.18875502008032127 0.38333333333333336 0.18875502008032127 0.39444444444444443 0.1927710843373494 0.4 0.18875502008032127 0.40555555555555556 0.18875502008032127 0.4166666666666667 0.18072289156626506 0.43333333333333335 0.18072289156626506 0.45 0.17269076305220885 0.46111111111111114 0.17269076305220885 0.4666666666666667 0.1646586345381526 0.48333333333333334 0.1686746987951807 0.4888888888888889 0.1686746987951807 0.5 0.1646586345381526 0.5055555555555555 0.1606425702811245 0.5055555555555555 0.1566265060240964 0.5 0.14056224899598393 0.5222222222222223 0.14056224899598393 0.5277777777777778 0.12048192771084337 0.5555555555555556 0.12048192771084337 0.5611111111111111 0.10441767068273092 0.5833333333333334 0.09236947791164658 0.5833333333333334 0.08835341365461848 0.5777777777777777 0.08433734939759036 0.5777777777777777 0.07630522088353414 0.5666666666666667 0.07228915662650602 0.5666666666666667 0.060240963855421686 0.55 0.060240963855421686 0.5444444444444444 0.05622489959839357 0.5388888888888889 0.05220883534136546 0.5388888888888889 0.04819277108433735 0.5333333333333333 0.04417670682730924 0.5333333333333333 0.04417670682730924 0.5166666666666667 0.0642570281124498 0.4888888888888889 0.0642570281124498 0.48333333333333334 0.08032128514056225 0.46111111111111114 0.08032128514056225 0.45555555555555555 0.10040160642570281 0.42777777777777776 0.10040160642570281 0.4166666666666667 0.10441767068273092 0.4111111111111111 0.10843373493975904 0.4111111111111111 0.11244979919678715 0.40555555555555556 0.11646586345381527 0.40555555555555556 0.1285140562248996 0.39444444444444443 0.13253012048192772 0.39444444444444443 0.13654618473895583 0.3888888888888889 0.13654618473895583 0.38333333333333336 0.14056224899598393 0.37777777777777777 0.14457831325301204 0.37777777777777777 0.14859437751004015 0.37222222222222223 0.14859437751004015 0.36666666666666664 0.15261044176706828 0.36666666666666664 0.1566265060240964 0.3611111111111111 0.1646586345381526 0.3611111111111111 0.1686746987951807 0.35555555555555557 0.18072289156626506 0.35555555555555557 0.18473895582329317 0.3611111111111111
4 0.7389558232931727 0.11666666666666667 0.7389558232931727 0.12777777777777777 0.7469879518072289 0.1388888888888889 0.7469879518072289 0.14444444444444443 0.751004016064257 0.15 0.7550200803212851 0.15 0.7670682730923695 0.16666666666666666 0.7670682730923695 0.17777777777777778 0.7751004016064257 0.19444444444444445 0.7751004016064257 0.20555555555555555 0.7791164658634538 0.2111111111111111 0.7791164658634538 0.2222222222222222 0.7831325301204819 0.22777777777777777 0.7831325301204819 0.23333333333333334 0.7911646586345381 0.25 0.7911646586345381 0.2611111111111111 0.7951807228915663 0.26666666666666666 0.7871485943775101 0.2833333333333333 0.7871485943775101 0.3 0.7791164658634538 0.3111111111111111 0.7791164658634538 0.31666666666666665 0.7710843373493976 0.3277777777777778 0.7710843373493976 0.3333333333333333 0.7630522088353414 0.3333333333333333 0.751004016064257 0.35 0.7389558232931727 0.35 0.7309236947791165 0.3388888888888889 0.7309236947791165 0.3333333333333333 0.7269076305220884 0.3277777777777778 0.7269076305220884 0.31666666666666665 0.7228915662650602 0.3111111111111111 0.7228915662650602 0.3055555555555556 0.7188755020080321 0.3 0.7188755020080321 0.29444444444444445 0.714859437751004 0.28888888888888886 0.714859437751004 0.2833333333333333 0.7068273092369478 0.26666666666666666 0.7068273092369478 0.25555555555555554 0.7028112449799196 0.25 0.7028112449799196 0.23333333333333334 0.6987951807228916 0.22777777777777777 0.6987951807228916 0.21666666666666667 0.6947791164658634 0.2111111111111111 0.6947791164658634 0.2 0.6907630522088354 0.19444444444444445 0.6907630522088354 0.18333333333333332 0.6867469879518072 0.17777777777777778 0.6907630522088354 0.17222222222222222 0.6907630522088354 0.15555555555555556 0.6987951807228916 0.14444444444444443 0.6987951807228916 0.12222222222222222 0.7108433734939759 0.10555555555555556 0.7309236947791165 0.10555555555555556 0.7309236947791165 0.1111111111111111 0.7349397590361446 0.11666666666666667
4 0.6506024096385542 0.6055555555555555 0.6546184738955824 0.6111111111111112 0.6586345381526104 0.6111111111111112 0.6706827309236948 0.6277777777777778 0.6706827309236948 0.6333333333333333 0.6666666666666666 0.6388888888888888 0.6666666666666666 0.65 0.6546184738955824 0.6666666666666666 0.6506024096385542 0.6666666666666666 0.642570281124498 0.6777777777777778 0.642570281124498 0.6833333333333333 0.6385542168674698 0.6888888888888889 0.6305220883534136 0.6888888888888889 0.6265060240963856 0.6944444444444444 0.6184738955823293 0.6944444444444444 0.6104417670682731 0.7055555555555556 0.606425702811245 0.7055555555555556 0.5943775100401606 0.7166666666666667 0.5863453815261044 0.7166666666666667 0.5742971887550201 0.7277777777777777 0.5662650602409639 0.7277777777777777 0.5622489959839357 0.7222222222222222 0.5542168674698795 0.7222222222222222 0.5502008032128514 0.7166666666666667 0.5502008032128514 0.7111111111111111 0.5461847389558233 0.7055555555555556 0.5461847389558233 0.6888888888888889 0.5421686746987951 0.6833333333333333 0.5421686746987951 0.6611111111111111 0.5461847389558233 0.6555555555555556 0.5461847389558233 0.65 0.5542168674698795 0.6388888888888888 0.5582329317269076 0.6388888888888888 0.570281124497992 0.6277777777777778 0.5783132530120482 0.6277777777777778 0.5823293172690763 0.6222222222222222 0.5863453815261044 0.6222222222222222 0.5983935742971888 0.6111111111111112 0.606425702811245 0.6111111111111112 0.6104417670682731 0.6055555555555555 0.6465863453815262 0.6055555555555555
4 0.2891566265060241 0.13333333333333333 0.30522088353413657 0.15555555555555556 0.3092369477911647 0.15 0.3253012048192771 0.15 0.3373493975903614 0.16666666666666666 0.3413654618473896 0.16666666666666666 0.3453815261044177 0.17222222222222222 0.3493975903614458 0.17222222222222222 0.357429718875502 0.18333333333333332 0.3614457831325301 0.18333333333333332 0.3654618473895582 0.18888888888888888 0.36947791164658633 0.18888888888888888 0.3815261044176707 0.20555555555555555 0.3855421686746988 0.20555555555555555 0.39357429718875503 0.21666666666666667 0.39759036144578314 0.21666666666666667 0.40963855421686746 0.23333333333333334 0.41365461847389556 0.23333333333333334 0.41767068273092367 0.2388888888888889 0.41767068273092367 0.24444444444444444 0.42168674698795183 0.25 0.42168674698795183 0.2722222222222222 0.41767068273092367 0.2777777777777778 0.41767068273092367 0.2833333333333333 0.40963855421686746 0.29444444444444445 0.40963855421686746 0.3 0.40562248995983935 0.3 0.39759036144578314 0.3111111111111111 0.3895582329317269 0.3111111111111111 0.3855421686746988 0.31666666666666665 0.37751004016064255 0.31666666666666665 0.37349397590361444 0.3111111111111111 0.3614457831325301 0.3111111111111111 0.357429718875502 0.3055555555555556 0.3493975903614458 0.3055555555555556 0.3453815261044177 0.3 0.3413654618473896 0.3 0.3293172690763052 0.2833333333333333 0.3253012048192771 0.2833333333333333 0.321285140562249 0.2777777777777778 0.3172690763052209 0.2777777777777778 0.3132530120481928 0.2722222222222222 0.3092369477911647 0.2722222222222222 0.30522088353413657 0.26666666666666666 0.30120481927710846 0.26666666666666666 0.2971887550200803 0.2611111111111111 0.2931726907630522 0.2611111111111111 0.28112449799196787 0.24444444444444444 0.28112449799196787 0.2388888888888889 0.27309236947791166 0.22777777777777777 0.27309236947791166 0.2222222222222222 0.26104417670682734 0.20555555555555555 0.2570281124497992 0.20555555555555555 0.24497991967871485 0.18888888888888888 0.24497991967871485 0.17777777777777778 0.24899598393574296 0.17222222222222222 0.24899598393574296 0.16666666666666666 0.25301204819277107 0.16111111111111112 0.25301204819277107 0.15555555555555556 0.26104417670682734 0.14444444444444443 0.26104417670682734 0.1388888888888889 0.26907630522088355 0.12777777777777777 0.28112449799196787 0.12777777777777777 0.285140562248996 0.13333333333333333
4 0.321285140562249 0.3055555555555556 0.3253012048192771 0.3111111111111111 0.3453815261044177 0.3111111111111111 0.357429718875502 0.32222222222222224 0.37751004016064255 0.32222222222222224 0.3815261044176707 0.3277777777777778 0.39357429718875503 0.3277777777777778 0.39759036144578314 0.3333333333333333 0.40963855421686746 0.3333333333333333 0.42168674698795183 0.34444444444444444 0.42971887550200805 0.34444444444444444 0.43373493975903615 0.35 0.43775100401606426 0.35 0.4457831325301205 0.36666666666666664 0.4497991967871486 0.36666666666666664 0.4538152610441767 0.37222222222222223 0.4578313253012048 0.37222222222222223 0.4578313253012048 0.37777777777777777 0.4538152610441767 0.38333333333333336 0.4538152610441767 0.3888888888888889 0.4578313253012048 0.39444444444444443 0.4578313253012048 0.40555555555555556 0.4538152610441767 0.4111111111111111 0.4538152610441767 0.4388888888888889 0.4457831325301205 0.45 0.44176706827309237 0.45 0.43775100401606426 0.45555555555555555 0.42570281124497994 0.45555555555555555 0.42168674698795183 0.45 0.3895582329317269 0.45 0.3855421686746988 0.4444444444444444 0.37751004016064255 0.4444444444444444 0.37349397590361444 0.4388888888888889 0.3654618473895582 0.4388888888888889 0.3614457831325301 0.43333333333333335 0.3534136546184739 0.43333333333333335 0.3493975903614458 0.42777777777777776 0.3413654618473896 0.42777777777777776 0.3293172690763052 0.4111111111111111 0.3253012048192771 0.4111111111111111 0.321285140562249 0.40555555555555556 0.3172690763052209 0.40555555555555556 0.30522088353413657 0.39444444444444443 0.2971887550200803 0.39444444444444443 0.2891566265060241 0.38333333333333336 0.2891566265060241 0.37777777777777777 0.28112449799196787 0.36666666666666664 0.28112449799196787 0.35555555555555557 0.27710843373493976 0.35 0.27710843373493976 0.3333333333333333 0.28112449799196787 0.3277777777777778 0.28112449799196787 0.32222222222222224 0.2891566265060241 0.32222222222222224 0.2931726907630522 0.31666666666666665 0.30522088353413657 0.31666666666666665 0.3092369477911647 0.3111111111111111 0.3172690763052209 0.3111111111111111
4 0.2931726907630522 0 0.2891566265060241 0.005555555555555556 0.2891566265060241 0.022222222222222223 0.285140562248996 0.027777777777777776 0.285140562248996 0.03333333333333333 0.27309236947791166 0.05 0.26907630522088355 0.05 0.2570281124497992 0.06111111111111111 0.24096385542168675 0.06111111111111111 0.23694779116465864 0.06666666666666667 0.21285140562248997 0.06666666666666667 0.20883534136546184 0.07222222222222222 0.19678714859437751 0.07222222222222222 0.1927710843373494 0.07777777777777778 0.17670682730923695 0.07777777777777778 0.17269076305220885 0.08333333333333333 0.14457831325301204 0.08333333333333333 0.13253012048192772 0.07222222222222222 0.13253012048192772 0.06666666666666667 0.1285140562248996 0.06111111111111111 0.1285140562248996 0.044444444444444446 0.12048192771084337 0.027777777777777776 0.12048192771084337 0.005555555555555556 0.12449799196787148 0 0.14457831325301204 0 0.14859437751004015 0.005555555555555556 0.15261044176706828 0 0.18072289156626506 0 0.18473895582329317 0.005555555555555556 0.19678714859437751 0.005555555555555556 0.20080321285140562 0 0.26907630522088355 0 0.27309236947791166 0.005555555555555556 0.27710843373493976 0 0.2891566265060241 0
4 0.020080321285140562 0.005555555555555556 0.03614457831325301 0.005555555555555556 0.040160642570281124 0 0.10843373493975904 0 0.11244979919678715 0.005555555555555556 0.11244979919678715 0.016666666666666666 0.11646586345381527 0.022222222222222223 0.11646586345381527 0.03888888888888889 0.12449799196787148 0.05555555555555555 0.12449799196787148 0.07222222222222222 0.13253012048192772 0.08888888888888889 0.13253012048192772 0.1 0.13654618473895583 0.10555555555555556 0.13654618473895583 0.11666666666666667 0.12449799196787148 0.13333333333333333 0.12048192771084337 0.13333333333333333 0.10843373493975904 0.14444444444444443 0.10040160642570281 0.14444444444444443 0.0963855421686747 0.15 0.08835341365461848 0.15 0.07630522088353414 0.16111111111111112 0.06827309236947791 0.16111111111111112 0.0642570281124498 0.16666666666666666 0.04417670682730924 0.16666666666666666 0.040160642570281124 0.16111111111111112 0.040160642570281124 0.15 0.03614457831325301 0.14444444444444443 0.03614457831325301 0.13333333333333333 0.028112449799196786 0.11666666666666667 0.028112449799196786 0.10555555555555556 0.024096385542168676 0.1 0.024096385542168676 0.08888888888888889 0.020080321285140562 0.08333333333333333 0.020080321285140562 0.07222222222222222 0.01606425702811245 0.06666666666666667 0.01606425702811245 0.044444444444444446 0.012048192771084338 0.03888888888888889 0.012048192771084338 0.022222222222222223 0.020080321285140562 0.011111111111111112
4 0.4899598393574297 0.1 0.10441767068273092 0.2