5 0.41796875 0.6166666666666667 0.4375 0.6166666666666667 0.44140625 0.6222222222222222 0.4609375 0.6222222222222222 0.46484375 0.6277777777777778 0.4921875 0.6277777777777778 0.49609375 0.6333333333333333 0.50390625 0.6333333333333333 0.51171875 0.65 0.51171875 0.6722222222222223 0.5078125 0.6777777777777778 0.5078125 0.6888888888888889 0.51171875 0.6944444444444444 0.51171875 0.7055555555555556 0.5078125 0.7111111111111111 0.5078125 0.7388888888888889 0.50390625 0.7444444444444445 0.50390625 0.75 0.5 0.75 0.49609375 0.7555555555555555 0.4921875 0.7555555555555555 0.484375 0.7666666666666667 0.48046875 0.7666666666666667 0.4765625 0.7611111111111111 0.47265625 0.7666666666666667 0.47265625 0.7722222222222223 0.4765625 0.7777777777777778 0.47265625 0.7833333333333333 0.47265625 0.8 0.4765625 0.8055555555555556 0.48046875 0.8055555555555556 0.4921875 0.8222222222222222 0.4921875 0.8333333333333334 0.5 0.8444444444444444 0.5 0.9 0.4921875 0.9111111111111111 0.484375 0.9 0.4765625 0.9111111111111111 0.46875 0.9111111111111111 0.4609375 0.9 0.3515625 0.9 0.34765625 0.9055555555555556 0.3203125 0.9055555555555556 0.31640625 0.9 0.30859375 0.9 0.3046875 0.8944444444444445 0.24609375 0.8944444444444445 0.234375 0.8833333333333333 0.20703125 0.8833333333333333 0.203125 0.8777777777777778 0.19921875 0.8833333333333333 0.1953125 0.8833333333333333 0.19140625 0.8888888888888888 0.1875 0.8888888888888888 0.1875 0.8722222222222222 0.19140625 0.8666666666666667 0.19140625 0.8611111111111112 0.19921875 0.85 0.1953125 0.8444444444444444 0.203125 0.8277777777777777 0.203125 0.8166666666666667 0.20703125 0.8166666666666667 0.21484375 0.8055555555555556 0.21484375 0.7944444444444444 0.21484375 0.8055555555555556 0.21875 0.8111111111111111 0.22265625 0.8055555555555556 0.22265625 0.8 0.234375 0.8 0.24609375 0.7833333333333333 0.25 0.7833333333333333 0.25390625 0.7777777777777778 0.25390625 0.7722222222222223 0.26171875 0.7611111111111111 0.265625 0.7611111111111111 0.26953125 0.7555555555555555 0.26953125 0.75 0.26171875 0.7388888888888889 0.2734375 0.7277777777777777 0.27734375 0.7277777777777777 0.27734375 0.7333333333333333 0.28125 0.7388888888888889 0.29296875 0.7277777777777777 0.3046875 0.7277777777777777 0.3046875 0.7333333333333333 0.30859375 0.7388888888888889 0.3125 0.7388888888888889 0.31640625 0.7444444444444445 0.3203125 0.7444444444444445 0.3203125 0.75 0.32421875 0.7555555555555555 0.328125 0.7555555555555555 0.34375 0.7833333333333333 0.34375 0.7944444444444444 0.34765625 0.8 0.34765625 0.8055555555555556 0.3515625 0.8111111111111111 0.3515625 0.8166666666666667 0.359375 0.8277777777777777 0.359375 0.8388888888888889 0.3671875 0.85 0.3671875 0.8555555555555555 0.37109375 0.8611111111111112 0.375 0.8555555555555555 0.375 0.85 0.37890625 0.8444444444444444 0.37890625 0.8388888888888889 0.38671875 0.8388888888888889 0.3984375 0.8222222222222222 0.40234375 0.8222222222222222 0.4140625 0.8055555555555556 0.41796875 0.8055555555555556 0.421875 0.8 0.44140625 0.8 0.4453125 0.8055555555555556 0.453125 0.8055555555555556 0.45703125 0.8 0.453125 0.7944444444444444 0.44921875 0.7944444444444444 0.44921875 0.7888888888888889 0.46484375 0.7888888888888889 0.46875 0.7833333333333333 0.46484375 0.7777777777777778 0.46484375 0.7666666666666667 0.4609375 0.7611111111111111 0.46484375 0.7555555555555555 0.46484375 0.75 0.4609375 0.7444444444444445 0.4609375 0.7388888888888889 0.453125 0.7277777777777777 0.44921875 0.7277777777777777 0.44921875 0.7222222222222222 0.44140625 0.7055555555555556 0.44140625 0.7 0.43359375 0.6833333333333333 0.43359375 0.6666666666666666 0.4296875 0.6611111111111111 0.4296875 0.65 0.42578125 0.6444444444444445 0.42578125 0.6388888888888888 0.41796875 0.6222222222222222
5 0.76171875 0.3111111111111111 0.76171875 0.3388888888888889 0.765625 0.34444444444444444 0.765625 0.3888888888888889 0.76953125 0.39444444444444443 0.76953125 0.4222222222222222 0.7734375 0.42777777777777776 0.7734375 0.45555555555555555 0.77734375 0.46111111111111114 0.77734375 0.5 0.78125 0.5055555555555555 0.78125 0.5444444444444444 0.78515625 0.55 0.78515625 0.5888888888888889 0.77734375 0.6 0.7734375 0.6 0.76953125 0.5944444444444444 0.75 0.5944444444444444 0.74609375 0.6 0.73828125 0.6 0.7265625 0.6111111111111112 0.71875 0.6111111111111112 0.70703125 0.6222222222222222 0.69921875 0.6222222222222222 0.6953125 0.6277777777777778 0.69140625 0.6277777777777778 0.6796875 0.6444444444444445 0.6640625 0.6444444444444445 0.66015625 0.65 0.65625 0.65 0.6484375 0.6611111111111111 0.6484375 0.6666666666666666 0.640625 0.6777777777777778 0.63671875 0.6777777777777778 0.6328125 0.6833333333333333 0.625 0.6833333333333333 0.62109375 0.6777777777777778 0.6171875 0.6777777777777778 0.61328125 0.6833333333333333 0.61328125 0.6888888888888889 0.6015625 0.6888888888888889 0.59765625 0.6944444444444444 0.59765625 0.7055555555555556 0.59375 0.7055555555555556 0.58984375 0.7 0.5859375 0.7055555555555556 0.5703125 0.7055555555555556 0.5625 0.6888888888888889 0.5625 0.6777777777777778 0.55859375 0.6722222222222223 0.5546875 0.6722222222222223 0.55859375 0.6666666666666666 0.5546875 0.6611111111111111 0.53515625 0.6611111111111111 0.53125 0.6555555555555556 0.52734375 0.6555555555555556 0.52734375 0.65 0.5234375 0.6444444444444445 0.5234375 0.6333333333333333 0.515625 0.6222222222222222 0.50390625 0.6222222222222222 0.5 0.6166666666666667 0.46875 0.6166666666666667 0.46484375 0.6111111111111112 0.44921875 0.6111111111111112 0.44140625 0.6 0.44140625 0.5888888888888889 0.4453125 0.5833333333333334 0.4453125 0.5777777777777777 0.46875 0.5444444444444444 0.47265625 0.5444444444444444 0.48828125 0.5222222222222223 0.4921875 0.5222222222222223 0.5 0.5111111111111111 0.50390625 0.5111111111111111 0.5078125 0.5055555555555555 0.51171875 0.5055555555555555 0.51953125 0.49444444444444446 0.5546875 0.49444444444444446 0.58203125 0.45555555555555555 0.5859375 0.45555555555555555 0.609375 0.4222222222222222 0.61328125 0.4222222222222222 0.6328125 0.4 0.640625 0.4 0.64453125 0.39444444444444443 0.65625 0.39444444444444443 0.66015625 0.3888888888888889 0.6640625 0.3888888888888889 0.671875 0.37777777777777777 0.6796875 0.37777777777777777 0.69140625 0.3611111111111111 0.6953125 0.3611111111111111 0.70703125 0.35 0.7109375 0.35 0.73046875 0.3277777777777778 0.73828125 0.3277777777777778 0.7421875 0.32222222222222224 0.74609375 0.32222222222222224 0.75390625 0.3111111111111111 0.7578125 0.3111111111111111
5 0.55078125 0.15555555555555556 0.5625 0.17222222222222222 0.56640625 0.17222222222222222 0.56640625 0.17777777777777778 0.5703125 0.18333333333333332 0.5703125 0.19444444444444445 0.56640625 0.2 0.56640625 0.22777777777777777 0.5703125 0.23333333333333334 0.5703125 0.24444444444444444 0.57421875 0.25 0.57421875 0.28888888888888886 0.5703125 0.29444444444444445 0.5703125 0.3 0.56640625 0.3055555555555556 0.56640625 0.3111111111111111 0.5625 0.31666666666666665 0.5625 0.32222222222222224 0.5546875 0.3333333333333333 0.5546875 0.3388888888888889 0.55078125 0.34444444444444444 0.55078125 0.35 0.546875 0.35555555555555557 0.546875 0.3611111111111111 0.54296875 0.36666666666666664 0.54296875 0.37222222222222223 0.5390625 0.37777777777777777 0.5390625 0.38333333333333336 0.53515625 0.3888888888888889 0.53515625 0.39444444444444443 0.53125 0.4 0.53125 0.40555555555555556 0.52734375 0.4111111111111111 0.52734375 0.4222222222222222 0.5234375 0.42777777777777776 0.5234375 0.4444444444444444 0.51953125 0.45 0.51953125 0.4777777777777778 0.5078125 0.49444444444444446 0.50390625 0.49444444444444446 0.484375 0.5222222222222223 0.48046875 0.5222222222222223 0.47265625 0.5333333333333333 0.46875 0.5333333333333333 0.44921875 0.5611111111111111 0.4453125 0.5611111111111111 0.44140625 0.5666666666666667 0.44140625 0.5722222222222222 0.42578125 0.5944444444444444 0.421875 0.5944444444444444 0.41796875 0.6 0.41015625 0.5888888888888889 0.41015625 0.5833333333333334 0.40625 0.5777777777777777 0.40625 0.5611111111111111 0.41015625 0.5555555555555556 0.41015625 0.55 0.4375 0.5111111111111111 0.4375 0.5055555555555555 0.45703125 0.4777777777777778 0.45703125 0.4722222222222222 0.46484375 0.46111111111111114 0.46484375 0.45555555555555555 0.48046875 0.42777777777777776 0.48046875 0.4222222222222222 0.484375 0.4166666666666667 0.484375 0.4111111111111111 0.48828125 0.40555555555555556 0.48828125 0.4 0.4921875 0.39444444444444443 0.4921875 0.3888888888888889 0.49609375 0.38333333333333336 0.49609375 0.37777777777777777 0.5 0.37222222222222223 0.5 0.36666666666666664 0.5078125 0.35555555555555557 0.5078125 0.35 0.51171875 0.34444444444444444 0.51171875 0.3333333333333333 0.515625 0.3277777777777778 0.515625 0.31666666666666665 0.5234375 0.3055555555555556 0.5234375 0.29444444444444445 0.53125 0.2833333333333333 0.53125 0.2777777777777778 0.53515625 0.2722222222222222 0.53515625 0.2611111111111111 0.54296875 0.24444444444444444 0.54296875 0.23333333333333334 0.546875 0.22777777777777777 0.546875 0.21666666666666667 0.55078125 0.2111111111111111 0.5546875 0.2111111111111111 0.5625 0.2 0.5625 0.17777777777777778 0.55078125 0.16111111111111112
5 0.76171875 0.3111111111111111 0.76171875 0.3333333333333333 0.765625 0.3388888888888889 0.765625 0.38333333333333336 0.76953125 0.3888888888888889 0.76953125 0.4166666666666667 0.7734375 0.4222222222222222 0.7734375 0.45 0.77734375 0.45555555555555555 0.77734375 0.49444444444444446 0.78125 0.5 0.78125 0.5388888888888889 0.78515625 0.5444444444444444 0.78515625 0.5888888888888889 0.78125 0.5944444444444444 0.75 0.5944444444444444 0.74609375 0.6 0.734375 0.6 0.7265625 0.6111111111111112 0.71875 0.6111111111111112 0.70703125 0.6222222222222222 0.6953125 0.6222222222222222 0.68359375 0.6388888888888888 0.6796875 0.6388888888888888 0.67578125 0.6444444444444445 0.6484375 0.6444444444444445 0.64453125 0.65 0.64453125 0.6666666666666666 0.640625 0.6666666666666666 0.63671875 0.6722222222222223 0.6328125 0.6666666666666666 0.6328125 0.6611111111111111 0.62890625 0.6555555555555556 0.625 0.6555555555555556 0.6171875 0.6444444444444445 0.60546875 0.6444444444444445 0.6015625 0.65 0.6015625 0.6555555555555556 0.56640625 0.6555555555555556 0.5546875 0.6444444444444445 0.54296875 0.6444444444444445 0.53125 0.6333333333333333 0.53125 0.6277777777777778 0.52734375 0.6222222222222222 0.52734375 0.6166666666666667 0.515625 0.6 0.515625 0.5944444444444444 0.50390625 0.5833333333333334 0.51171875 0.5722222222222222 0.51171875 0.5666666666666667 0.515625 0.5666666666666667 0.51953125 0.5611111111111111 0.515625 0.5555555555555556 0.51953125 0.55 0.5234375 0.5555555555555556 0.52734375 0.55 0.53125 0.55 0.54296875 0.5388888888888889 0.54296875 0.5333333333333333 0.546875 0.5277777777777778 0.546875 0.5166666666666667 0.55078125 0.5111111111111111 0.55078125 0.5055555555555555 0.55859375 0.49444444444444446 0.55859375 0.4888888888888889 0.578125 0.46111111111111114 0.58203125 0.46111111111111114 0.58984375 0.45 0.59375 0.45 0.62109375 0.4111111111111111 0.625 0.4111111111111111 0.6328125 0.4 0.640625 0.4 0.64453125 0.39444444444444443 0.65234375 0.39444444444444443 0.65625 0.3888888888888889 0.66015625 0.3888888888888889 0.671875 0.37777777777777777 0.6796875 0.37777777777777777 0.68359375 0.37222222222222223 0.68359375 0.36666666666666664 0.6875 0.36666666666666664 0.69140625 0.3611111111111111 0.6953125 0.3611111111111111 0.70703125 0.35 0.7109375 0.35 0.73046875 0.3277777777777778 0.73828125 0.3277777777777778 0.7421875 0.32222222222222224 0.74609375 0.32222222222222224 0.75390625 0.3111111111111111 0.7578125 0.3111111111111111
5 0.359375 0.36666666666666664 0.37109375 0.36666666666666664 0.37890625 0.37777777777777777 0.37890625 0.3888888888888889 0.3828125 0.39444444444444443 0.3828125 0.4 0.39453125 0.4166666666666667 0.39453125 0.4222222222222222 0.3984375 0.42777777777777776 0.3984375 0.4388888888888889 0.39453125 0.4444444444444444 0.39453125 0.45 0.390625 0.45555555555555555 0.390625 0.46111111111111114 0.38671875 0.4666666666666667 0.38671875 0.4722222222222222 0.37890625 0.48333333333333334 0.37890625 0.4888888888888889 0.375 0.49444444444444446 0.375 0.5 0.37109375 0.5055555555555555 0.3671875 0.5055555555555555 0.3671875 0.5 0.359375 0.4888888888888889 0.359375 0.48333333333333334 0.34375 0.46111111111111114 0.34375 0.45555555555555555 0.3359375 0.4444444444444444 0.3359375 0.4388888888888889 0.33203125 0.43333333333333335 0.33203125 0.4222222222222222 0.34375 0.40555555555555556 0.34375 0.4 0.359375 0.37222222222222223
5 0.390625 0.09444444444444444 0.40234375 0.10555555555555556 0.4140625 0.10555555555555556 0.41796875 0.1111111111111111 0.4140625 0.11666666666666667 0.4140625 0.13333333333333333 0.421875 0.15 0.421875 0.16111111111111112 0.4296875 0.17777777777777778 0.4296875 0.18333333333333332 0.43359375 0.18888888888888888 0.43359375 0.19444444444444445 0.44140625 0.20555555555555555 0.44140625 0.21666666666666667 0.4453125 0.2222222222222222 0.4453125 0.23333333333333334 0.45703125 0.24444444444444444 0.44921875 0.25555555555555554 0.44921875 0.2611111111111111 0.43359375 0.2833333333333333 0.43359375 0.29444444444444445 0.4296875 0.29444444444444445 0.42578125 0.3 0.42578125 0.3055555555555556 0.421875 0.3111111111111111 0.421875 0.31666666666666665 0.40625 0.3388888888888889 0.40234375 0.3388888888888889 0.3984375 0.34444444444444444 0.39453125 0.34444444444444444 0.38671875 0.35555555555555557 0.3828125 0.35555555555555557 0.37890625 0.3611111111111111 0.375 0.3611111111111111 0.37109375 0.35555555555555557 0.3671875 0.35555555555555557 0.36328125 0.3611111111111111 0.359375 0.3611111111111111 0.35546875 0.36666666666666664 0.35546875 0.37222222222222223 0.34765625 0.38333333333333336 0.34765625 0.3888888888888889 0.3359375 0.40555555555555556 0.33203125 0.40555555555555556 0.3203125 0.3888888888888889 0.31640625 0.3888888888888889 0.30859375 0.37777777777777777 0.3046875 0.37777777777777777 0.27734375 0.3388888888888889 0.26953125 0.3388888888888889 0.265625 0.3333333333333333 0.25390625 0.3333333333333333 0.25 0.3277777777777778 0.24609375 0.3277777777777778 0.24609375 0.32222222222222224 0.25390625 0.3055555555555556 0.25390625 0.3 0.2578125 0.29444444444444445 0.2578125 0.28888888888888886 0.26171875 0.2833333333333333 0.26171875 0.2777777777777778 0.26953125 0.26666666666666666 0.26953125 0.2611111111111111 0.27734375 0.25 0.27734375 0.24444444444444444 0.30859375 0.2 0.30859375 0.19444444444444445 0.3125 0.19444444444444445 0.3828125 0.09444444444444444 0.38671875 0.09444444444444444
5 0.16796875 0.4444444444444444 0.171875 0.4444444444444444 0.17578125 0.45 0.17578125 0.45555555555555555 0.1875 0.4722222222222222 0.1875 0.4777777777777778 0.19140625 0.48333333333333334 0.19140625 0.4888888888888889 0.1953125 0.49444444444444446 0.1953125 0.5 0.203125 0.5111111111111111 0.203125 0.5166666666666667 0.20703125 0.5222222222222223 0.20703125 0.5277777777777778 0.2109375 0.5333333333333333 0.2109375 0.5388888888888889 0.21875 0.5555555555555556 0.21875 0.5666666666666667 0.22265625 0.5722222222222222 0.22265625 0.6111111111111112 0.21875 0.6166666666666667 0.21875 0.6444444444444445 0.21484375 0.65 0.21484375 0.6666666666666666 0.2109375 0.6722222222222223 0.2109375 0.6833333333333333 0.20703125 0.6888888888888889 0.20703125 0.7055555555555556 0.203125 0.7111111111111111 0.203125 0.7277777777777777 0.19921875 0.7333333333333333 0.19921875 0.7555555555555555 0.1953125 0.7611111111111111 0.1953125 0.8 0.1875 0.8166666666666667 0.1875 0.8555555555555555 0.18359375 0.8611111111111112 0.18359375 0.8722222222222222 0.1796875 0.8777777777777778 0.1796875 0.8888888888888888 0.1640625 0.9111111111111111 0.15234375 0.9111111111111111 0.15234375 0.8888888888888888 0.15625 0.8833333333333333 0.15625 0.85 0.16015625 0.8444444444444444 0.16015625 0.8166666666666667 0.1640625 0.8111111111111111 0.1640625 0.7777777777777778 0.16796875 0.7722222222222223 0.16796875 0.7111111111111111 0.171875 0.7055555555555556 0.171875 0.7 0.16796875 0.6944444444444444 0.16796875 0.6722222222222223 0.171875 0.6666666666666666 0.171875 0.6555555555555556 0.16796875 0.65 0.16796875 0.5388888888888889 0.1640625 0.5333333333333333 0.1640625 0.4666666666666667 0.16796875 0.46111111111111114 0.16796875 0.45
5 0.69921875 0.6333333333333333 0.703125 0.6333333333333333 0.70703125 0.6277777777777778 0.72265625 0.6277777777777778 0.7265625 0.6222222222222222 0.73046875 0.6222222222222222 0.734375 0.6166666666666667 0.73828125 0.6166666666666667 0.75 0.6055555555555555 0.77734375 0.6055555555555555 0.78125 0.6111111111111112 0.7890625 0.6111111111111112 0.79296875 0.6166666666666667 0.79296875 0.6222222222222222 0.796875 0.6277777777777778 0.796875 0.65 0.7890625 0.6666666666666666 0.7890625 0.6777777777777778 0.78125 0.6944444444444444 0.78125 0.7055555555555556 0.7734375 0.7222222222222222 0.7734375 0.7333333333333333 0.765625 0.75 0.765625 0.7611111111111111 0.76171875 0.7666666666666667 0.76171875 0.7722222222222223 0.7578125 0.7777777777777778 0.7578125 0.7833333333333333 0.75 0.7944444444444444 0.75 0.8 0.73828125 0.8166666666666667 0.734375 0.8166666666666667 0.72265625 0.8333333333333334 0.72265625 0.8388888888888889 0.70703125 0.8611111111111112 0.70703125 0.8666666666666667 0.69921875 0.8833333333333333 0.69921875 0.8888888888888888 0.703125 0.8944444444444445 0.69921875 0.9 0.69921875 0.9055555555555556 0.6796875 0.9333333333333333 0.6796875 0.9388888888888889 0.671875 0.95 0.671875 0.9666666666666667 0.66015625 0.9833333333333333 0.6328125 0.9833333333333333 0.62109375 0.9666666666666667 0.60546875 0.9666666666666667 0.59375 0.9555555555555556 0.58984375 0.9555555555555556 0.5859375 0.9611111111111111 0.56640625 0.9611111111111111 0.5625 0.9555555555555556 0.55859375 0.9555555555555556 0.546875 0.9444444444444444 0.53125 0.9444444444444444 0.52734375 0.95 0.46875 0.95 0.46484375 0.9444444444444444 0.44140625 0.9444444444444444 0.4375 0.9388888888888889 0.43359375 0.9388888888888889 0.4296875 0.9333333333333333 0.421875 0.9333333333333333 0.41796875 0.9277777777777778 0.421875 0.9222222222222223 0.4296875 0.9222222222222223 0.43359375 0.9277777777777778 0.4375 0.9222222222222223 0.44140625 0.9277777777777778 0.4453125 0.9222222222222223 0.45703125 0.9222222222222223 0.46875 0.9333333333333333 0.4921875 0.9333333333333333 0.49609375 0.9277777777777778 0.5 0.9277777777777778 0.50390625 0.9222222222222223 0.50390625 0.9111111111111111 0.5078125 0.9055555555555556 0.5078125 0.8833333333333333 0.51171875 0.8777777777777778 0.51171875 0.85 0.5078125 0.8444444444444444 0.5078125 0.8388888888888889 0.5 0.8222222222222222 0.5 0.8055555555555556 0.50390625 0.8 0.50390625 0.7944444444444444 0.5078125 0.7888888888888889 0.5078125 0.7833333333333333 0.51171875 0.7777777777777778 0.51171875 0.7722222222222223 0.5234375 0.7555555555555555 0.53125 0.7555555555555555 0.53515625 0.75 0.5390625 0.75 0.55078125 0.7388888888888889 0.55859375 0.7388888888888889 0.5625 0.7333333333333333 0.5703125 0.7333333333333333 0.57421875 0.7277777777777777 0.59375 0.7277777777777777 0.59765625 0.7222222222222222 0.609375 0.7222222222222222 0.61328125 0.7166666666666667 0.62109375 0.7166666666666667 0.625 0.7111111111111111 0.6328125 0.7111111111111111 0.640625 0.7 0.64453125 0.7 0.65625 0.6833333333333333 0.65625 0.6722222222222223 0.66015625 0.6722222222222223 0.671875 0.6611111111111111 0.6796875 0.6611111111111111 0.6875 0.65 0.6875 0.6444444444444445 0.6953125 0.6444444444444445 0.69921875 0.6388888888888888
5 0.25390625 0.3388888888888889 0.2578125 0.34444444444444444 0.265625 0.34444444444444444 0.26953125 0.35 0.2734375 0.35 0.27734375 0.35555555555555557 0.27734375 0.3611111111111111 0.29296875 0.38333333333333336 0.296875 0.38333333333333336 0.3125 0.40555555555555556 0.31640625 0.40555555555555556 0.3203125 0.4111111111111111 0.3203125 0.4166666666666667 0.328125 0.42777777777777776 0.328125 0.4388888888888889 0.33984375 0.45555555555555555 0.33984375 0.46111111111111114 0.35546875 0.48333333333333334 0.35546875 0.4888888888888889 0.359375 0.49444444444444446 0.359375 0.5 0.3671875 0.5111111111111111 0.3671875 0.5166666666666667 0.375 0.5277777777777778 0.375 0.5333333333333333 0.3828125 0.5444444444444444 0.3828125 0.55 0.390625 0.5611111111111111 0.390625 0.5666666666666667 0.3984375 0.5777777777777777 0.3984375 0.5833333333333334 0.40234375 0.5888888888888889 0.40234375 0.5944444444444444 0.40625 0.6 0.40625 0.6055555555555555 0.41015625 0.6111111111111112 0.41015625 0.6166666666666667 0.4140625 0.6222222222222222 0.4140625 0.6277777777777778 0.421875 0.6388888888888888 0.421875 0.6555555555555556 0.42578125 0.6611111111111111 0.42578125 0.6722222222222223 0.43359375 0.6888888888888889 0.43359375 0.7 0.4375 0.7055555555555556 0.4375 0.7111111111111111 0.44140625 0.7166666666666667 0.44140625 0.7222222222222222 0.453125 0.7388888888888889 0.453125 0.7555555555555555 0.4296875 0.7888888888888889 0.421875 0.7888888888888889 0.41796875 0.7944444444444444 0.4140625 0.7944444444444444 0.41015625 0.8 0.40625 0.8 0.40234375 0.8055555555555556 0.40234375 0.8111111111111111 0.3984375 0.8111111111111111 0.38671875 0.8222222222222222 0.37890625 0.8222222222222222 0.375 0.8277777777777777 0.37109375 0.8277777777777777 0.3671875 0.8222222222222222 0.359375 0.8222222222222222 0.35546875 0.8166666666666667 0.35546875 0.8111111111111111 0.3515625 0.8055555555555556 0.3515625 0.8 0.34375 0.7888888888888889 0.34375 0.7777777777777778 0.33984375 0.7722222222222223 0.33984375 0.7666666666666667 0.33203125 0.7555555555555555 0.328125 0.7555555555555555 0.32421875 0.75 0.32421875 0.7444444444444445 0.3203125 0.7388888888888889 0.31640625 0.7388888888888889 0.29296875 0.7055555555555556 0.29296875 0.7 0.28515625 0.6888888888888889 0.28515625 0.6833333333333333 0.28125 0.6777777777777778 0.28125 0.6722222222222223 0.27734375 0.6666666666666666 0.2734375 0.6666666666666666 0.2734375 0.6555555555555556 0.265625 0.6388888888888888 0.265625 0.6277777777777778 0.26171875 0.6222222222222222 0.25390625 0.6222222222222222 0.2421875 0.6055555555555555 0.2421875 0.6 0.23828125 0.5944444444444444 0.23828125 0.5888888888888889 0.23046875 0.5777777777777777 0.23046875 0.5722222222222222 0.2265625 0.5666666666666667 0.2265625 0.5611111111111111 0.22265625 0.5555555555555556 0.22265625 0.55 0.21875 0.5444444444444444 0.21875 0.5388888888888889 0.2109375 0.5277777777777778 0.2109375 0.5222222222222223 0.20703125 0.5166666666666667 0.20703125 0.5111111111111111 0.19921875 0.5 0.19921875 0.49444444444444446 0.1953125 0.4888888888888889 0.1953125 0.48333333333333334 0.19140625 0.4777777777777778 0.19140625 0.4722222222222222 0.17578125 0.45 0.17578125 0.4444444444444444 0.171875 0.4388888888888889 0.171875 0.4 0.18359375 0.38333333333333336 0.19140625 0.38333333333333336 0.19921875 0.37222222222222223 0.20703125 0.37222222222222223 0.21484375 0.3611111111111111 0.21875 0.3611111111111111 0.22265625 0.35555555555555557 0.2265625 0.35555555555555557 0.23046875 0.35 0.234375 0.35 0.23828125 0.34444444444444444 0.2421875 0.34444444444444444 0.24609375 0.3388888888888889 0.25 0.3388888888888889
5 0.62109375 0.1 0.625 0.10555555555555556 0.65234375 0.10555555555555556 0.671875 0.12777777777777777 0.6796875 0.12777777777777777 0.68359375 0.13333333333333333 0.68359375 0.1388888888888889 0.69140625 0.15555555555555556 0.69140625 0.16666666666666666 0.6953125 0.17222222222222222 0.6953125 0.18333333333333332 0.703125 0.2 0.703125 0.2111111111111111 0.70703125 0.21666666666666667 0.70703125 0.22777777777777777 0.7109375 0.23333333333333334 0.7109375 0.24444444444444444 0.71875 0.2611111111111111 0.71875 0.2777777777777778 0.72265625 0.2833333333333333 0.72265625 0.29444444444444445 0.7265625 0.3 0.7265625 0.3277777777777778 0.71875 0.3277777777777778 0.7109375 0.3388888888888889 0.69921875 0.3388888888888889 0.6953125 0.34444444444444444 0.69140625 0.34444444444444444 0.6875 0.35 0.68359375 0.35 0.6796875 0.35555555555555557 0.67578125 0.35555555555555557 0.66796875 0.36666666666666664 0.66796875 0.37222222222222223 0.6640625 0.37222222222222223 0.65234375 0.38333333333333336 0.640625 0.38333333333333336 0.63671875 0.3888888888888889 0.6328125 0.3888888888888889 0.62109375 0.4 0.625 0.39444444444444443 0.62109375 0.3888888888888889 0.62109375 0.38333333333333336 0.609375 0.36666666666666664 0.609375 0.3611111111111111 0.59765625 0.34444444444444444 0.59765625 0.3333333333333333 0.59375 0.3277777777777778 0.59375 0.3 0.58984375 0.29444444444444445 0.58984375 0.25555555555555554 0.5859375 0.25 0.5859375 0.2222222222222222 0.58984375 0.21666666666666667 0.58984375 0.19444444444444445 0.5859375 0.18888888888888888 0.5859375 0.12777777777777777 0.58984375 0.12222222222222222 0.59375 0.12222222222222222 0.59765625 0.11666666666666667 0.59765625 0.1111111111111111 0.60546875 0.1 0.6171875 0.1
5 0.6640625 0.11666666666666667 0.671875 0.12777777777777777 0.6796875 0.12777777777777777 0.68359375 0.13333333333333333 0.68359375 0.1388888888888889 0.6875 0.14444444444444443 0.6875 0.15555555555555556 0.69140625 0.16111111111111112 0.69140625 0.17222222222222222 0.6953125 0.17777777777777778 0.6953125 0.18333333333333332 0.703125 0.2 0.703125 0.2111111111111111 0.70703125 0.21666666666666667 0.70703125 0.22777777777777777 0.7109375 0.23333333333333334 0.7109375 0.24444444444444444 0.71484375 0.25 0.71484375 0.25555555555555554 0.72265625 0.26666666666666666 0.734375 0.26666666666666666 0.73828125 0.2722222222222222 0.7421875 0.2722222222222222 0.7421875 0.2777777777777778 0.74609375 0.2833333333333333 0.74609375 0.29444444444444445 0.75 0.3 0.75 0.3055555555555556 0.73828125 0.31666666666666665 0.73046875 0.31666666666666665 0.72265625 0.3277777777777778 0.71875 0.3277777777777778 0.70703125 0.34444444444444444 0.6953125 0.34444444444444444 0.69140625 0.35 0.6875 0.35 0.6796875 0.3611111111111111 0.671875 0.3611111111111111 0.66015625 0.37777777777777777 0.65625 0.37777777777777777 0.65234375 0.38333333333333336 0.640625 0.38333333333333336 0.63671875 0.3888888888888889 0.6328125 0.3888888888888889 0.62109375 0.40555555555555556 0.6171875 0.40555555555555556 0.58984375 0.4444444444444444 0.5859375 0.4444444444444444 0.58203125 0.45 0.578125 0.45 0.5546875 0.48333333333333334 0.55078125 0.48333333333333334 0.546875 0.4888888888888889 0.54296875 0.48333333333333334 0.5390625 0.48333333333333334 0.53125 0.4722222222222222 0.53125 0.4666666666666667 0.52734375 0.46111111111111114 0.52734375 0.4388888888888889 0.53125 0.43333333333333335 0.53125 0.4222222222222222 0.53515625 0.4166666666666667 0.53515625 0.4111111111111111 0.54296875 0.39444444444444443 0.54296875 0.38333333333333336 0.55078125 0.37222222222222223 0.55078125 0.36666666666666664 0.5546875 0.3611111111111111 0.5546875 0.35555555555555557 0.55859375 0.35 0.55859375 0.34444444444444444 0.5625 0.3388888888888889 0.5625 0.3333333333333333 0.5703125 0.32222222222222224 0.5703125 0.31666666666666665 0.5859375 0.28888888888888886 0.5859375 0.2722222222222222 0.58984375 0.26666666666666666 0.58984375 0.2611111111111111 0.5859375 0.25555555555555554 0.5859375 0.2 0.58984375 0.19444444444444445 0.58984375 0.18888888888888888 0.5859375 0.18333333333333332 0.5859375 0.12777777777777777 0.58984375 0.12222222222222222 0.59375 0.12222222222222222 0.59765625 0.11666666666666667 0.59765625 0.1111111111111111 0.60546875 0.1 0.6171875 0.1 0.62109375 0.10555555555555556 0.65234375 0.10555555555555556 0.66015625 0.11666666666666667
5 0.51171875 0.15555555555555556 0.515625 0.16111111111111112 0.51953125 0.16111111111111112 0.51953125 0.16666666666666666 0.52734375 0.17777777777777778 0.52734375 0.18333333333333332 0.54296875 0.2111111111111111 0.54296875 0.2388888888888889 0.5390625 0.24444444444444444 0.5390625 0.25 0.53515625 0.25555555555555554 0.53515625 0.2611111111111111 0.53125 0.26666666666666666 0.53125 0.2722222222222222 0.52734375 0.2777777777777778 0.52734375 0.2833333333333333 0.51953125 0.3 0.51953125 0.3111111111111111 0.515625 0.31666666666666665 0.515625 0.32222222222222224 0.51171875 0.3277777777777778 0.51171875 0.3333333333333333 0.5078125 0.3388888888888889 0.5078125 0.34444444444444444 0.50390625 0.35 0.50390625 0.35555555555555557 0.5 0.3611111111111111 0.5 0.36666666666666664 0.49609375 0.37222222222222223 0.49609375 0.37777777777777777 0.48828125 0.3888888888888889 0.48828125 0.39444444444444443 0.484375 0.4 0.484375 0.40555555555555556 0.48046875 0.4111111111111111 0.48046875 0.4166666666666667 0.4765625 0.4222222222222222 0.4765625 0.42777777777777776 0.47265625 0.43333333333333335 0.47265625 0.4388888888888889 0.4609375 0.45555555555555555 0.4609375 0.46111111111111114 0.453125 0.4722222222222222 0.453125 0.4777777777777778 0.43359375 0.5055555555555555 0.43359375 0.5111111111111111 0.40625 0.55 0.40625 0.5555555555555556 0.40234375 0.5555555555555556 0.3984375 0.5611111111111111 0.3984375 0.5555555555555556 0.38671875 0.5388888888888889 0.38671875 0.5333333333333333 0.37890625 0.5222222222222223 0.37890625 0.5 0.3828125 0.49444444444444446 0.3828125 0.4888888888888889 0.38671875 0.48333333333333334 0.38671875 0.4777777777777778 0.390625 0.4722222222222222 0.390625 0.4666666666666667 0.39453125 0.46111111111111114 0.39453125 0.45555555555555555 0.3984375 0.45 0.3984375 0.4444444444444444 0.40234375 0.4388888888888889 0.40234375 0.4222222222222222 0.3984375 0.4166666666666667 0.3984375 0.4111111111111111 0.38671875 0.39444444444444443 0.38671875 0.37777777777777777 0.390625 0.37222222222222223 0.390625 0.36666666666666664 0.41015625 0.3388888888888889 0.4140625 0.3388888888888889 0.421875 0.3277777777777778 0.421875 0.32222222222222224 0.42578125 0.31666666666666665 0.42578125 0.3111111111111111 0.4296875 0.3055555555555556 0.4296875 0.3 0.4375 0.28888888888888886 0.4375 0.2833333333333333 0.4609375 0.25 0.4609375 0.2388888888888889 0.44140625 0.2111111111111111 0.4453125 0.20555555555555555 0.4453125 0.2 0.44921875 0.2 0.4609375 0.18333333333333332 0.46484375 0.18333333333333332 0.47265625 0.17222222222222222 0.47265625 0.16666666666666666 0.484375 0.15 0.49609375 0.15 0.5 0.15555555555555556 0.5078125 0.15555555555555556
5 0.60546875 0.3611111111111111 0.60546875 0.36666666666666664 0.609375 0.37222222222222223 0.609375 0.37777777777777777 0.6171875 0.3888888888888889 0.6171875 0.39444444444444443 0.61328125 0.4 0.61328125 0.4111111111111111 0.58984375 0.4444444444444444 0.5859375 0.4444444444444444 0.58203125 0.45 0.578125 0.45 0.55078125 0.4888888888888889 0.54296875 0.4888888888888889 0.53515625 0.4777777777777778 0.52734375 0.4777777777777778 0.52734375 0.4388888888888889 0.53125 0.43333333333333335 0.53125 0.4166666666666667 0.53515625 0.4111111111111111 0.53515625 0.40555555555555556 0.5390625 0.4 0.5390625 0.39444444444444443 0.54296875 0.3888888888888889 0.54296875 0.38333333333333336 0.546875 0.37777777777777777 0.546875 0.37222222222222223 0.55078125 0.36666666666666664 0.55078125 0.3611111111111111 0.55859375 0.35 0.55859375 0.3388888888888889 0.56640625 0.3277777777777778 0.56640625 0.32222222222222224 0.5703125 0.31666666666666665 0.5703125 0.3111111111111111 0.57421875 0.3055555555555556 0.57421875 0.3 0.58203125 0.28888888888888886 0.5859375 0.28888888888888886 0.5859375 0.3 0.58984375 0.3055555555555556 0.58984375 0.3333333333333333 0.59375 0.3388888888888889 0.59375 0.35 0.6015625 0.3611111111111111