5 0.12006578947368421 0.375 0.10855263157894737 0.21666666666666667
5 0.4868421052631579 0.21666666666666667 0.4901315789473684 0.2222222222222222 0.4967105263157895 0.2222222222222222 0.5 0.22777777777777777 0.5131578947368421 0.22777777777777777 0.5164473684210527 0.23333333333333334 0.5230263157894737 0.23333333333333334 0.5296052631578947 0.24444444444444444 0.5328947368421053 0.24444444444444444 0.5361842105263158 0.25 0.5394736842105263 0.25 0.5460526315789473 0.2611111111111111 0.5493421052631579 0.2611111111111111 0.5625 0.2833333333333333 0.5625 0.28888888888888886 0.5723684210526315 0.3055555555555556 0.5723684210526315 0.3111111111111111 0.5855263157894737 0.3388888888888889 0.5855263157894737 0.34444444444444444 0.5986842105263158 0.36666666666666664 0.5986842105263158 0.37222222222222223 0.6085526315789473 0.3888888888888889 0.6085526315789473 0.40555555555555556 0.6052631578947368 0.4111111111111111 0.6019736842105263 0.4111111111111111 0.5921052631578947 0.42777777777777776 0.5888157894736842 0.42777777777777776 0.5822368421052632 0.4388888888888889 0.5263157894736842 0.4388888888888889 0.5230263157894737 0.43333333333333335 0.506578947368421 0.43333333333333335 0.506578947368421 0.42777777777777776 0.5032894736842105 0.4222222222222222 0.4934210526315789 0.4166666666666667 0.46710526315789475 0.37222222222222223 0.46710526315789475 0.36666666666666664 0.45723684210526316 0.35 0.45723684210526316 0.34444444444444444 0.4440789473684211 0.32222222222222224 0.4407894736842105 0.32222222222222224 0.4407894736842105 0.31666666666666665 0.4342105263157895 0.3055555555555556 0.4342105263157895 0.28888888888888886 0.4506578947368421 0.2611111111111111 0.45394736842105265 0.2611111111111111 0.46381578947368424 0.25 0.46381578947368424 0.23333333333333334 0.47368421052631576 0.2222222222222222 0.48355263157894735 0.2222222222222222
5 0.9407894736842105 0.5166666666666667 0.9473684210526315 0.5277777777777778 0.9473684210526315 0.5333333333333333 0.9572368421052632 0.5444444444444444 0.9572368421052632 0.55 0.9605263157894737 0.5555555555555556 0.9605263157894737 0.5777777777777777 0.9638157894736842 0.5833333333333334 0.9638157894736842 0.5944444444444444 0.9671052631578947 0.6 0.9671052631578947 0.6444444444444445 0.9703947368421053 0.65 0.9703947368421053 0.6777777777777778 0.9671052631578947 0.6833333333333333 0.9671052631578947 0.6944444444444444 0.9638157894736842 0.7 0.9638157894736842 0.7055555555555556 0.9605263157894737 0.7111111111111111 0.9605263157894737 0.7166666666666667 0.9572368421052632 0.7222222222222222 0.9572368421052632 0.7277777777777777 0.9539473684210527 0.7333333333333333 0.9539473684210527 0.7388888888888889 0.944078947368421 0.7666666666666667 0.944078947368421 0.7777777777777778 0.9407894736842105 0.7833333333333333 0.9342105263157895 0.7833333333333333 0.9177631578947368 0.7555555555555555 0.9144736842105263 0.7555555555555555 0.9078947368421053 0.7444444444444445 0.9046052631578947 0.7444444444444445 0.9013157894736842 0.7388888888888889 0.8980263157894737 0.7388888888888889 0.8947368421052632 0.7333333333333333 0.8914473684210527 0.7333333333333333 0.8881578947368421 0.7277777777777777 0.8848684210526315 0.7277777777777777 0.868421052631579 0.7111111111111111 0.8618421052631579 0.7111111111111111 0.8585526315789473 0.7055555555555556 0.8453947368421053 0.7055555555555556 0.8421052631578947 0.7 0.8322368421052632 0.7 0.8289473684210527 0.6944444444444444 0.8256578947368421 0.6944444444444444 0.8157894736842105 0.6777777777777778 0.8157894736842105 0.6722222222222223 0.8092105263157895 0.6611111111111111 0.8092105263157895 0.6555555555555556 0.8125 0.65 0.8125 0.6333333333333333 0.8157894736842105 0.6277777777777778 0.819078947368421 0.6111111111111112 0.8322368421052632 0.5888888888888889 0.8355263157894737 0.5888888888888889 0.8585526315789473 0.5555555555555556 0.8618421052631579 0.5555555555555556 0.8651315789473685 0.55 0.8717105263157895 0.55 0.875 0.5444444444444444 0.881578947368421 0.5444444444444444 0.8848684210526315 0.5388888888888889 0.8914473684210527 0.5388888888888889 0.8947368421052632 0.5333333333333333 0.9013157894736842 0.5333333333333333 0.9046052631578947 0.5277777777777778 0.9144736842105263 0.5277777777777778 0.9177631578947368 0.5222222222222223 0.9243421052631579 0.5222222222222223 0.9276315789473685 0.5166666666666667 0.9375 0.5166666666666667
5 0.881578947368421 0.06666666666666667 0.881578947368421 0.12222222222222222 0.8651315789473685 0.16111111111111112 0.8651315789473685 0.17777777777777778 0.8618421052631579 0.18333333333333332 0.8618421052631579 0.19444444444444445 0.8585526315789473 0.2 0.8585526315789473 0.20555555555555555 0.8355263157894737 0.20555555555555555 0.8322368421052632 0.2 0.8256578947368421 0.2 0.8223684210526315 0.19444444444444445 0.8223684210526315 0.17222222222222222 0.8125 0.15555555555555556 0.8092105263157895 0.15555555555555556 0.805921052631579 0.15 0.7894736842105263 0.15 0.7861842105263158 0.15555555555555556 0.7730263157894737 0.15555555555555556 0.7697368421052632 0.15 0.75 0.15 0.7467105263157895 0.15555555555555556 0.7401315789473685 0.15555555555555556 0.7368421052631579 0.16111111111111112 0.7171052631578947 0.16111111111111112 0.7138157894736842 0.16666666666666666 0.7072368421052632 0.16666666666666666 0.7006578947368421 0.15555555555555556 0.7006578947368421 0.14444444444444443 0.7039473684210527 0.1388888888888889 0.7039473684210527 0.12222222222222222 0.7072368421052632 0.11666666666666667 0.7072368421052632 0.10555555555555556 0.7039473684210527 0.1 0.7105263157894737 0.08888888888888889 0.7138157894736842 0.08888888888888889 0.7171052631578947 0.09444444444444444 0.743421052631579 0.09444444444444444 0.7467105263157895 0.08888888888888889 0.756578947368421 0.08888888888888889 0.7598684210526315 0.08333333333333333 0.7730263157894737 0.08333333333333333 0.7763157894736842 0.07777777777777778 0.8223684210526315 0.07777777777777778 0.8256578947368421 0.07222222222222222 0.8453947368421053 0.07222222222222222 0.8486842105263158 0.06666666666666667 0.8782894736842105 0.06666666666666667
5 0.28618421052631576 0.6277777777777778 0.29605263157894735 0.6444444444444445 0.3059210526315789 0.6444444444444445 0.3157894736842105 0.6555555555555556 0.3355263157894737 0.6555555555555556 0.33881578947368424 0.6611111111111111 0.3848684210526316 0.6611111111111111 0.39473684210526316 0.6777777777777778 0.39473684210526316 0.7 0.3980263157894737 0.7055555555555556 0.39473684210526316 0.7111111111111111 0.39473684210526316 0.7388888888888889 0.3881578947368421 0.75 0.3815789473684211 0.75 0.375 0.7611111111111111 0.3717105263157895 0.7611111111111111 0.3651315789473684 0.7777777777777778 0.34539473684210525 0.7777777777777778 0.34210526315789475 0.7722222222222223 0.33881578947368424 0.7722222222222223 0.3355263157894737 0.7666666666666667 0.33223684210526316 0.7666666666666667 0.32894736842105265 0.7611111111111111 0.3190789473684211 0.7555555555555555 0.3125 0.7444444444444445 0.3059210526315789 0.7444444444444445 0.3026315789473684 0.7388888888888889 0.29605263157894735 0.7388888888888889 0.29276315789473684 0.7333333333333333 0.2894736842105263 0.7333333333333333 0.28289473684210525 0.7222222222222222 0.27960526315789475 0.7222222222222222 0.27631578947368424 0.7166666666666667 0.27631578947368424 0.7111111111111111 0.26644736842105265 0.6944444444444444 0.26644736842105265 0.6888888888888889 0.2631578947368421 0.6833333333333333 0.2631578947368421 0.6555555555555556 0.26644736842105265 0.65 0.26973684210526316 0.6333333333333333 0.27631578947368424 0.6222222222222222 0.27960526315789475 0.6222222222222222 0.28289473684210525 0.6277777777777778
5 0.5493421052631579 0.6222222222222222 0.555921052631579 0.6333333333333333 0.555921052631579 0.6388888888888888 0.5657894736842105 0.6555555555555556 0.5657894736842105 0.6611111111111111 0.569078947368421 0.6666666666666666 0.569078947368421 0.6833333333333333 0.5723684210526315 0.6888888888888889 0.5723684210526315 0.7 0.5756578947368421 0.7055555555555556 0.5756578947368421 0.7277777777777777 0.5789473684210527 0.7333333333333333 0.5789473684210527 0.7722222222222223 0.5756578947368421 0.7777777777777778 0.5756578947368421 0.7944444444444444 0.5723684210526315 0.8 0.5723684210526315 0.8055555555555556 0.555921052631579 0.8055555555555556 0.5526315789473685 0.8111111111111111 0.4769736842105263 0.8111111111111111 0.47368421052631576 0.8166666666666667 0.46710526315789475 0.8166666666666667 0.46381578947368424 0.8111111111111111 0.46381578947368424 0.7944444444444444 0.46710526315789475 0.7888888888888889 0.46710526315789475 0.7833333333333333 0.47368421052631576 0.7722222222222223 0.47368421052631576 0.7666666666666667 0.48026315789473684 0.7555555555555555 0.48026315789473684 0.7222222222222222 0.47039473684210525 0.7055555555555556 0.47039473684210525 0.7 0.46710526315789475 0.6944444444444444 0.46710526315789475 0.6722222222222223 0.47039473684210525 0.6666666666666666 0.47039473684210525 0.6611111111111111 0.4868421052631579 0.6333333333333333 0.4934210526315789 0.6333333333333333 0.5032894736842105 0.6222222222222222 0.5131578947368421 0.6222222222222222 0.5164473684210527 0.6166666666666667 0.5328947368421053 0.6166666666666667 0.5361842105263158 0.6111111111111112 0.5394736842105263 0.6111111111111112 0.5460526315789473 0.6222222222222222
5 0.4243421052631579 0.4888888888888889 0.4243421052631579 0.5166666666666667 0.4144736842105263 0.5444444444444444 0.4144736842105263 0.5555555555555556 0.41118421052631576 0.5611111111111111 0.41118421052631576 0.5722222222222222 0.40460526315789475 0.5833333333333334 0.40460526315789475 0.5888888888888889 0.3980263157894737 0.6 0.39473684210526316 0.6166666666666667 0.3848684210526316 0.6333333333333333 0.3848684210526316 0.6388888888888888 0.3782894736842105 0.65 0.3717105263157895 0.65 0.3618421052631579 0.6611111111111111 0.35855263157894735 0.6611111111111111 0.35526315789473684 0.6555555555555556 0.33881578947368424 0.6555555555555556 0.3355263157894737 0.65 0.3157894736842105 0.65 0.3059210526315789 0.6388888888888888 0.2993421052631579 0.6388888888888888 0.29605263157894735 0.6333333333333333 0.29276315789473684 0.6333333333333333 0.28289473684210525 0.6166666666666667 0.28289473684210525 0.6111111111111112 0.27960526315789475 0.6055555555555555 0.27631578947368424 0.6055555555555555 0.2532894736842105 0.5666666666666667 0.25 0.55 0.2598684210526316 0.5388888888888889 0.3125 0.5388888888888889 0.3157894736842105 0.5333333333333333 0.33223684210526316 0.5333333333333333 0.3355263157894737 0.5277777777777778 0.35526315789473684 0.5277777777777778 0.35855263157894735 0.5222222222222223 0.3684210526315789 0.5222222222222223 0.3717105263157895 0.5166666666666667 0.3782894736842105 0.5166666666666667 0.3815789473684211 0.5111111111111111 0.3881578947368421 0.5111111111111111 0.40460526315789475 0.49444444444444446 0.4144736842105263 0.49444444444444446 0.41776315789473684 0.4888888888888889 0.42105263157894735 0.4888888888888889
5 0.8618421052631579 0.2222222222222222 0.8782894736842105 0.24444444444444444 0.8782894736842105 0.25 0.881578947368421 0.25555555555555554 0.881578947368421 0.28888888888888886 0.8782894736842105 0.29444444444444445 0.8782894736842105 0.3 0.875 0.3055555555555556 0.875 0.31666666666666665 0.8717105263157895 0.32222222222222224 0.8717105263157895 0.35 0.868421052631579 0.35555555555555557 0.868421052631579 0.37777777777777777 0.8651315789473685 0.38333333333333336 0.8651315789473685 0.3888888888888889 0.8618421052631579 0.39444444444444443 0.8585526315789473 0.4111111111111111 0.8486842105263158 0.42777777777777776 0.8486842105263158 0.43333333333333335 0.8453947368421053 0.4388888888888889 0.8486842105263158 0.4444444444444444 0.8486842105263158 0.4722222222222222 0.8421052631578947 0.4888888888888889 0.8421052631578947 0.5055555555555555 0.8388157894736842 0.5111111111111111 0.8388157894736842 0.5222222222222223 0.8355263157894737 0.5277777777777778 0.8355263157894737 0.5444444444444444 0.8322368421052632 0.55 0.8322368421052632 0.5611111111111111 0.8256578947368421 0.5777777777777777 0.8223684210526315 0.5722222222222222 0.8157894736842105 0.5722222222222222 0.805921052631579 0.5611111111111111 0.7993421052631579 0.5611111111111111 0.7894736842105263 0.5444444444444444 0.7861842105263158 0.5444444444444444 0.7828947368421053 0.5388888888888889 0.7763157894736842 0.5388888888888889 0.7730263157894737 0.5333333333333333 0.7697368421052632 0.5333333333333333 0.7631578947368421 0.5222222222222223 0.7598684210526315 0.5222222222222223 0.7598684210526315 0.45 0.7631578947368421 0.4444444444444444 0.7631578947368421 0.4388888888888889 0.7796052631578947 0.4111111111111111 0.7796052631578947 0.4 0.7828947368421053 0.39444444444444443 0.7828947368421053 0.3888888888888889 0.7927631578947368 0.37777777777777777 0.7927631578947368 0.37222222222222223 0.7993421052631579 0.3611111111111111 0.8026315789473685 0.34444444444444444 0.805921052631579 0.34444444444444444 0.8092105263157895 0.3388888888888889 0.805921052631579 0.3333333333333333 0.8092105263157895 0.3277777777777778 0.8092105263157895 0.31666666666666665 0.8388157894736842 0.2722222222222222 0.8388157894736842 0.26666666666666666 0.8421052631578947 0.2611111111111111 0.8421052631578947 0.24444444444444444 0.8388157894736842 0.2388888888888889 0.8421052631578947 0.23333333333333334 0.8421052631578947 0.22777777777777777 0.8453947368421053 0.22777777777777777 0.8486842105263158 0.2222222222222222 0.8585526315789473 0.2222222222222222
5 0.5230263157894737 0.03333333333333333 0.5394736842105263 0.03333333333333333 0.5427631578947368 0.03888888888888889 0.555921052631579 0.03888888888888889 0.5592105263157895 0.03333333333333333 0.5657894736842105 0.03333333333333333 0.569078947368421 0.027777777777777776 0.631578947368421 0.027777777777777776 0.6348684210526315 0.03333333333333333 0.6513157894736842 0.03333333333333333 0.6546052631578947 0.03888888888888889 0.6578947368421053 0.03888888888888889 0.6644736842105263 0.05 0.6710526315789473 0.05 0.680921052631579 0.06111111111111111 0.6875 0.06111111111111111 0.6907894736842105 0.06666666666666667 0.6973684210526315 0.06666666666666667 0.7006578947368421 0.07222222222222222 0.7006578947368421 0.08888888888888889 0.6973684210526315 0.09444444444444444 0.6973684210526315 0.1111111111111111 0.694078947368421 0.11666666666666667 0.694078947368421 0.12777777777777777 0.6907894736842105 0.13333333333333333 0.6907894736842105 0.15555555555555556 0.6875 0.16111111111111112 0.6875 0.17222222222222222 0.6710526315789473 0.17222222222222222 0.6677631578947368 0.17777777777777778 0.6677631578947368 0.19444444444444445 0.6611842105263158 0.20555555555555555 0.6611842105263158 0.21666666666666667 0.6578947368421053 0.2222222222222222 0.6381578947368421 0.2222222222222222 0.6348684210526315 0.21666666666666667 0.6282894736842105 0.21666666666666667 0.618421052631579 0.20555555555555555 0.6085526315789473 0.20555555555555555 0.6052631578947368 0.2 0.5888157894736842 0.2 0.5855263157894737 0.19444444444444445 0.5592105263157895 0.19444444444444445 0.555921052631579 0.18888888888888888 0.5460526315789473 0.18888888888888888 0.5427631578947368 0.18333333333333332 0.5328947368421053 0.18333333333333332 0.5296052631578947 0.17777777777777778 0.5197368421052632 0.17222222222222222 0.4934210526315789 0.12777777777777777 0.4901315789473684 0.12777777777777777 0.48026315789473684 0.1111111111111111 0.48355263157894735 0.10555555555555556 0.48355263157894735 0.09444444444444444 0.48026315789473684 0.08888888888888889 0.47368421052631576 0.08888888888888889 0.46381578947368424 0.07777777777777778 0.45394736842105265 0.07777777777777778 0.4506578947368421 0.07222222222222222 0.4506578947368421 0.06666666666666667 0.45394736842105265 0.06111111111111111 0.45394736842105265 0.05555555555555555 0.4605263157894737 0.044444444444444446 0.48026315789473684 0.044444444444444446 0.4868421052631579 0.05555555555555555 0.506578947368421 0.05555555555555555 0.5098684210526315 0.06111111111111111 0.5164473684210527 0.06111111111111111 0.5230263157894737 0.05 0.5230263157894737 0.03888888888888889
5 0.1611842105263158 0.46111111111111114 0.19407894736842105 0.49444444444444446 0.2236842105263158 0.49444444444444446 0.22697368421052633 0.5 0.23355263157894737 0.5 0.23684210526315788 0.5055555555555555 0.24013157894736842 0.5055555555555555 0.24013157894736842 0.5111111111111111 0.23684210526315788 0.5166666666666667 0.23684210526315788 0.5277777777777778 0.24013157894736842 0.5333333333333333 0.24013157894736842 0.5833333333333334 0.23684210526315788 0.5888888888888889 0.23355263157894737 0.6055555555555555 0.23026315789473684 0.6055555555555555 0.22697368421052633 0.6111111111111112 0.2138157894736842 0.6111111111111112 0.21052631578947367 0.6055555555555555 0.20394736842105263 0.6055555555555555 0.20065789473684212 0.6 0.19407894736842105 0.6 0.19407894736842105 0.5944444444444444 0.1875 0.5833333333333334 0.1875 0.5722222222222222 0.18092105263157895 0.5611111111111111 0.16776315789473684 0.5611111111111111 0.16447368421052633 0.5666666666666667 0.15460526315789475 0.5722222222222222 0.13815789473684212 0.6 0.13486842105263158 0.6 0.13157894736842105 0.6055555555555555 0.11842105263157894 0.6055555555555555 0.1118421052631579 0.5944444444444444 0.10855263157894737 0.5944444444444444 0.10855263157894737 0.5888888888888889 0.10197368421052631 0.5777777777777777 0.10197368421052631 0.5666666666666667 0.09868421052631579 0.5611111111111111 0.10197368421052631 0.5555555555555556 0.10197368421052631 0.5444444444444444 0.10526315789473684 0.5388888888888889 0.10526315789473684 0.5277777777777778 0.10855263157894737 0.5222222222222223 0.1118421052631579 0.5055555555555555 0.125 0.48333333333333334 0.12828947368421054 0.48333333333333334 0.13157894736842105 0.4777777777777778 0.14473684210526316 0.4777777777777778 0.14802631578947367 0.4722222222222222 0.15789473684210525 0.4666666666666667
5 0.17763157894736842 0.34444444444444444 0.18092105263157895 0.34444444444444444 0.18421052631578946 0.3388888888888889 0.18421052631578946 0.3333333333333333 0.19736842105263158 0.3111111111111111 0.22697368421052633 0.3111111111111111 0.23026315789473684 0.3055555555555556 0.23355263157894737 0.3055555555555556 0.23684210526315788 0.3111111111111111 0.25 0.3111111111111111 0.2532894736842105 0.31666666666666665 0.2532894736842105 0.32222222222222224 0.2631578947368421 0.3388888888888889 0.2631578947368421 0.3611111111111111 0.26644736842105265 0.36666666666666664 0.26644736842105265 0.3888888888888889 0.26973684210526316 0.39444444444444443 0.26973684210526316 0.4722222222222222 0.26644736842105265 0.4777777777777778 0.2631578947368421 0.4777777777777778 0.2532894736842105 0.4888888888888889 0.19736842105263158 0.4888888888888889 0.19407894736842105 0.48333333333333334 0.18421052631578946 0.4777777777777778 0.17434210526315788 0.46111111111111114 0.17105263157894737 0.46111111111111114 0.16447368421052633 0.45 0.16447368421052633 0.4444444444444444 0.1611842105263158 0.4388888888888889 0.1611842105263158 0.42777777777777776 0.16447368421052633 0.4222222222222222 0.16447368421052633 0.4111111111111111 0.17105263157894737 0.39444444444444443 0.17105263157894737 0.37222222222222223 0.17434210526315788 0.36666666666666664 0.17434210526315788 0.35555555555555557 0.17763157894736842 0.35
5 0.03289473684210526 0.38333333333333336 0.03618421052631579 0.38333333333333336 0.04276315789473684 0.39444444444444443 0.046052631578947366 0.39444444444444443 0.05263157894736842 0.40555555555555556 0.05592105263157895 0.40555555555555556 0.05592105263157895 0.4111111111111111 0.0625 0.42777777777777776 0.0625 0.4388888888888889 0.06578947368421052 0.4444444444444444 0.06907894736842106 0.4444444444444444 0.0756578947368421 0.45555555555555555 0.07894736842105263 0.45555555555555555 0.08881578947368421 0.4666666666666667 0.09539473684210527 0.4666666666666667 0.10197368421052631 0.4777777777777778 0.1118421052631579 0.48333333333333334 0.1118421052631579 0.5 0.10855263157894737 0.5055555555555555 0.10855263157894737 0.5166666666666667 0.10526315789473684 0.5222222222222223 0.10526315789473684 0.5333333333333333 0.09868421052631579 0.5444444444444444 0.09868421052631579 0.5777777777777777 0.10197368421052631 0.5833333333333334 0.10197368421052631 0.5888888888888889 0.125 0.6277777777777778 0.125 0.65 0.12171052631578948 0.6555555555555556 0.10855263157894737 0.6555555555555556 0.10526315789473684 0.6611111111111111 0.09210526315789473 0.6611111111111111 0.08881578947368421 0.6666666666666666 0.08223684210526316 0.6666666666666666 0.07894736842105263 0.6722222222222223 0.0756578947368421 0.6722222222222223 0.06907894736842106 0.6611111111111111 0.06907894736842106 0.6555555555555556 0.05592105263157895 0.6277777777777778 0.05263157894736842 0.6111111111111112 0.04276315789473684 0.5833333333333334 0.04276315789473684 0.5722222222222222 0.039473684210526314 0.5666666666666667 0.039473684210526314 0.55 0.03618421052631579 0.5444444444444444 0.03618421052631579 0.5277777777777778 0.03289473684210526 0.5222222222222223 0.03289473684210526 0.3888888888888889
5 0.5822368421052632 0.45 0.5855263157894737 0.45555555555555555 0.6019736842105263 0.45555555555555555 0.6052631578947368 0.46111111111111114 0.6348684210526315 0.46111111111111114 0.6381578947368421 0.4666666666666667 0.6611842105263158 0.4666666666666667 0.6644736842105263 0.4722222222222222 0.680921052631579 0.4722222222222222 0.6842105263157895 0.4777777777777778 0.694078947368421 0.4777777777777778 0.6973684210526315 0.48333333333333334 0.7072368421052632 0.48333333333333334 0.7105263157894737 0.4888888888888889 0.7335526315789473 0.4888888888888889 0.7401315789473685 0.5055555555555555 0.7401315789473685 0.5277777777777778 0.7368421052631579 0.5333333333333333 0.7368421052631579 0.5555555555555556 0.7335526315789473 0.5611111111111111 0.7335526315789473 0.5833333333333334 0.7302631578947368 0.5888888888888889 0.7302631578947368 0.6222222222222222 0.7269736842105263 0.6277777777777778 0.7269736842105263 0.6611111111111111 0.7236842105263158 0.6666666666666666 0.6743421052631579 0.6666666666666666 0.6710526315789473 0.6611111111111111 0.6513157894736842 0.6611111111111111 0.6480263157894737 0.6555555555555556 0.6348684210526315 0.6555555555555556 0.631578947368421 0.65 0.6217105263157895 0.65 0.618421052631579 0.6444444444444445 0.6085526315789473 0.6444444444444445 0.6052631578947368 0.6388888888888888 0.5921052631578947 0.6388888888888888 0.5888157894736842 0.6333333333333333 0.5789473684210527 0.6333333333333333 0.5756578947368421 0.6277777777777778 0.569078947368421 0.6277777777777778 0.5657894736842105 0.6222222222222222 0.5592105263157895 0.6222222222222222 0.555921052631579 0.6166666666666667 0.5526315789473685 0.6166666666666667 0.5460526315789473 0.6 0.5460526315789473 0.5611111111111111 0.5493421052631579 0.5555555555555556 0.5493421052631579 0.5111111111111111 0.5526315789473685 0.5055555555555555 0.5526315789473685 0.48333333333333334 0.555921052631579 0.4777777777777778 0.555921052631579 0.4666666666666667 0.5625 0.45 0.5789473684210527 0.45
5 0.46710526315789475 0.45555555555555555 0.47039473684210525 0.46111111111111114 0.4901315789473684 0.46111111111111114 0.4934210526315789 0.4666666666666667 0.5 0.4666666666666667 0.5 0.49444444444444446 0.5032894736842105 0.5 0.5032894736842105 0.5666666666666667 0.506578947368421 0.5722222222222222 0.506578947368421 0.6055555555555555 0.5032894736842105 0.6111111111111112 0.5032894736842105 0.6166666666666667 0.5 0.6166666666666667 0.4967105263157895 0.6222222222222222 0.4868421052631579 0.6277777777777778 0.46710526315789475 0.6611111111111111 0.46710526315789475 0.6666666666666666 0.46381578947368424 0.6722222222222223 0.46381578947368424 0.7 0.47368421052631576 0.7166666666666667 0.47368421052631576 0.7222222222222222 0.4769736842105263 0.7277777777777777 0.4769736842105263 0.7555555555555555 0.47368421052631576 0.7555555555555555 0.46381578947368424 0.7722222222222223 0.45394736842105265 0.7722222222222223 0.4506578947368421 0.7666666666666667 0.4309210526315789 0.7666666666666667 0.4276315789473684 0.7611111111111111 0.41776315789473684 0.7611111111111111 0.4144736842105263 0.7555555555555555 0.40460526315789475 0.7555555555555555 0.40131578947368424 0.75 0.40131578947368424 0.6777777777777778 0.3980263157894737 0.6722222222222223 0.3980263157894737 0.6666666666666666 0.39144736842105265 0.6555555555555556 0.39144736842105265 0.6444444444444445 0.39473684210526316 0.6388888888888888 0.39473684210526316 0.6277777777777778 0.40131578947368424 0.6166666666666667 0.40131578947368424 0.6111111111111112 0.40460526315789475 0.6055555555555555 0.40460526315789475 0.6 0.40789473684210525 0.5944444444444444 0.40789473684210525 0.5888888888888889 0.41118421052631576 0.5833333333333334 0.4144736842105263 0.5666666666666667 0.41776315789473684 0.5611111111111111 0.41776315789473684 0.55 0.4276315789473684 0.5222222222222223 0.4276315789473684 0.5111111111111111 0.4309210526315789 0.5055555555555555 0.4309210526315789 0.4888888888888889 0.4407894736842105 0.4722222222222222 0.4407894736842105 0.4666666666666667 0.4440789473684211 0.46111111111111114 0.46381578947368424 0.46111111111111114
5 0.40789473684210525 0.38333333333333336 0.40789473684210525 0.3888888888888889 0.4144736842105263 0.40555555555555556 0.4144736842105263 0.4166666666666667 0.41776315789473684 0.4222222222222222 0.41776315789473684 0.4388888888888889 0.4309210526315789 0.46111111111111114 0.4309210526315789 0.4777777777777778 0.4276315789473684 0.4777777777777778 0.41776315789473684 0.4888888888888889 0.40789473684210525 0.4888888888888889 0.40460526315789475 0.49444444444444446 0.40131578947368424 0.49444444444444446 0.3848684210526316 0.5111111111111111 0.3782894736842105 0.5111111111111111 0.375 0.5166666666666667 0.3684210526315789 0.5166666666666667 0.35855263157894735 0.5277777777777778 0.33223684210526316 0.5277777777777778 0.32894736842105265 0.5333333333333333 0.2565789473684211 0.5333333333333333 0.2532894736842105 0.5388888888888889 0.25 0.5333333333333333 0.24671052631578946 0.5333333333333333 0.24671052631578946 0.5111111111111111 0.25 0.5111111111111111 0.2631578947368421 0.4888888888888889 0.26644736842105265 0.4888888888888889 0.2730263157894737 0.4777777777777778 0.2730263157894737 0.4666666666666667 0.27631578947368424 0.46111111111111114 0.27631578947368424 0.4222222222222222 0.2730263157894737 0.4166666666666667 0.2730263157894737 0.4111111111111111 0.27631578947368424 0.40555555555555556 0.3059210526315789 0.40555555555555556 0.3092105263157895 0.4 0.3125 0.4 0.32894736842105265 0.38333333333333336 0.35526315789473684 0.38333333333333336 0.35855263157894735 0.37777777777777777 0.40131578947368424 0.37777777777777777 0.40460526315789475 0.38333333333333336