5 0.7407407407407407 0.4222222222222222 0.7444444444444445 0.42777777777777776 0.7481481481481481 0.4444444444444444 0.7592592592592593 0.46111111111111114 0.7592592592592593 0.4666666666666667 0.7666666666666667 0.48333333333333334 0.762962962962963 0.4888888888888889 0.762962962962963 0.5 0.774074074074074 0.5166666666666667 0.7777777777777778 0.5166666666666667 0.7851851851851852 0.5277777777777778 0.7962962962962963 0.5333333333333333 0.8 0.5388888888888889 0.8 0.55 0.7962962962962963 0.5555555555555556 0.7962962962962963 0.5666666666666667 0.7925925925925926 0.5722222222222222 0.7925925925925926 0.6055555555555555 0.7888888888888889 0.6111111111111112 0.7888888888888889 0.65 0.7777777777777778 0.6611111111111111 0.7666666666666667 0.6611111111111111 0.762962962962963 0.6666666666666666 0.7555555555555555 0.6666666666666666 0.7333333333333333 0.7 0.7222222222222222 0.7 0.7185185185185186 0.6944444444444444 0.7074074074074074 0.6944444444444444 0.7037037037037037 0.6888888888888889 0.7 0.6944444444444444 0.6962962962962963 0.6888888888888889 0.7 0.6833333333333333 0.7 0.6777777777777778 0.6962962962962963 0.6722222222222223 0.6962962962962963 0.6666666666666666 0.6888888888888889 0.65 0.6888888888888889 0.5944444444444444 0.6851851851851852 0.5888888888888889 0.6851851851851852 0.5777777777777777 0.6777777777777778 0.5611111111111111 0.6777777777777778 0.55 0.674074074074074 0.5444444444444444 0.674074074074074 0.5388888888888889 0.6666666666666666 0.5277777777777778 0.6666666666666666 0.5111111111111111 0.662962962962963 0.5055555555555555 0.662962962962963 0.5 0.6666666666666666 0.49444444444444446 0.6703703703703704 0.49444444444444446 0.6962962962962963 0.45555555555555555 0.6962962962962963 0.4444444444444444 0.7037037037037037 0.43333333333333335 0.7111111111111111 0.43333333333333335 0.7148148148148148 0.42777777777777776 0.7222222222222222 0.42777777777777776 0.725925925925926 0.4222222222222222 0.737037037037037 0.4222222222222222
5 0.8518518518518519 0.7555555555555555 0.8592592592592593 0.7555555555555555 0.8629629629629629 0.7611111111111111 0.8888888888888888 0.7611111111111111 0.8888888888888888 0.7666666666666667 0.8851851851851852 0.7722222222222223 0.8851851851851852 0.7944444444444444 0.8814814814814815 0.8 0.8814814814814815 0.8277777777777777 0.8851851851851852 0.8333333333333334 0.8851851851851852 0.8388888888888889 0.8888888888888888 0.8444444444444444 0.8888888888888888 0.85 0.8962962962962963 0.8666666666666667 0.8962962962962963 0.8777777777777778 0.9037037037037037 0.8944444444444445 0.9037037037037037 0.9333333333333333 0.9 0.9333333333333333 0.8962962962962963 0.9388888888888889 0.8962962962962963 0.95 0.8666666666666667 0.95 0.8592592592592593 0.9388888888888889 0.8518518518518519 0.9388888888888889 0.8481481481481481 0.9333333333333333 0.8407407407407408 0.9333333333333333 0.8185185185185185 0.9111111111111111 0.7962962962962963 0.9111111111111111 0.7925925925925926 0.9166666666666666 0.7666666666666667 0.9166666666666666 0.7555555555555555 0.9333333333333333 0.7518518518518519 0.9333333333333333 0.7481481481481481 0.9277777777777778 0.7444444444444445 0.9277777777777778 0.7296296296296296 0.9055555555555556 0.7333333333333333 0.9 0.7333333333333333 0.8944444444444445 0.7296296296296296 0.8888888888888888 0.7222222222222222 0.8888888888888888 0.7111111111111111 0.8777777777777778 0.7148148148148148 0.8722222222222222 0.7148148148148148 0.8611111111111112 0.7185185185185186 0.8555555555555555 0.7222222222222222 0.8555555555555555 0.725925925925926 0.85 0.725925925925926 0.8444444444444444 0.7481481481481481 0.8111111111111111 0.7518518518518519 0.8111111111111111 0.762962962962963 0.8 0.7703703703703704 0.8 0.7777777777777778 0.7888888888888889 0.7814814814814814 0.7888888888888889 0.7851851851851852 0.7833333333333333 0.7851851851851852 0.7777777777777778 0.7888888888888889 0.7777777777777778 0.7925925925925926 0.7722222222222223 0.825925925925926 0.7722222222222223 0.8296296296296296 0.7777777777777778 0.8333333333333334 0.7722222222222223 0.8407407407407408 0.7722222222222223 0.8518518518518519 0.7611111111111111
5 0.6222222222222222 0.17222222222222222 0.6259259259259259 0.17222222222222222 0.6296296296296297 0.16666666666666666 0.6296296296296297 0.13333333333333333 0.6333333333333333 0.12777777777777777 0.6333333333333333 0.1 0.6296296296296297 0.09444444444444444 0.6296296296296297 0.044444444444444446 0.6592592592592592 0 0.7592592592592593 0 0.762962962962963 0.016666666666666666 0.7666666666666667 0.022222222222222223 0.7666666666666667 0.027777777777777776 0.7703703703703704 0.03333333333333333 0.774074074074074 0.05 0.7777777777777778 0.05555555555555555 0.774074074074074 0.07222222222222222 0.737037037037037 0.12777777777777777 0.737037037037037 0.13333333333333333 0.7296296296296296 0.14444444444444443 0.7296296296296296 0.15 0.725925925925926 0.15555555555555556 0.7222222222222222 0.17222222222222222 0.7185185185185186 0.17777777777777778 0.7148148148148148 0.17777777777777778 0.7037037037037037 0.19444444444444445 0.7 0.19444444444444445 0.6925925925925925 0.20555555555555555 0.6888888888888889 0.20555555555555555 0.6851851851851852 0.2111111111111111 0.6592592592592592 0.2111111111111111 0.6555555555555556 0.20555555555555555 0.6518518518518519 0.2111111111111111 0.6333333333333333 0.2111111111111111 0.6296296296296297 0.21666666666666667 0.6259259259259259 0.2111111111111111 0.6185185185185185 0.2111111111111111 0.6185185185185185 0.18333333333333332 0.6222222222222222 0.17777777777777778
5 0.8444444444444444 0.9388888888888889 0.8518518518518519 0.95 0.8555555555555555 0.95 0.8814814814814815 0.9888888888888889 0.8814814814814815 0.9944444444444445 0.8111111111111111 0.9944444444444445 0.8074074074074075 0.9888888888888889 0.8037037037037037 0.9888888888888889 0.8 0.9944444444444445 0.7407407407407407 0.9944444444444445 0.737037037037037 0.9888888888888889 0.7333333333333333 0.9888888888888889 0.7296296296296296 0.9944444444444445 0.562962962962963 0.9944444444444445 0.5777777777777777 0.9666666666666667 0.5851851851851851 0.9666666666666667 0.5925925925925926 0.9777777777777777 0.5962962962962963 0.9777777777777777 0.6 0.9833333333333333 0.6111111111111112 0.9833333333333333 0.6148148148148148 0.9777777777777777 0.6185185185185185 0.9777777777777777 0.6296296296296297 0.9666666666666667 0.6370370370370371 0.9666666666666667 0.6481481481481481 0.9833333333333333 0.6518518518518519 0.9777777777777777 0.6592592592592592 0.9777777777777777 0.662962962962963 0.9722222222222222 0.674074074074074 0.9722222222222222 0.6851851851851852 0.9555555555555556 0.6888888888888889 0.9555555555555556 0.7 0.9388888888888889 0.7074074074074074 0.9388888888888889 0.7111111111111111 0.9333333333333333 0.737037037037037 0.9333333333333333 0.7407407407407407 0.9388888888888889 0.7481481481481481 0.9388888888888889 0.7518518518518519 0.9444444444444444 0.7555555555555555 0.9444444444444444 0.7666666666666667 0.9277777777777778 0.7703703703703704 0.9277777777777778 0.774074074074074 0.9222222222222223 0.8222222222222222 0.9222222222222223 0.8296296296296296 0.9333333333333333 0.837037037037037 0.9333333333333333 0.8407407407407408 0.9388888888888889
5 0.2222222222222222 0.34444444444444444 0.22592592592592592 0.35 0.23703703703703705 0.35555555555555557 0.24074074074074073 0.3611111111111111 0.24444444444444444 0.3611111111111111 0.2518518518518518 0.37777777777777777 0.2518518518518518 0.39444444444444443 0.25555555555555554 0.4 0.25555555555555554 0.4666666666666667 0.25925925925925924 0.4722222222222222 0.25555555555555554 0.4777777777777778 0.25555555555555554 0.4888888888888889 0.2518518518518518 0.49444444444444446 0.2518518518518518 0.5 0.24814814814814815 0.5055555555555555 0.24444444444444444 0.5222222222222223 0.24074074074074073 0.5222222222222223 0.22962962962962963 0.5388888888888889 0.22592592592592592 0.5388888888888889 0.2222222222222222 0.5444444444444444 0.1925925925925926 0.5444444444444444 0.18888888888888888 0.5388888888888889 0.18518518518518517 0.5388888888888889 0.1814814814814815 0.5333333333333333 0.17777777777777778 0.5333333333333333 0.17407407407407408 0.5277777777777778 0.17037037037037037 0.5277777777777778 0.16666666666666666 0.5222222222222223 0.15555555555555556 0.5166666666666667 0.14444444444444443 0.5 0.14074074074074075 0.5 0.14074074074074075 0.4888888888888889 0.13703703703703704 0.48333333333333334 0.13703703703703704 0.4777777777777778 0.12962962962962962 0.46111111111111114 0.12962962962962962 0.4222222222222222 0.13333333333333333 0.4166666666666667 0.13333333333333333 0.40555555555555556 0.14074074074074075 0.39444444444444443 0.14074074074074075 0.3888888888888889 0.14814814814814814 0.37777777777777777 0.14814814814814814 0.37222222222222223 0.15925925925925927 0.35555555555555557 0.16296296296296298 0.35555555555555557 0.17407407407407408 0.3388888888888889 0.2074074074074074 0.3388888888888889 0.2111111111111111 0.34444444444444444 0.21851851851851853 0.34444444444444444
5 0.762962962962963 0.9277777777777778 0.7703703703703704 0.9277777777777778 0.774074074074074 0.9222222222222223 0.8222222222222222 0.9222222222222223 0.825925925925926 0.9277777777777778 0.8296296296296296 0.9277777777777778 0.8333333333333334 0.9333333333333333 0.837037037037037 0.9333333333333333 0.8407407407407408 0.9388888888888889 0.8518518518518519 0.9444444444444444 0.8814814814814815 0.9888888888888889 0.8814814814814815 0.9944444444444445 0.8111111111111111 0.9944444444444445 0.8074074074074075 0.9888888888888889 0.8037037037037037 0.9888888888888889 0.8 0.9944444444444445 0.7407407407407407 0.9944444444444445 0.737037037037037 0.9888888888888889 0.7296296296296296 0.9888888888888889 0.725925925925926 0.9944444444444445 0.6851851851851852 0.9944444444444445 0.6777777777777778 0.9777777777777777 0.6814814814814815 0.9722222222222222 0.6814814814814815 0.9666666666666667 0.6962962962962963 0.9444444444444444 0.7 0.9444444444444444 0.7111111111111111 0.9333333333333333 0.7407407407407407 0.9333333333333333 0.7444444444444445 0.9388888888888889 0.7592592592592593 0.9388888888888889 0.762962962962963 0.9333333333333333
5 0.46296296296296297 0.2777777777777778 0.4666666666666667 0.2833333333333333 0.4703703703703704 0.2833333333333333 0.4777777777777778 0.29444444444444445 0.48148148148148145 0.29444444444444445 0.4925925925925926 0.3111111111111111 0.4962962962962963 0.3111111111111111 0.5 0.31666666666666665 0.5037037037037037 0.3333333333333333 0.5111111111111111 0.34444444444444444 0.5111111111111111 0.35 0.5185185185185185 0.3611111111111111 0.5185185185185185 0.36666666666666664 0.5222222222222223 0.37222222222222223 0.5222222222222223 0.38333333333333336 0.5259259259259259 0.3888888888888889 0.5259259259259259 0.39444444444444443 0.5296296296296297 0.4 0.5296296296296297 0.4111111111111111 0.5333333333333333 0.4166666666666667 0.5333333333333333 0.43333333333333335 0.5296296296296297 0.4388888888888889 0.5185185185185185 0.4444444444444444 0.4888888888888889 0.4888888888888889 0.4777777777777778 0.49444444444444446 0.4703703703703704 0.5055555555555555 0.4666666666666667 0.5222222222222223 0.45185185185185184 0.5222222222222223 0.44814814814814813 0.5277777777777778 0.4444444444444444 0.5277777777777778 0.44074074074074077 0.5333333333333333 0.44074074074074077 0.55 0.43333333333333335 0.5611111111111111 0.42962962962962964 0.5611111111111111 0.4185185185185185 0.5777777777777777 0.4111111111111111 0.5666666666666667 0.4111111111111111 0.5611111111111111 0.40370370370370373 0.55 0.40370370370370373 0.5444444444444444 0.3925925925925926 0.5277777777777778 0.3925925925925926 0.5222222222222223 0.3814814814814815 0.5055555555555555 0.3814814814814815 0.5 0.37407407407407406 0.4888888888888889 0.37407407407407406 0.48333333333333334 0.3592592592592593 0.46111111111111114 0.3592592592592593 0.45555555555555555 0.34444444444444444 0.43333333333333335 0.34444444444444444 0.42777777777777776 0.3333333333333333 0.4111111111111111 0.3333333333333333 0.4 0.337037037037037 0.39444444444444443 0.34074074074074073 0.39444444444444443 0.35185185185185186 0.37777777777777777 0.35555555555555557 0.37777777777777777 0.36666666666666664 0.3611111111111111 0.37037037037037035 0.3611111111111111 0.37777777777777777 0.35 0.3814814814814815 0.35 0.3925925925925926 0.3333333333333333 0.40370370370370373 0.3277777777777778 0.4148148148148148 0.3111111111111111 0.4185185185185185 0.3111111111111111 0.4222222222222222 0.3055555555555556 0.42592592592592593 0.3055555555555556 0.43333333333333335 0.29444444444444445 0.43703703703703706 0.29444444444444445 0.44814814814814813 0.2777777777777778 0.45925925925925926 0.2777777777777778
5 0.5962962962962963 0.1111111111111111 0.5962962962962963 0.1 0.5925925925925926 0.09444444444444444 0.5888888888888889 0.07777777777777778 0.5814814814814815 0.06666666666666667 0.5777777777777777 0.06666666666666667 0.5740740740740741 0.06111111111111111 0.562962962962963 0.05555555555555555 0.5518518518518518 0.03888888888888889 0.5481481481481482 0.03888888888888889 0.5444444444444444 0.03333333333333333 0.5444444444444444 0.005555555555555556 0.5481481481481482 0 0.6259259259259259 0 0.6259259259259259 0.011111111111111112 0.6296296296296297 0.016666666666666666 0.6259259259259259 0.022222222222222223 0.6259259259259259 0.03333333333333333 0.6222222222222222 0.03888888888888889 0.6259259259259259 0.044444444444444446 0.6259259259259259 0.09444444444444444 0.6296296296296297 0.1 0.6296296296296297 0.12777777777777777 0.6222222222222222 0.1388888888888889 0.6111111111111112 0.12222222222222222 0.6074074074074074 0.12222222222222222 0.6 0.1111111111111111
5 0.6333333333333333 0.6277777777777778 0.6370370370370371 0.6333333333333333 0.6370370370370371 0.6388888888888888 0.6407407407407407 0.6444444444444445 0.6444444444444445 0.6611111111111111 0.6407407407407407 0.6666666666666666 0.6407407407407407 0.6833333333333333 0.6370370370370371 0.6888888888888889 0.6370370370370371 0.7055555555555556 0.6333333333333333 0.7111111111111111 0.6333333333333333 0.7222222222222222 0.6296296296296297 0.7277777777777777 0.6296296296296297 0.7388888888888889 0.6259259259259259 0.7444444444444445 0.6259259259259259 0.7555555555555555 0.6185185185185185 0.7722222222222223 0.6185185185185185 0.7833333333333333 0.6148148148148148 0.7888888888888889 0.6148148148148148 0.7944444444444444 0.6111111111111112 0.7944444444444444 0.6074074074074074 0.8 0.6037037037037037 0.7944444444444444 0.6 0.7944444444444444 0.6 0.7277777777777777 0.5962962962962963 0.7222222222222222 0.5962962962962963 0.6555555555555556 0.6 0.65 0.6 0.6444444444444445 0.6111111111111112 0.6277777777777778 0.6296296296296297 0.6277777777777778
5 0.6222222222222222 0 0.6259259259259259 0.005555555555555556 0.6296296296296297 0.005555555555555556 0.6296296296296297 0.011111111111111112 0.6370370370370371 0.022222222222222223 0.6481481481481481 0.022222222222222223 0.6518518518518519 0.016666666666666666 0.6481481481481481 0.011111111111111112 0.6481481481481481 0.005555555555555556 0.6555555555555556 0.005555555555555556 0.6592592592592592 0 0.7 0 0.7037037037037037 0.005555555555555556 0.7074074074074074 0 0.7518518518518519 0 0.762962962962963 0.016666666666666666 0.762962962962963 0.022222222222222223 0.7666666666666667 0.027777777777777776 0.7666666666666667 0.03888888888888889 0.7703703703703704 0.044444444444444446 0.774074074074074 0.06111111111111111 0.7703703703703704 0.06666666666666667 0.7703703703703704 0.07222222222222222 0.7666666666666667 0.07222222222222222 0.7592592592592593 0.08333333333333333 0.7592592592592593 0.08888888888888889 0.7333333333333333 0.12777777777777777 0.7333333333333333 0.13333333333333333 0.7296296296296296 0.1388888888888889 0.7296296296296296 0.14444444444444443 0.725925925925926 0.15 0.7222222222222222 0.16666666666666666 0.7111111111111111 0.18333333333333332 0.7 0.18888888888888888 0.6888888888888889 0.20555555555555555 0.6851851851851852 0.20555555555555555 0.6777777777777778 0.21666666666666667 0.674074074074074 0.21666666666666667 0.6703703703703704 0.2111111111111111 0.662962962962963 0.2111111111111111 0.6592592592592592 0.21666666666666667 0.6666666666666666 0.22777777777777777 0.674074074074074 0.22777777777777777 0.6851851851851852 0.2388888888888889 0.6925925925925925 0.2388888888888889 0.7111111111111111 0.2611111111111111 0.7148148148148148 0.2611111111111111 0.7185185185185186 0.26666666666666666 0.725925925925926 0.26666666666666666 0.7296296296296296 0.2722222222222222 0.7296296296296296 0.29444444444444445 0.725925925925926 0.3 0.737037037037037 0.31666666666666665 0.7407407407407407 0.31666666666666665 0.7481481481481481 0.3277777777777778 0.7518518518518519 0.3277777777777778 0.7666666666666667 0.35 0.7666666666666667 0.35555555555555557 0.7703703703703704 0.3611111111111111 0.7703703703703704 0.37222222222222223 0.7518518518518519 0.4 0.7481481481481481 0.4 0.7407407407407407 0.4111111111111111 0.7407407407407407 0.4222222222222222 0.737037037037037 0.42777777777777776 0.737037037037037 0.43333333333333335 0.7518518518518519 0.45555555555555555 0.7555555555555555 0.4722222222222222 0.762962962962963 0.48333333333333334 0.762962962962963 0.5055555555555555 0.7666666666666667 0.5111111111111111 0.7666666666666667 0.5166666666666667 0.7703703703703704 0.5222222222222223 0.774074074074074 0.5222222222222223 0.7814814814814814 0.5333333333333333 0.7851851851851852 0.5333333333333333 0.7962962962962963 0.55 0.7925925925925926 0.5555555555555556 0.7925925925925926 0.5666666666666667 0.7851851851851852 0.5777777777777777 0.7851851851851852 0.6444444444444445 0.7814814814814814 0.6444444444444445 0.7777777777777778 0.65 0.774074074074074 0.6444444444444445 0.7666666666666667 0.6555555555555556 0.7666666666666667 0.6611111111111111 0.7555555555555555 0.6611111111111111 0.7481481481481481 0.6722222222222223 0.7444444444444445 0.6722222222222223 0.737037037037037 0.6833333333333333 0.7333333333333333 0.6833333333333333 0.7296296296296296 0.6888888888888889 0.7111111111111111 0.6888888888888889 0.7074074074074074 0.6944444444444444 0.7 0.6944444444444444 0.6962962962962963 0.7 0.6962962962962963 0.7055555555555556 0.6888888888888889 0.7166666666666667 0.6888888888888889 0.7444444444444445 0.6851851851851852 0.75 0.6814814814814815 0.75 0.674074074074074 0.7611111111111111 0.674074074074074 0.7666666666666667 0.6703703703703704 0.7722222222222223 0.6703703703703704 0.7833333333333333 0.662962962962963 0.7944444444444444 0.662962962962963 0.8 0.6592592592592592 0.8055555555555556 0.6592592592592592 0.8222222222222222 0.6555555555555556 0.8277777777777777 0.6555555555555556 0.8388888888888889 0.6518518518518519 0.8444444444444444 0.6518518518518519 0.9 0.6555555555555556 0.9055555555555556 0.6555555555555556 0.9111111111111111 0.6592592592592592 0.9166666666666666 0.6592592592592592 0.9222222222222223 0.6666666666666666 0.9388888888888889 0.662962962962963 0.9444444444444444 0.662962962962963 0.95 0.6666666666666666 0.9555555555555556 0.662962962962963 0.9611111111111111 0.674074074074074 0.9777777777777777 0.662962962962963 0.9888888888888889 0.6555555555555556 0.9888888888888889 0.6518518518518519 0.9833333333333333 0.6481481481481481 0.9888888888888889 0.6185185185185185 0.9888888888888889 0.6185185185185185 0.9833333333333333 0.6222222222222222 0.9777777777777777 0.6296296296296297 0.9777777777777777 0.6370370370370371 0.9666666666666667 0.6370370370370371 0.9333333333333333 0.6333333333333333 0.9277777777777778 0.6333333333333333 0.9111111111111111 0.6296296296296297 0.9055555555555556 0.6296296296296297 0.8666666666666667 0.6259259259259259 0.8611111111111112 0.6259259259259259 0.8444444444444444 0.6222222222222222 0.8388888888888889 0.6222222222222222 0.8222222222222222 0.6185185185185185 0.8166666666666667 0.6185185185185185 0.8055555555555556 0.6111111111111112 0.7944444444444444 0.6 0.7944444444444444 0.5925925925925926 0.8055555555555556 0.5925925925925926 0.8111111111111111 0.5888888888888889 0.8166666666666667 0.5925925925925926 0.8222222222222222 0.5925925925925926 0.8333333333333334 0.6 0.85 0.6 0.8944444444444445 0.5962962962962963 0.9 0.5962962962962963 0.9166666666666666 0.5925925925925926 0.9222222222222223 0.5814814814814815 0.9222222222222223 0.5814814814814815 0.9166666666666666 0.5777777777777777 0.9111111111111111 0.5777777777777777 0.8722222222222222 0.5814814814814815 0.8666666666666667 0.5814814814814815 0.85 0.5851851851851851 0.8444444444444444 0.5777777777777777 0.8333333333333334 0.5703703703703704 0.8333333333333334 0.5666666666666667 0.8277777777777777 0.562962962962963 0.8277777777777777 0.5555555555555556 0.8166666666666667 0.5555555555555556 0.8055555555555556 0.5592592592592592 0.8 0.5592592592592592 0.7888888888888889 0.562962962962963 0.7833333333333333 0.562962962962963 0.7666666666666667 0.5592592592592592 0.7611111111111111 0.5592592592592592 0.75 0.5666666666666667 0.7333333333333333 0.5666666666666667 0.6944444444444444 0.562962962962963 0.6888888888888889 0.562962962962963 0.6722222222222223 0.5592592592592592 0.6666666666666666 0.5555555555555556 0.6666666666666666 0.5481481481481482 0.6777777777777778 0.5481481481481482 0.6833333333333333 0.5444444444444444 0.6888888888888889 0.5407407407407407 0.7055555555555556 0.5333333333333333 0.7166666666666667 0.5333333333333333 0.7222222222222222 0.5259259259259259 0.7388888888888889 0.5259259259259259 0.75 0.5148148148148148 0.7666666666666667 0.5185185185185185 0.7722222222222223 0.5111111111111111 0.7833333333333333 0.5111111111111111 0.7944444444444444 0.5074074074074074 0.8 0.5074074074074074 0.8055555555555556 0.5037037037037037 0.8111111111111111 0.5037037037037037 0.8166666666666667 0.5 0.8222222222222222 0.5 0.8277777777777777 0.4925925925925926 0.8444444444444444 0.4925925925925926 0.8555555555555555 0.48518518518518516 0.8666666666666667 0.48518518518518516 0.8722222222222222 0.48148148148148145 0.8777777777777778 0.4777777777777778 0.8944444444444445 0.4703703703703704 0.9055555555555556 0.4703703703703704 0.9111111111111111 0.46296296296296297 0.9277777777777778 0.46296296296296297 0.9333333333333333 0.4666666666666667 0.9388888888888889 0.4703703703703704 0.9555555555555556 0.4666666666666667 0.95 0.45185185185185184 0.95 0.44814814814814813 0.9444444444444444 0.43703703703703706 0.9444444444444444 0.43333333333333335 0.9388888888888889 0.4185185185185185 0.9388888888888889 0.4148148148148148 0.9333333333333333 0.4 0.9333333333333333 0.3962962962962963 0.9277777777777778 0.3925925925925926 0.9277777777777778 0.3851851851851852 0.9166666666666666 0.3888888888888889 0.9166666666666666 0.40370370370370373 0.8888888888888888 0.40370370370370373 0.8833333333333333 0.4074074074074074 0.8777777777777778 0.4074074074074074 0.8611111111111112 0.4148148148148148 0.85 0.4148148148148148 0.8444444444444444 0.4185185185185185 0.8388888888888889 0.4185185185185185 0.8111111111111111 0.4222222222222222 0.8055555555555556 0.4222222222222222 0.7777777777777778 0.4185185185185185 0.7722222222222223 0.4185185185185185 0.7666666666666667 0.4111111111111111 0.7555555555555555 0.4074074074074074 0.7555555555555555 0.3962962962962963 0.7444444444444445 0.3962962962962963 0.7166666666666667 0.40370370370370373 0.7 0.40370370370370373 0.6833333333333333 0.4111111111111111 0.6666666666666666 0.4111111111111111 0.6555555555555556 0.4148148148148148 0.65 0.4148148148148148 0.6388888888888888 0.4185185185185185 0.6333333333333333 0.4185185185185185 0.6166666666666667 0.4222222222222222 0.6111111111111112 0.4222222222222222 0.6 0.42592592592592593 0.5944444444444444 0.4222222222222222 0.5888888888888889 0.4222222222222222 0.5777777777777777 0.4185185185185185 0.5722222222222222 0.4185185185185185 0.5666666666666667 0.4074074074074074 0.55 0.4074074074074074 0.5444444444444444 0.3814814814814815 0.5055555555555555 0.3814814814814815 0.5 0.37407407407407406 0.4888888888888889 0.37407407407407406 0.48333333333333334 0.36666666666666664 0.4722222222222222 0.36666666666666664 0.4666666666666667 0.34444444444444444 0.43333333333333335 0.34444444444444444 0.42777777777777776 0.3333333333333333 0.4111111111111111 0.3333333333333333 0.40555555555555556 0.34814814814814815 0.38333333333333336 0.35185185185185186 0.38333333333333336 0.362962962962963 0.36666666666666664 0.36666666666666664 0.36666666666666664 0.37407407407407406 0.35555555555555557 0.37777777777777777 0.35555555555555557 0.3888888888888889 0.3388888888888889 0.3925925925925926 0.3388888888888889 0.40370370370370373 0.32222222222222224 0.4148148148148148 0.31666666666666665 0.4222222222222222 0.3055555555555556 0.42592592592592593 0.3055555555555556 0.4444444444444444 0.2833333333333333 0.4444444444444444 0.2777777777777778 0.44074074074074077 0.2722222222222222 0.43703703703703706 0.2722222222222222 0.42962962962962964 0.2611111111111111 0.42592592592592593 0.2611111111111111 0.42592592592592593 0.24444444444444444 0.42962962962962964 0.2388888888888889 0.42962962962962964 0.17777777777777778 0.43333333333333335 0.17222222222222222 0.43333333333333335 0.14444444444444443 0.43703703703703706 0.1388888888888889 0.43703703703703706 0.12777777777777777 0.44074074074074077 0.12222222222222222 0.44074074074074077 0.1111111111111111 0.4444444444444444 0.10555555555555556 0.44814814814814813 0.08888888888888889 0.46296296296296297 0.06666666666666667 0.4703703703703704 0.06666666666666667 0.4740740740740741 0.06111111111111111 0.4962962962962963 0.06111111111111111 0.5 0.05555555555555555 0.5333333333333333 0.05555555555555555 0.5370370370370371 0.05 0.5407407407407407 0.05 0.5481481481481482 0.03888888888888889 0.5481481481481482 0.027777777777777776 0.5444444444444444 0.022222222222222223 0.5444444444444444 0.005555555555555556 0.5481481481481482 0 0.5962962962962963 0 0.6 0.005555555555555556 0.6037037037037037 0.005555555555555556 0.6074074074074074 0 0.6185185185185185 0
5 0.6 0.7944444444444444 0.6 0.7111111111111111 0.5962962962962963 0.7055555555555556 0.5962962962962963 0.6666666666666666 0.6 0.6611111111111111 0.6 0.6555555555555556 0.6037037037037037 0.65 0.6074074074074074 0.6333333333333333 0.6111111111111112 0.6277777777777778 0.6296296296296297 0.6277777777777778 0.6407407407407407 0.6444444444444445 0.6407407407407407 0.65 0.6555555555555556 0.6722222222222223 0.6555555555555556 0.6777777777777778 0.6592592592592592 0.6833333333333333 0.6592592592592592 0.6944444444444444 0.6555555555555556 0.7 0.6592592592592592 0.7055555555555556 0.6555555555555556 0.7111111111111111 0.6592592592592592 0.7166666666666667 0.6555555555555556 0.7222222222222222 0.6555555555555556 0.7277777777777777 0.6592592592592592 0.7333333333333333 0.6592592592592592 0.75 0.6703703703703704 0.7666666666666667 0.6703703703703704 0.7722222222222223 0.674074074074074 0.7777777777777778 0.6703703703703704 0.7833333333333333 0.6703703703703704 0.7888888888888889 0.662962962962963 0.8 0.662962962962963 0.8166666666666667 0.6592592592592592 0.8222222222222222 0.6592592592592592 0.8333333333333334 0.6555555555555556 0.8388888888888889 0.6555555555555556 0.8833333333333333 0.6592592592592592 0.8888888888888888 0.6555555555555556 0.8944444444444445 0.6592592592592592 0.9 0.6592592592592592 0.9166666666666666 0.6666666666666666 0.9333333333333333 0.6666666666666666 0.9666666666666667 0.662962962962963 0.9722222222222222 0.6666666666666666 0.9777777777777777 0.6666666666666666 0.9833333333333333 0.662962962962963 0.9833333333333333 0.6592592592592592 0.9888888888888889 0.6370370370370371 0.9888888888888889 0.6333333333333333 0.9833333333333333 0.6185185185185185 0.9833333333333333 0.6222222222222222 0.9833333333333333 0.6333333333333333 0.9722222222222222 0.6333333333333333 0.9666666666666667 0.6370370370370371 0.9611111111111111 0.6370370370370371 0.95 0.6333333333333333 0.9444444444444444 0.6333333333333333 0.9277777777777778 0.6296296296296297 0.9222222222222223 0.6296296296296297 0.9 0.6259259259259259 0.8944444444444445 0.6259259259259259 0.8777777777777778 0.6222222222222222 0.8722222222222222 0.6222222222222222 0.8444444444444444 0.6185185185185185 0.8388888888888889 0.6185185185185185 0.8111111111111111 0.6111111111111112 0.7944444444444444 0.6037037037037037 0.7944444444444444
5 0.4740740740740741 0.5333333333333333 0.48148148148148145 0.55 0.48518518518518516 0.55 0.4888888888888889 0.5444444444444444 0.4888888888888889 0.5333333333333333 0.5333333333333333 0.5333333333333333 0.5444444444444444 0.55 0.5592592592592592 0.55 0.562962962962963 0.5555555555555556 0.5666666666666667 0.5555555555555556 0.5740740740740741 0.5666666666666667 0.5740740740740741 0.5888888888888889 0.5703703703703704 0.5944444444444444 0.5703703703703704 0.6111111111111112 0.5666666666666667 0.6166666666666667 0.5666666666666667 0.6277777777777778 0.5518518518518518 0.6611111111111111 0.5518518518518518 0.6722222222222223 0.5481481481481482 0.6777777777777778 0.5481481481481482 0.6833333333333333 0.5444444444444444 0.6888888888888889 0.5444444444444444 0.6944444444444444 0.5370370370370371 0.7111111111111111 0.5370370370370371 0.7222222222222222 0.5333333333333333 0.7277777777777777 0.5333333333333333 0.7333333333333333 0.5296296296296297 0.7388888888888889 0.5296296296296297 0.7444444444444445 0.5259259259259259 0.75 0.5259259259259259 0.7555555555555555 0.5222222222222223 0.7611111111111111 0.5222222222222223 0.7666666666666667 0.5185185185185185 0.7722222222222223 0.5185185185185185 0.7777777777777778 0.5148148148148148 0.7833333333333333 0.5148148148148148 0.7888888888888889 0.5111111111111111 0.7944444444444444 0.5111111111111111 0.8 0.5074074074074074 0.8055555555555556 0.5074074074074074 0.8111111111111111 0.5037037037037037 0.8166666666666667 0.5037037037037037 0.8222222222222222 0.5 0.8277777777777777 0.5 0.8333333333333334 0.4962962962962963 0.8388888888888889 0.4962962962962963 0.8444444444444444 0.4925925925925926 0.85 0.4925925925925926 0.8555555555555555 0.4888888888888889 0.8611111111111112 0.48518518518518516 0.8777777777777778 0.4777777777777778 0.8888888888888888 0.4777777777777778 0.8944444444444445 0.4740740740740741 0.9 0.4703703703703704 0.9166666666666666 0.4666666666666667 0.9222222222222223 0.4666666666666667 0.9444444444444444 0.4703703703703704 0.95 0.4703703703703704 0.9555555555555556 0.4666666666666667 0.9555555555555556 0.46296296296296297 0.95 0.44814814814814813 0.95 0.4444444444444444 0.9444444444444444 0.43703703703703706 0.9444444444444444 0.43333333333333335 0.9388888888888889 0.4185185185185185 0.9388888888888889 0.4148148148148148 0.9333333333333333 0.4 0.9333333333333333 0.3962962962962963 0.9277777777777778 0.3925925925925926 0.9277777777777778 0.3888888888888889 0.9222222222222223 0.3814814814814815 0.9222222222222223 0.37777777777777777 0.9166666666666666 0.3851851851851852 0.9166666666666666 0.4 0.8944444444444445 0.4 0.8888888888888888 0.4074074074074074 0.8722222222222222 0.4074074074074074 0.8611111111111112 0.4111111111111111 0.8555555555555555 0.4111111111111111 0.85 0.4185185185185185 0.8333333333333334 0.4185185185185185 0.8055555555555556 0.4222222222222222 0.8 0.4222222222222222 0.7833333333333333 0.4185185185185185 0.7777777777777778 0.4185185185185185 0.7666666666666667 0.4222222222222222 0.7611111111111111 0.4185185185185185 0.7555555555555555 0.4185185185185185 0.7444444444444445 0.4148148148148148 0.7388888888888889 0.4111111111111111 0.7444444444444445 0.4111111111111111 0.7333333333333333 0.4074074074074074 0.7277777777777777 0.4 0.7277777777777777 0.4 0.7111111111111111 0.40370370370370373 0.7055555555555556 0.40370370370370373 0.7 0.4074074074074074 0.7 0.4111111111111111 0.6944444444444444 0.4111111111111111 0.6611111111111111 0.4148148148148148 0.6611111111111111 0.4185185185185185 0.6555555555555556 0.4148148148148148 0.65 0.4148148148148148 0.6444444444444445 0.4222222222222222 0.6444444444444445 0.42592592592592593 0.65 0.43703703703703706 0.6333333333333333 0.43333333333333335 0.6277777777777778 0.42962962962962964 0.6277777777777778 0.42592592592592593 0.6111111111111112 0.43703703703703706 0.5944444444444444 0.43333333333333335 0.5888888888888889 0.43703703703703706 0.5888888888888889 0.4444444444444444 0.5777777777777777 0.44814814814814813 0.5833333333333334 0.45555555555555555 0.5722222222222222 0.45185185185185184 0.5666666666666667 0.44074074074074077 0.5666666666666667 0.4444444444444444 0.5611111111111111 0.44814814814814813 0.5444444444444444 0.45185185185185184 0.5444444444444444 0.45925925925925926 0.5333333333333333 0.4703703703703704 0.5333333333333333
5 0.6444444444444445 0.6611111111111111 0.6481481481481481 0.6611111111111111 0.6555555555555556 0.6777777777777778 0.6555555555555556 0.7055555555555556 0.6518518518518519 0.7111111111111111 0.6555555555555556 0.7166666666666667 0.6555555555555556 0.7333333333333333 0.6592592592592592 0.7388888888888889 0.6592592592592592 0.7555555555555555 0.662962962962963 0.7611111111111111 0.662962962962963 0.7666666666666667 0.6703703703703704 0.7777777777777778 0.6703703703703704 0.7833333333333333 0.662962962962963 0.8 0.662962962962963 0.8222222222222222 0.6555555555555556 0.8388888888888889 0.6555555555555556 0.8722222222222222 0.6592592592592592 0.8777777777777778 0.6592592592592592 0.9111111111111111 0.662962962962963 0.9166666666666666 0.662962962962963 0.9277777777777778 0.6666666666666666 0.9333333333333333 0.6666666666666666 0.95 0.6703703703703704 0.9555555555555556 0.6666666666666666 0.9611111111111111 0.6666666666666666 0.9888888888888889 0.6555555555555556 0.9888888888888889 0.6518518518518519 0.9944444444444445 0.6370370370370371 0.9666666666666667 0.6370370370370371 0.95 0.6333333333333333 0.9444444444444444 0.6333333333333333 0.9277777777777778 0.6296296296296297 0.9222222222222223 0.6296296296296297 0.9 0.6259259259259259 0.8944444444444445 0.6259259259259259 0.8722222222222222 0.6222222222222222 0.8666666666666667 0.6222222222222222 0.8388888888888889 0.6185185185185185 0.8333333333333334 0.6185185185185185 0.7833333333333333 0.6222222222222222 0.7777777777777778 0.6222222222222222 0.7611111111111111 0.6259259259259259 0.7555555555555555 0.6259259259259259 0.7388888888888889 0.6296296296296297 0.7333333333333333 0.6296296296296297 0.7277777777777777 0.6370370370370371 0.7111111111111111 0.6370370370370371 0.6944444444444444 0.6407407407407407 0.6888888888888889 0.6407407407407407 0.6722222222222223 0.6444444444444445 0.6666666666666666
5 0.662962962962963 0.2222222222222222 0.6666666666666666 0.22777777777777777 0.6777777777777778 0.22777777777777777 0.6814814814814815 0.23333333333333334 0.6851851851851852 0.23333333333333334 0.6888888888888889 0.2388888888888889 0.6925925925925925 0.2388888888888889 0.6962962962962963 0.24444444444444444 0.7074074074074074 0.25 0.7148148148148148 0.2611111111111111 0.7222222222222222 0.2611111111111111 0.725925925925926 0.26666666666666666 0.7296296296296296 0.26666666666666666 0.7333333333333333 0.2722222222222222 0.7333333333333333 0.2833333333333333 0.7296296296296296 0.28888888888888886 0.7296296296296296 0.3 0.7444444444444445 0.32222222222222224 0.7481481481481481 0.32222222222222224 0.7555555555555555 0.3333333333333333 0.7592592592592593 0.3333333333333333 0.774074074074074 0.3611111111111111 0.774074074074074 0.37222222222222223 0.762962962962963 0.3888888888888889 0.7592592592592593 0.3888888888888889 0.7481481481481481 0.40555555555555556 0.7407407407407407 0.40555555555555556 0.7296296296296296 0.4166666666666667 0.7222222222222222 0.4166666666666667 0.7185185185185186 0.4222222222222222 0.7111111111111111 0.4222222222222222 0.7074074074074074 0.42777777777777776 0.7037037037037037 0.42777777777777776 0.6925925925925925 0.4388888888888889 0.6814814814814815 0.4388888888888889 0.6666666666666666 0.4166666666666667 0.6666666666666666 0.4111111111111111 0.6555555555555556 0.39444444444444443 0.6555555555555556 0.3888888888888889 0.6518518518518519 0.38333333333333336 0.6518518518518519 0.37222222222222223 0.6444444444444445 0.3611111111111111 0.6407407407407407 0.3611111111111111 0.6407407407407407 0.34444444444444444 0.6296296296296297 0.3277777777777778 0.6296296296296297 0.3111111111111111 0.6259259259259259 0.3055555555555556 0.6259259259259259 0.3 0.6185185185185185 0.2833333333333333 0.6185185185185185 0.2722222222222222 0.6148148148148148 0.26666666666666666 0.6148148148148148 0.2388888888888889 0.6259259259259259 0.2388888888888889 0.6370370370370371 0.22777777777777777 0.6444444444444445 0.22777777777777777 0.6481481481481481 0.2222222222222222 0.6592592592592592 0.2222222222222222
5 0.6518518518518519 0.5055555555555555 0.6592592592592592 0.5166666666666667 0.6592592592592592 0.5222222222222223 0.674074074074074 0.55 0.674074074074074 0.5611111111111111 0.6777777777777778 0.5666666666666667 0.6777777777777778 0.5777777777777777 0.6814814814814815 0.5833333333333334 0.6814814814814815 0.6055555555555555 0.6851851851851852 0.6111111111111112 0.6851851851851852 0.6222222222222222 0.6814814814814815 0.6277777777777778 0.6814814814814815 0.6444444444444445 0.6851851851851852 0.65 0.6851851851851852 0.6777777777777778 0.6888888888888889 0.6833333333333333 0.6888888888888889 0.7333333333333333 0.6925925925925925 0.7388888888888889 0.6888888888888889 0.7444444444444445 0.6851851851851852 0.7444444444444445 0.6814814814814815 0.7388888888888889 0.6777777777777778 0.7222222222222222 0.6703703703703704 0.7111111111111111 0.6703703703703704 0.7 0.6555555555555556 0.6722222222222223 0.6555555555555556 0.6611111111111111 0.6481481481481481 0.65 0.6444444444444445 0.6333333333333333 0.6370370370370371 0.6222222222222222 0.6370370370370371 0.6166666666666667 0.6333333333333333 0.6111111111111112 0.6333333333333333 0.6 0.6296296296296297 0.5944444444444444 0.6296296296296297 0.5833333333333334 0.6222222222222222 0.5722222222222222 0.6222222222222222 0.5611111111111111 0.6185185185185185 0.5555555555555556 0.6185185185185185 0.5388888888888889 0.6148148148148148 0.5333333333333333 0.6148148148148148 0.5222222222222223 0.6185185185185185 0.5222222222222223 0.6296296296296297 0.5111111111111111 0.6407407407407407 0.5111111111111111 0.6444444444444445 0.5055555555555555 0.6481481481481481 0.5055555555555555