2 0 0.6 0.00625 0.6 0.009375 0.6055555555555555 0.015625 0.5944444444444444 0.03125 0.5944444444444444 0.04375 0.6222222222222222 0.04375 0.6388888888888888 0.046875 0.6444444444444445 0.046875 0.6555555555555556 0.05625 0.6722222222222223 0.065625 0.6722222222222223 0.06875 0.6777777777777778 0.06875 0.6888888888888889 0.065625 0.6944444444444444 0.053125 0.6944444444444444 0.05 0.7 0.0375 0.7 0.03125 0.7111111111111111 0.03125 0.7333333333333333 0.034375 0.7388888888888889 0.0625 0.7388888888888889 0.0625 0.75 0.065625 0.7555555555555555 0.065625 0.7722222222222223 0.0625 0.7777777777777778 0.0625 0.7888888888888889 0.059375 0.7888888888888889 0.05625 0.7944444444444444 0.05 0.7944444444444444 0.046875 0.7888888888888889 0.040625 0.7888888888888889 0.025 0.7611111111111111 0.015625 0.7666666666666667 0.0125 0.7722222222222223 0.00625 0.7722222222222223 0.003125 0.7666666666666667 0 0.7666666666666667 0 0.6055555555555555
2 0.990625 0 0.990625 0.005555555555555556 0.99375 0.011111111111111112 0.990625 0.016666666666666666 0.990625 0.027777777777777776 0.9875 0.03333333333333333 0.9875 0.05555555555555555 0.984375 0.06111111111111111 0.984375 0.07222222222222222 0.98125 0.07777777777777778 0.98125 0.08333333333333333 0.978125 0.08888888888888889 0.978125 0.09444444444444444 0.975 0.1 0.975 0.10555555555555556 0.971875 0.1111111111111111 0.96875 0.12777777777777777 0.959375 0.14444444444444443 0.95625 0.14444444444444443 0.95 0.15555555555555556 0.95 0.16111111111111112 0.93125 0.19444444444444445 0.896875 0.19444444444444445 0.89375 0.18888888888888888 0.8875 0.18888888888888888 0.871875 0.16111111111111112 0.871875 0.15555555555555556 0.86875 0.15 0.86875 0.05 0.865625 0.044444444444444446 0.865625 0.016666666666666666 0.86875 0.011111111111111112 0.875 0.011111111111111112 0.884375 0 0.9875 0
5 0.615625 0.8 0.634375 0.8222222222222222 0.634375 0.8388888888888889 0.63125 0.8444444444444444 0.63125 0.85 0.628125 0.85 0.625 0.8555555555555555 0.625 0.8888888888888888 0.621875 0.8944444444444445 0.625 0.9 0.628125 0.9 0.625 0.9055555555555556 0.628125 0.9111111111111111 0.63125 0.9111111111111111 0.63125 0.9166666666666666 0.628125 0.9222222222222223 0.628125 0.9333333333333333 0.625 0.9333333333333333 0.621875 0.9388888888888889 0.621875 0.95 0.61875 0.9555555555555556 0.61875 0.9722222222222222 0.615625 0.9777777777777777 0.615625 0.9944444444444445 0.615625 0.9833333333333333 0.609375 0.9666666666666667 0.609375 0.95 0.60625 0.9444444444444444 0.60625 0.8666666666666667 0.603125 0.8611111111111112 0.603125 0.8277777777777777 0.60625 0.8222222222222222 0.60625 0.8055555555555556 0.609375 0.8 0.6125 0.8
5 0.48125 0.13333333333333333 0.490625 0.14444444444444443 0.490625 0.15 0.49375 0.15555555555555556 0.49375 0.17222222222222222 0.496875 0.17777777777777778 0.49375 0.18333333333333332 0.496875 0.18888888888888888 0.496875 0.26666666666666666 0.5 0.2722222222222222 0.5 0.3277777777777778 0.503125 0.3333333333333333 0.503125 0.3388888888888889 0.5 0.34444444444444444 0.5 0.37777777777777777 0.503125 0.38333333333333336 0.503125 0.4166666666666667 0.50625 0.4222222222222222 0.50625 0.4388888888888889 0.509375 0.4444444444444444 0.509375 0.4666666666666667 0.5125 0.4722222222222222 0.5125 0.5222222222222223 0.515625 0.5277777777777778 0.515625 0.5333333333333333 0.5125 0.5388888888888889 0.5125 0.5777777777777777 0.509375 0.5833333333333334 0.46875 0.5833333333333334 0.465625 0.5777777777777777 0.4625 0.5777777777777777 0.4625 0.5722222222222222 0.459375 0.5666666666666667 0.459375 0.5555555555555556 0.45625 0.55 0.45625 0.5166666666666667 0.453125 0.5111111111111111 0.453125 0.48333333333333334 0.45 0.4777777777777778 0.45 0.4444444444444444 0.446875 0.4388888888888889 0.446875 0.4111111111111111 0.44375 0.40555555555555556 0.44375 0.39444444444444443 0.446875 0.3888888888888889 0.44375 0.38333333333333336 0.44375 0.34444444444444444 0.440625 0.3388888888888889 0.44375 0.3333333333333333 0.440625 0.3277777777777778 0.440625 0.3055555555555556 0.4375 0.3 0.4375 0.2777777777777778 0.434375 0.2722222222222222 0.434375 0.2611111111111111 0.43125 0.25555555555555554 0.43125 0.24444444444444444 0.428125 0.2388888888888889 0.428125 0.21666666666666667 0.425 0.2111111111111111 0.428125 0.2111111111111111 0.43125 0.20555555555555555 0.428125 0.2 0.428125 0.16666666666666666 0.425 0.16111111111111112 0.425 0.15555555555555556 0.428125 0.15 0.434375 0.15 0.4375 0.14444444444444443 0.446875 0.1388888888888889 0.453125 0.12777777777777777 0.45625 0.12777777777777777 0.459375 0.13333333333333333 0.478125 0.13333333333333333
5 0.534375 0.15555555555555556 0.55 0.15555555555555556 0.55625 0.16666666666666666 0.55625 0.19444444444444445 0.559375 0.2 0.559375 0.22777777777777777 0.55625 0.23333333333333334 0.559375 0.25 0.55625 0.25555555555555554 0.55625 0.3333333333333333 0.553125 0.3388888888888889 0.553125 0.42777777777777776 0.55 0.43333333333333335 0.55 0.48333333333333334 0.55 0.46111111111111114 0.546875 0.45555555555555555 0.546875 0.4388888888888889 0.54375 0.43333333333333335 0.54375 0.36666666666666664 0.540625 0.3611111111111111 0.540625 0.2833333333333333 0.5375 0.2777777777777778 0.5375 0.2 0.534375 0.19444444444444445 0.534375 0.18333333333333332 0.53125 0.17777777777777778 0.534375 0.16111111111111112
5 0.834375 0.17222222222222222 0.834375 0.16111111111111112 0.828125 0.15 0.828125 0.1388888888888889 0.81875 0.1111111111111111 0.81875 0.08888888888888889 0.825 0.07777777777777778 0.825 0.07222222222222222 0.834375 0.06111111111111111 0.8375 0.06111111111111111 0.840625 0.06666666666666667 0.840625 0.07222222222222222 0.846875 0.08333333333333333 0.846875 0.09444444444444444 0.85 0.1 0.85 0.1111111111111111 0.853125 0.11666666666666667 0.853125 0.12777777777777777 0.8625 0.15555555555555556 0.8625 0.18888888888888888 0.865625 0.19444444444444445 0.865625 0.20555555555555555 0.86875 0.2111111111111111 0.86875 0.22777777777777777 0.871875 0.23333333333333334 0.871875 0.2611111111111111 0.875 0.26666666666666666 0.875 0.3055555555555556 0.878125 0.3111111111111111 0.878125 0.34444444444444444 0.88125 0.35 0.88125 0.3611111111111111 0.884375 0.36666666666666664 0.884375 0.3888888888888889 0.8875 0.39444444444444443 0.8875 0.4166666666666667 0.890625 0.4222222222222222 0.890625 0.4666666666666667 0.89375 0.4722222222222222 0.89375 0.4888888888888889 0.896875 0.49444444444444446 0.896875 0.5 0.890625 0.5111111111111111 0.878125 0.5111111111111111 0.875 0.5055555555555555 0.875 0.5 0.871875 0.49444444444444446 0.871875 0.48333333333333334 0.86875 0.4777777777777778 0.86875 0.4666666666666667 0.865625 0.46111111111111114 0.865625 0.4444444444444444 0.8625 0.4388888888888889 0.8625 0.42777777777777776 0.859375 0.4222222222222222 0.859375 0.4 0.853125 0.3888888888888889 0.853125 0.37777777777777777 0.85 0.37222222222222223 0.85 0.26666666666666666 0.846875 0.2611111111111111 0.846875 0.25 0.84375 0.24444444444444444 0.84375 0.23333333333333334 0.85 0.21666666666666667 0.85 0.20555555555555555 0.846875 0.2 0.846875 0.18333333333333332 0.8375 0.17222222222222222
5 0.50625 0.14444444444444443 0.509375 0.15 0.5125 0.15 0.51875 0.16111111111111112 0.528125 0.16111111111111112 0.53125 0.16666666666666666 0.53125 0.18888888888888888 0.534375 0.19444444444444445 0.534375 0.24444444444444444 0.5375 0.25 0.534375 0.25555555555555554 0.534375 0.2722222222222222 0.5375 0.2777777777777778 0.5375 0.29444444444444445 0.540625 0.3 0.540625 0.43333333333333335 0.54375 0.4388888888888889 0.54375 0.4666666666666667 0.546875 0.4722222222222222 0.546875 0.5111111111111111 0.55 0.5166666666666667 0.55 0.5444444444444444 0.553125 0.55 0.553125 0.5722222222222222 0.55625 0.5777777777777777 0.55625 0.5944444444444444 0.55 0.6055555555555555 0.534375 0.6055555555555555 0.53125 0.6 0.525 0.6111111111111112 0.51875 0.6111111111111112 0.515625 0.6166666666666667 0.4875 0.6166666666666667 0.484375 0.6111111111111112 0.48125 0.6111111111111112 0.48125 0.5944444444444444 0.484375 0.5888888888888889 0.5 0.5888888888888889 0.503125 0.5833333333333334 0.509375 0.5833333333333334 0.515625 0.5722222222222222 0.515625 0.5 0.5125 0.49444444444444446 0.5125 0.45555555555555555 0.509375 0.45 0.509375 0.4388888888888889 0.50625 0.43333333333333335 0.50625 0.4222222222222222 0.5 0.4111111111111111 0.503125 0.40555555555555556 0.503125 0.3611111111111111 0.5 0.35555555555555557 0.5 0.34444444444444444 0.503125 0.3388888888888889 0.5 0.3333333333333333 0.5 0.2833333333333333 0.496875 0.2777777777777778 0.496875 0.26666666666666666 0.5 0.2611111111111111 0.5 0.24444444444444444 0.496875 0.2388888888888889 0.496875 0.17222222222222222 0.49375 0.16666666666666666 0.49375 0.15 0.503125 0.15
5 0.484375 0.8555555555555555 0.490625 0.8666666666666667 0.490625 0.8833333333333333 0.49375 0.8888888888888888 0.490625 0.8944444444444445 0.490625 0.9111111111111111 0.49375 0.9166666666666666 0.49375 0.9222222222222223 0.490625 0.9277777777777778 0.490625 0.9333333333333333 0.49375 0.9388888888888889 0.49375 0.9888888888888889 0.459375 0.9888888888888889 0.459375 0.8722222222222222 0.46875 0.8722222222222222 0.471875 0.8666666666666667 0.48125 0.8611111111111112
5 0.040625 0.18333333333333332 0.053125 0.18333333333333332 0.05625 0.18888888888888888 0.0625 0.18888888888888888 0.065625 0.19444444444444445 0.078125 0.19444444444444445 0.084375 0.18333333333333332 0.090625 0.18333333333333332 0.09375 0.18888888888888888 0.09375 0.19444444444444445 0.096875 0.2 0.096875 0.22777777777777777 0.1 0.23333333333333334 0.1 0.24444444444444444 0.103125 0.25 0.103125 0.26666666666666666 0.10625 0.2722222222222222 0.10625 0.2833333333333333 0.109375 0.28888888888888886 0.109375 0.3111111111111111 0.1125 0.31666666666666665 0.1125 0.3388888888888889 0.109375 0.34444444444444444 0.109375 0.35555555555555557 0.10625 0.3611111111111111 0.10625 0.36666666666666664 0.103125 0.37222222222222223 0.1 0.3888888888888889 0.09375 0.4 0.09375 0.40555555555555556 0.084375 0.4222222222222222 0.084375 0.42777777777777776 0.075 0.4444444444444444 0.075 0.45555555555555555 0.071875 0.46111111111111114 0.071875 0.4722222222222222 0.06875 0.4777777777777778 0.06875 0.4888888888888889 0.065625 0.49444444444444446 0.0625 0.5111111111111111 0.05625 0.5222222222222223 0.05625 0.5277777777777778 0.053125 0.5277777777777778 0.05 0.5333333333333333 0.05 0.5388888888888889 0.04375 0.55 0.04375 0.5611111111111111 0.046875 0.5666666666666667 0.046875 0.5777777777777777 0.053125 0.5944444444444444 0.053125 0.6055555555555555 0.05625 0.6111111111111112 0.05625 0.6166666666666667 0.059375 0.6222222222222222 0.059375 0.6333333333333333 0.0625 0.6388888888888888 0.0625 0.6611111111111111 0.059375 0.6611111111111111 0.05 0.65 0.05 0.6388888888888888 0.046875 0.6333333333333333 0.046875 0.6222222222222222 0.04375 0.6166666666666667 0.04375 0.6111111111111112 0.03125 0.5888888888888889 0.0125 0.5888888888888889 0.0125 0.5777777777777777 0.01875 0.5666666666666667 0.01875 0.5555555555555556 0.003125 0.5277777777777778 0 0.5277777777777778 0 0.4666666666666667 0.01875 0.4666666666666667 0.021875 0.46111111111111114 0.025 0.46111111111111114 0.028125 0.45555555555555555 0.0375 0.45 0.040625 0.4444444444444444 0.040625 0.4388888888888889 0.046875 0.4222222222222222 0.046875 0.4111111111111111 0.05 0.40555555555555556 0.05 0.3611111111111111 0.046875 0.35555555555555557 0.046875 0.34444444444444444 0.04375 0.3388888888888889 0.04375 0.23333333333333334 0.0375 0.21666666666666667 0.0375 0.19444444444444445 0.040625 0.18888888888888888
5 0.2125 0.8 0.234375 0.8 0.2375 0.8055555555555556 0.2375 0.8111111111111111 0.240625 0.8166666666666667 0.2375 0.8222222222222222 0.240625 0.8277777777777777 0.240625 0.8444444444444444 0.24375 0.85 0.24375 0.8722222222222222 0.246875 0.8777777777777778 0.246875 0.8888888888888888 0.25 0.8944444444444445 0.25 0.9 0.246875 0.9055555555555556 0.25 0.9111111111111111 0.25 0.95 0.246875 0.9555555555555556 0.246875 0.9888888888888889 0.24375 0.9888888888888889 0.240625 0.9944444444444445 0.225 0.9944444444444445 0.225 0.9722222222222222 0.221875 0.9666666666666667 0.221875 0.9222222222222223 0.21875 0.9166666666666666 0.21875 0.8777777777777778 0.215625 0.8722222222222222 0.215625 0.8611111111111112 0.20625 0.8333333333333334 0.209375 0.8277777777777777 0.209375 0.8111111111111111 0.2125 0.8055555555555556
5 0.3875 0.8111111111111111 0.390625 0.8166666666666667 0.390625 0.9111111111111111 0.39375 0.9166666666666666 0.390625 0.9222222222222223 0.390625 0.9277777777777778 0.396875 0.9388888888888889 0.39375 0.9388888888888889 0.390625 0.9444444444444444 0.390625 0.9611111111111111 0.3875 0.9666666666666667 0.3875 0.9777777777777777 0.38125 0.9944444444444445 0.35 0.9944444444444445 0.35 0.9833333333333333 0.346875 0.9777777777777777 0.346875 0.9666666666666667 0.34375 0.9611111111111111 0.34375 0.9388888888888889 0.340625 0.9333333333333333 0.340625 0.9111111111111111 0.3375 0.9055555555555556 0.3375 0.8833333333333333 0.334375 0.8777777777777778 0.334375 0.8555555555555555 0.34375 0.8388888888888889 0.34375 0.8333333333333334 0.35625 0.8111111111111111 0.384375 0.8111111111111111
5 0.728125 0.7444444444444445 0.73125 0.75 0.734375 0.75 0.740625 0.7666666666666667 0.74375 0.7666666666666667 0.74375 0.7722222222222223 0.75 0.7888888888888889 0.75 0.8222222222222222 0.753125 0.8277777777777777 0.753125 0.8444444444444444 0.75625 0.85 0.75625 0.9277777777777778 0.759375 0.9333333333333333 0.759375 0.9611111111111111 0.75625 0.9666666666666667 0.759375 0.9722222222222222 0.759375 0.9888888888888889 0.753125 0.9888888888888889 0.75 0.9944444444444445 0.746875 0.9944444444444445 0.74375 0.9888888888888889 0.740625 0.9944444444444445 0.7375 0.9888888888888889 0.734375 0.9944444444444445 0.725 0.9944444444444445 0.721875 0.9888888888888889 0.68125 0.9888888888888889 0.68125 0.9555555555555556 0.684375 0.95 0.684375 0.8666666666666667 0.6875 0.8611111111111112 0.6875 0.8388888888888889 0.690625 0.8333333333333334 0.6875 0.8277777777777777 0.6875 0.8222222222222222 0.690625 0.8166666666666667 0.690625 0.7833333333333333 0.69375 0.7777777777777778 0.690625 0.7722222222222223 0.6875 0.7722222222222223 0.690625 0.7722222222222223 0.696875 0.7611111111111111 0.696875 0.7555555555555555 0.7 0.75 0.725 0.75
5 0.603125 0.12777777777777777 0.60625 0.13333333333333333 0.609375 0.13333333333333333 0.615625 0.15 0.615625 0.17777777777777778 0.609375 0.18888888888888888 0.60625 0.18888888888888888 0.6 0.2 0.6 0.20555555555555555 0.596875 0.2111111111111111 0.596875 0.23333333333333334 0.6 0.2388888888888889 0.6 0.25555555555555554 0.596875 0.2611111111111111 0.596875 0.36666666666666664 0.6 0.37222222222222223 0.6 0.3888888888888889 0.603125 0.39444444444444443 0.603125 0.43333333333333335 0.60625 0.4388888888888889 0.60625 0.4444444444444444 0.6125 0.45555555555555555 0.6375 0.45555555555555555 0.6375 0.46111111111111114 0.640625 0.4666666666666667 0.640625 0.5277777777777778 0.6375 0.5333333333333333 0.6375 0.5666666666666667 0.63125 0.5777777777777777 0.628125 0.5777777777777777 0.625 0.5722222222222222 0.6125 0.5722222222222222 0.609375 0.5666666666666667 0.6 0.5666666666666667 0.596875 0.5611111111111111 0.559375 0.5611111111111111 0.559375 0.5555555555555556 0.55625 0.55 0.55625 0.5277777777777778 0.553125 0.5222222222222223 0.553125 0.35 0.55625 0.34444444444444444 0.55625 0.3 0.559375 0.29444444444444445 0.559375 0.16666666666666666 0.55625 0.16111111111111112 0.55625 0.14444444444444443 0.578125 0.14444444444444443 0.58125 0.1388888888888889 0.5875 0.1388888888888889 0.590625 0.13333333333333333 0.6 0.12777777777777777
5 0.315625 0.16666666666666666 0.325 0.16666666666666666 0.328125 0.17222222222222222 0.33125 0.17222222222222222 0.33125 0.17777777777777778 0.334375 0.18333333333333332 0.334375 0.2388888888888889 0.3375 0.24444444444444444 0.3375 0.2777777777777778 0.340625 0.2833333333333333 0.340625 0.3111111111111111 0.34375 0.31666666666666665 0.34375 0.38333333333333336 0.346875 0.3888888888888889 0.346875 0.4111111111111111 0.34375 0.4166666666666667 0.34375 0.4222222222222222 0.346875 0.42777777777777776 0.346875 0.43333333333333335 0.34375 0.4388888888888889 0.34375 0.5166666666666667 0.340625 0.5222222222222223 0.340625 0.5777777777777777 0.3375 0.5833333333333334 0.3375 0.6 0.334375 0.6 0.33125 0.5944444444444444 0.33125 0.5888888888888889 0.328125 0.5833333333333334 0.325 0.5833333333333334 0.325 0.5777777777777777 0.31875 0.5611111111111111 0.31875 0.5277777777777778 0.321875 0.5222222222222223 0.321875 0.45555555555555555 0.325 0.45 0.325 0.35555555555555557 0.328125 0.35 0.328125 0.26666666666666666 0.325 0.2611111111111111 0.325 0.21666666666666667 0.321875 0.2111111111111111 0.321875 0.2 0.31875 0.19444444444444445 0.31875 0.17222222222222222
5 0.253125 0.11666666666666667 0.25625 0.12222222222222222 0.25625 0.12777777777777777 0.2625 0.1388888888888889 0.2625 0.14444444444444443 0.26875 0.15555555555555556 0.26875 0.16111111111111112 0.284375 0.18888888888888888 0.290625 0.18888888888888888 0.29375 0.19444444444444445 0.3 0.19444444444444445 0.303125 0.18888888888888888 0.30625 0.18888888888888888 0.309375 0.18333333333333332 0.309375 0.17777777777777778 0.31875 0.17777777777777778 0.315625 0.18333333333333332 0.315625 0.19444444444444445 0.31875 0.2 0.31875 0.2111111111111111 0.321875 0.21666666666666667 0.321875 0.23333333333333334 0.325 0.2388888888888889 0.325 0.24444444444444444 0.321875 0.25 0.321875 0.25555555555555554 0.325 0.2611111111111111 0.325 0.3333333333333333 0.321875 0.3388888888888889 0.325 0.34444444444444444 0.325 0.35 0.321875 0.35555555555555557 0.321875 0.36666666666666664 0.31875 0.36666666666666664 0.315625 0.37222222222222223 0.31875 0.37777777777777777 0.321875 0.37777777777777777 0.321875 0.4111111111111111 0.31875 0.4166666666666667 0.31875 0.46111111111111114 0.315625 0.4666666666666667 0.315625 0.4722222222222222 0.31875 0.4777777777777778 0.31875 0.5055555555555555 0.315625 0.5111111111111111 0.315625 0.5555555555555556 0.3125 0.5611111111111111 0.3125 0.5833333333333334 0.309375 0.5888888888888889 0.309375 0.6166666666666667 0.30625 0.6222222222222222 0.30625 0.6277777777777778 0.29375 0.6277777777777778 0.290625 0.6222222222222222 0.2875 0.6222222222222222 0.284375 0.6166666666666667 0.275 0.6111111111111112 0.26875 0.6 0.26875 0.5944444444444444 0.265625 0.5888888888888889 0.271875 0.5722222222222222 0.271875 0.55 0.275 0.5444444444444444 0.275 0.4166666666666667 0.271875 0.4111111111111111 0.271875 0.37777777777777777 0.26875 0.37222222222222223 0.26875 0.35 0.265625 0.34444444444444444 0.265625 0.32222222222222224 0.2625 0.31666666666666665 0.2625 0.3055555555555556 0.259375 0.3 0.259375 0.28888888888888886 0.25625 0.2833333333333333 0.25625 0.26666666666666666 0.253125 0.2611111111111111 0.253125 0.24444444444444444 0.25 0.2388888888888889 0.25 0.22777777777777777 0.246875 0.2222222222222222 0.246875 0.2111111111111111 0.24375 0.20555555555555555 0.24375 0.19444444444444445 0.240625 0.18888888888888888 0.240625 0.17222222222222222 0.2375 0.16666666666666666 0.2375 0.13333333333333333 0.246875 0.11666666666666667 0.25 0.11666666666666667
5 0.771875 0.7388888888888889 0.778125 0.75 0.78125 0.75 0.784375 0.7555555555555555 0.784375 0.7611111111111111 0.790625 0.7722222222222223 0.79375 0.7722222222222223 0.80625 0.7944444444444444 0.80625 0.8 0.815625 0.8277777777777777 0.815625 0.8388888888888889 0.81875 0.8444444444444444 0.81875 0.8555555555555555 0.821875 0.8611111111111112 0.821875 0.8777777777777778 0.825 0.8833333333333333 0.825 0.9 0.828125 0.9055555555555556 0.828125 0.9166666666666666 0.83125 0.9222222222222223 0.83125 0.9333333333333333 0.834375 0.9388888888888889 0.834375 0.9611111111111111 0.8375 0.9666666666666667 0.8375 0.9944444444444445 0.81875 0.9944444444444445 0.815625 0.9888888888888889 0.80625 0.9888888888888889 0.803125 0.9833333333333333 0.8 0.9888888888888889 0.790625 0.9888888888888889 0.7875 0.9944444444444445 0.775 0.9944444444444445 0.771875 0.9888888888888889 0.76875 0.9888888888888889 0.76875 0.9722222222222222 0.765625 0.9666666666666667 0.765625 0.9555555555555556 0.7625 0.95 0.7625 0.9055555555555556 0.765625 0.9 0.759375 0.8833333333333333 0.759375 0.8611111111111112 0.7625 0.8555555555555555 0.759375 0.85 0.7625 0.8444444444444444 0.7625 0.8277777777777777 0.76875 0.8166666666666667 0.76875 0.8055555555555556 0.771875 0.8 0.76875 0.7944444444444444 0.76875 0.7722222222222223 0.765625 0.7666666666666667 0.7625 0.7666666666666667 0.7625 0.7555555555555555 0.759375 0.75 0.7625 0.7444444444444445 0.76875 0.7444444444444445
5 0.303125 0.8166666666666667 0.309375 0.8277777777777777 0.3125 0.8277777777777777 0.3125 0.8333333333333334 0.315625 0.8388888888888889 0.31875 0.8388888888888889 0.321875 0.8444444444444444 0.321875 0.85 0.328125 0.8611111111111112 0.328125 0.8833333333333333 0.325 0.8888888888888888 0.325 0.9166666666666666 0.328125 0.9222222222222223 0.328125 0.9888888888888889 0.325 0.9944444444444445 0.25625 0.9944444444444445 0.253125 0.9888888888888889 0.253125 0.9388888888888889 0.25625 0.9333333333333333 0.25625 0.9166666666666666 0.259375 0.9111111111111111 0.259375 0.8722222222222222 0.26875 0.8555555555555555 0.26875 0.8388888888888889 0.271875 0.8333333333333334 0.271875 0.8166666666666667 0.275 0.8111111111111111 0.296875 0.8111111111111111 0.3 0.8166666666666667
5 0.8375 0.43333333333333335 0.840625 0.4388888888888889 0.840625 0.55 0.8375 0.5555555555555556 0.81875 0.5555555555555556 0.815625 0.55 0.8125 0.55 0.809375 0.5555555555555556 0.790625 0.5555555555555556 0.7875 0.55 0.78125 0.55 0.775 0.5333333333333333 0.775 0.5166666666666667 0.771875 0.5111111111111111 0.771875 0.49444444444444446 0.76875 0.4888888888888889 0.76875 0.4777777777777778 0.765625 0.4722222222222222 0.765625 0.45555555555555555 0.76875 0.45 0.76875 0.4444444444444444 0.778125 0.4444444444444444 0.78125 0.4388888888888889 0.828125 0.4388888888888889 0.83125 0.43333333333333335 0.834375 0.43333333333333335
5 0.565625 0.8166666666666667 0.575 0.8277777777777777 0.578125 0.8277777777777777 0.58125 0.8222222222222222 0.590625 0.8222222222222222 0.596875 0.8388888888888889 0.596875 0.8611111111111112 0.6 0.8666666666666667 0.6 0.9 0.603125 0.9055555555555556 0.603125 0.95 0.60625 0.9555555555555556 0.60625 0.9944444444444445 0.559375 0.9944444444444445 0.559375 0.9833333333333333 0.55625 0.9777777777777777 0.55625 0.9388888888888889 0.553125 0.9333333333333333 0.553125 0.8944444444444445 0.55 0.8888888888888888 0.55 0.8555555555555555 0.546875 0.85 0.546875 0.8222222222222222 0.55 0.8222222222222222 0.553125 0.8166666666666667 0.5625 0.8166666666666667
5 0.196875 0.8277777777777777 0.2 0.8333333333333334 0.2 0.8388888888888889 0.2125 0.8611111111111112 0.2125 0.8833333333333333 0.215625 0.8888888888888888 0.215625 0.9277777777777778 0.21875 0.9333333333333333 0.21875 0.9611111111111111 0.221875 0.9666666666666667 0.221875 0.9944444444444445 0.1375 0.9944444444444445 0.1375 0.9777777777777777 0.140625 0.9722222222222222 0.140625 0.9611111111111111 0.14375 0.9555555555555556 0.14375 0.9444444444444444 0.146875 0.9388888888888889 0.146875 0.9222222222222223 0.15 0.9166666666666666 0.15 0.85 0.153125 0.8444444444444444 0.153125 0.8388888888888889 0.15625 0.8388888888888889 0.159375 0.8333333333333334 0.1875 0.8333333333333334 0.190625 0.8277777777777777 0.19375 0.8277777777777777
5 0.45 0.1111111111111111 0.453125 0.11666666666666667 0.45625 0.11666666666666667 0.45625 0.12222222222222222 0.453125 0.12222222222222222 0.44375 0.1388888888888889 0.440625 0.1388888888888889 0.428125 0.16111111111111112 0.428125 0.17777777777777778 0.43125 0.18333333333333332 0.43125 0.19444444444444445 0.434375 0.2 0.434375 0.2222222222222222 0.428125 0.23333333333333334 0.428125 0.2388888888888889 0.43125 0.24444444444444444 0.43125 0.25555555555555554 0.434375 0.2611111111111111 0.434375 0.2833333333333333 0.4375 0.28888888888888886 0.4375 0.3 0.440625 0.3055555555555556 0.440625 0.35555555555555557 0.44375 0.3611111111111111 0.44375 0.42777777777777776 0.446875 0.43333333333333335 0.446875 0.45555555555555555 0.45 0.46111111111111114 0.446875 0.4666666666666667 0.446875 0.4777777777777778 0.45 0.48333333333333334 0.45 0.5055555555555555 0.453125 0.5111111111111111 0.453125 0.5833333333333334 0.45 0.5888888888888889 0.44375 0.5888888888888889 0.440625 0.5833333333333334 0.440625 0.5722222222222222 0.4375 0.5666666666666667 0.440625 0.5611111111111111 0.440625 0.5444444444444444 0.434375 0.5277777777777778 0.434375 0.5111111111111111 0.43125 0.5055555555555555 0.4375 0.5055555555555555 0.440625 0.5 0.440625 0.4888888888888889 0.4375 0.48333333333333334 0.4375 0.4722222222222222 0.434375 0.4666666666666667 0.43125 0.4666666666666667 0.43125 0.46111111111111114 0.428125 0.45555555555555555 0.428125 0.45 0.434375 0.4388888888888889 0.434375 0.43333333333333335 0.4375 0.42777777777777776 0.4375 0.4222222222222222 0.434375 0.4166666666666667 0.434375 0.35555555555555557 0.43125 0.35 0.43125 0.3277777777777778 0.428125 0.32222222222222224 0.428125 0.3111111111111111 0.425 0.3055555555555556 0.425 0.2777777777777778 0.421875 0.2722222222222222 0.421875 0.24444444444444444 0.41875 0.2388888888888889 0.41875 0.18888888888888888 0.409375 0.17222222222222222 0.409375 0.16666666666666666 0.40625 0.16111111111111112 0.40625 0.14444444444444443 0.409375 0.1388888888888889 0.409375 0.12777777777777777 0.40625 0.12222222222222222 0.40625 0.11666666666666667 0.409375 0.11666666666666667 0.4125 0.1111111111111111 0.446875 0.1111111111111111
5 0.434375 0.7833333333333333 0.4375 0.7888888888888889 0.446875 0.7944444444444444 0.453125 0.8055555555555556 0.453125 0.8333333333333334 0.45 0.8388888888888889 0.45 0.85 0.446875 0.8555555555555555 0.446875 0.9 0.45 0.9055555555555556 0.45 0.9333333333333333 0.453125 0.9388888888888889 0.453125 0.9611111111111111 0.45625 0.9666666666666667 0.45625 0.9944444444444445 0.40625 0.9944444444444445 0.40625 0.9722222222222222 0.403125 0.9666666666666667 0.403125 0.95 0.4 0.9444444444444444 0.4 0.9277777777777778 0.396875 0.9222222222222223 0.396875 0.9055555555555556 0.39375 0.9 0.39375 0.8333333333333334 0.396875 0.8277777777777777 0.396875 0.8166666666666667 0.4 0.8111111111111111 0.4 0.8055555555555556 0.415625 0.7833333333333333 0.43125 0.7833333333333333
5 0.103125 0.20555555555555555 0.10625 0.20555555555555555 0.109375 0.2 0.121875 0.2 0.125 0.19444444444444445 0.134375 0.18888888888888888 0.15 0.16111111111111112 0.153125 0.16111111111111112 0.15625 0.15555555555555556 0.165625 0.15555555555555556 0.16875 0.16111111111111112 0.175 0.16111111111111112 0.178125 0.15555555555555556 0.1875 0.15555555555555556 0.190625 0.15 0.2 0.15 0.203125 0.14444444444444443 0.23125 0.14444444444444443 0.23125 0.15555555555555556 0.234375 0.16111111111111112 0.234375 0.17777777777777778 0.2375 0.18333333333333332 0.2375 0.2 0.24375 0.21666666666666667 0.24375 0.22777777777777777 0.246875 0.23333333333333334 0.246875 0.24444444444444444 0.25 0.25 0.25 0.26666666666666666 0.253125 0.2722222222222222 0.253125 0.2833333333333333 0.25625 0.28888888888888886 0.25625 0.3 0.259375 0.3055555555555556 0.259375 0.31666666666666665 0.2625 0.32222222222222224 0.2625 0.35555555555555557 0.265625 0.3611111111111111 0.265625 0.37777777777777777 0.26875 0.38333333333333336 0.26875 0.4111111111111111 0.271875 0.4166666666666667 0.271875 0.5277777777777778 0.26875 0.5333333333333333 0.26875 0.5722222222222222 0.265625 0.5777777777777777 0.196875 0.5777777777777777 0.190625 0.5666666666666667 0.190625 0.5611111111111111 0.1875 0.5555555555555556 0.171875 0.5555555555555556 0.15625 0.5722222222222222 0.15 0.5722222222222222 0.146875 0.5666666666666667 0.14375 0.5666666666666667 0.14375 0.5611111111111111 0.13125 0.5333333333333333 0.13125 0.5277777777777778 0.128125 0.5222222222222223 0.128125 0.5111111111111111 0.125 0.5055555555555555 0.125 0.5 0.121875 0.49444444444444446 0.121875 0.4888888888888889 0.11875 0.48333333333333334 0.11875 0.4777777777777778 0.115625 0.4722222222222222 0.115625 0.4666666666666667 0.1125 0.46111111111111114 0.109375 0.4444444444444444 0.1 0.42777777777777776 0.1 0.4 0.103125 0.39444444444444443 0.103125 0.3888888888888889 0.10625 0.38333333333333336 0.10625 0.37777777777777777 0.115625 0.35 0.115625 0.3388888888888889 0.11875 0.3333333333333333 0.115625 0.3277777777777778 0.115625 0.3055555555555556 0.1125 0.3 0.1125 0.2777777777777778 0.109375 0.2722222222222222 0.109375 0.2611111111111111 0.10625 0.25555555555555554 0.10625 0.24444444444444444 0.103125 0.2388888888888889 0.103125 0.2111111111111111
5 0.759375 0.18888888888888888 0.7625 0.19444444444444445 0.765625 0.18888888888888888 0.76875 0.18888888888888888 0.771875 0.19444444444444445 0.7875 0.19444444444444445 0.790625 0.18888888888888888 0.796875 0.18888888888888888 0.8 0.19444444444444445 0.80625 0.19444444444444445 0.809375 0.18888888888888888 0.821875 0.18888888888888888 0.825 0.18333333333333332 0.840625 0.18333333333333332 0.84375 0.18888888888888888 0.84375 0.2 0.846875 0.20555555555555555 0.84375 0.2111111111111111 0.84375 0.22777777777777777 0.840625 0.23333333333333334 0.840625 0.2388888888888889 0.84375 0.24444444444444444 0.84375 0.25555555555555554 0.846875 0.2611111111111111 0.84375 0.26666666666666666 0.84375 0.3055555555555556 0.846875 0.3111111111111111 0.846875 0.31666666666666665 0.84375 0.32222222222222224 0.846875 0.3277777777777778 0.84375 0.3333333333333333 0.84375 0.3888888888888889 0.846875 0.39444444444444443 0.846875 0.4166666666666667 0.84375 0.4222222222222222 0.84375 0.42777777777777776 0.796875 0.42777777777777776 0.79375 0.43333333333333335 0.703125 0.43333333333333335 0.7 0.4388888888888889 0.65625 0.4388888888888889 0.653125 0.4444444444444444 0.6125 0.4444444444444444 0.60625 0.42777777777777776 0.60625 0.3888888888888889 0.603125 0.38333333333333336 0.603125 0.3388888888888889 0.6 0.3333333333333333 0.6 0.25555555555555554 0.603125 0.25 0.603125 0.24444444444444444 0.6 0.2388888888888889 0.6 0.22777777777777777 0.603125 0.2222222222222222 0.603125 0.2111111111111111 0.609375 0.2 0.63125 0.2 0.634375 0.20555555555555555 0.65625 0.20555555555555555 0.659375 0.2 0.70625 0.2 0.709375 0.19444444444444445 0.75 0.19444444444444445 0.753125 0.18888888888888888 0.75625 0.18888888888888888
5 0.653125 0.8444444444444444 0.65625 0.85 0.678125 0.85 0.68125 0.8555555555555555 0.68125 0.9166666666666666 0.678125 0.9222222222222223 0.678125 0.9777777777777777 0.675 0.9833333333333333 0.675 0.9888888888888889 0.625 0.9888888888888889 0.621875 0.9944444444444445 0.61875 0.9888888888888889 0.615625 0.9888888888888889 0.615625 0.9777777777777777 0.61875 0.9722222222222222 0.61875 0.9611111111111111 0.621875 0.9555555555555556 0.621875 0.9277777777777778 0.628125 0.9166666666666666 0.628125 0.9111111111111111 0.625 0.9055555555555556 0.625 0.8666666666666667 0.628125 0.8611111111111112 0.628125 0.85 0.63125 0.85 0.634375 0.8444444444444444 0.65 0.8444444444444444
5 0.671875 0.7611111111111111 0.68125 0.7611111111111111 0.684375 0.7666666666666667 0.684375 0.7722222222222223 0.68125 0.7777777777777778 0.68125 0.7888888888888889 0.6875 0.8 0.6875 0.8055555555555556 0.684375 0.8111111111111111 0.684375 0.8611111111111112 0.68125 0.8666666666666667 0.68125 0.9444444444444444 0.678125 0.95 0.678125 0.9833333333333333 0.675 0.9888888888888889 0.615625 0.9888888888888889 0.615625 0.9666666666666667 0.61875 0.9611111111111111 0.61875 0.9444444444444444 0.621875 0.9388888888888889 0.61875 0.9333333333333333 0.625 0.9166666666666666 0.625 0.9111111111111111 0.621875 0.9055555555555556 0.621875 0.8555555555555555 0.634375 0.8333333333333334 0.6375 0.8388888888888889 0.640625 0.8388888888888889 0.65 0.8222222222222222 0.646875 0.8166666666666667 0.646875 0.8055555555555556 0.65 0.8 0.659375 0.7944444444444444 0.66875 0.7777777777777778 0.66875 0.7722222222222223 0.671875 0.7666666666666667
5 0.540625 0.8222222222222222 0.540625 0.8333333333333334 0.54375 0.8388888888888889 0.54375 0.8555555555555555 0.546875 0.8611111111111112 0.546875 0.8944444444444445 0.55 0.9 0.55 0.9333333333333333 0.553125 0.9388888888888889 0.553125 0.9888888888888889 0.55 0.9944444444444445 0.496875 0.9944444444444445 0.49375 0.9888888888888889 0.49375 0.9833333333333333 0.496875 0.9777777777777777 0.496875 0.95 0.49375 0.9444444444444444 0.49375 0.9388888888888889 0.496875 0.9333333333333333 0.49375 0.9277777777777778 0.49375 0.8666666666666667 0.4875 0.85 0.4875 0.8333333333333334 0.49375 0.8222222222222222 0.496875 0.8222222222222222 0.5 0.8166666666666667 0.534375 0.8166666666666667 0.5375 0.8222222222222222
5 0.753125 0.4388888888888889 0.75625 0.4444444444444444 0.759375 0.4444444444444444 0.759375 0.46111111111111114 0.746875 0.48333333333333334 0.746875 0.4888888888888889 0.73125 0.5166666666666667 0.73125 0.5222222222222223 0.721875 0.5388888888888889 0.721875 0.5444444444444444 0.709375 0.5666666666666667 0.70625 0.5666666666666667 0.703125 0.5611111111111111 0.696875 0.5611111111111111 0.69375 0.5555555555555556 0.6875 0.5555555555555556 0.684375 0.55 0.678125 0.55 0.675 0.5444444444444444 0.675 0.5388888888888889 0.671875 0.5333333333333333 0.671875 0.45 0.675 0.4444444444444444 0.7 0.4444444444444444 0.703125 0.4388888888888889 0.75 0.4388888888888889
5 0.840625 0.43333333333333335 0.840625 0.55 0.8375 0.5555555555555556 0.821875 0.5555555555555556 0.81875 0.55 0.8125 0.55 0.809375 0.5555555555555556 0.790625 0.5555555555555556 0.7875 0.55 0.78125 0.55 0.775 0.5333333333333333 0.775 0.5166666666666667 0.771875 0.5111111111111111 0.771875 0.49444444444444446 0.76875 0.4888888888888889 0.76875 0.4777777777777778 0.765625 0.4722222222222222 0.765625 0.45 0.775 0.4388888888888889 0.825 0.4388888888888889 0.828125 0.43333333333333335 0.8375 0.43333333333333335
5 0.378125 0.1388888888888889 0.38125 0.14444444444444443 0.396875 0.14444444444444443 0.4 0.15 0.4 0.16666666666666666 0.40625 0.17777777777777778 0.409375 0.17777777777777778 0.4125 0.18333333333333332 0.4125 0.2 0.415625 0.20555555555555555 0.4125 0.2111111111111111 0.415625 0.21666666666666667 0.415625 0.24444444444444444 0.41875 0.25 0.41875 0.2833333333333333 0.421875 0.28888888888888886 0.421875 0.3111111111111111 0.425 0.31666666666666665 0.425 0.3333333333333333 0.428125 0.3388888888888889 0.428125 0.36666666666666664 0.43125 0.37222222222222223 0.43125 0.4166666666666667 0.434375 0.4222222222222222 0.434375 0.43333333333333335 0.43125 0.4388888888888889 0.4375 0.45 0.43125 0.45 0.428125 0.45555555555555555 0.43125 0.46111111111111114 0.43125 0.4666666666666667 0.434375 0.4722222222222222 0.4375 0.4722222222222222 0.4375 0.5111111111111111 0.43125 0.5222222222222223 0.43125 0.5333333333333333 0.4375 0.5444444444444444 0.4375 0.5611111111111111 0.434375 0.5666666666666667 0.4375 0.5722222222222222 0.434375 0.5777777777777777 0.434375 0.6 0.425 0.6111111111111112 0.41875 0.6111111111111112 0.415625 0.6166666666666667 0.40625 0.6166666666666667 0.396875 0.6277777777777778 0.3625 0.6277777777777778 0.359375 0.6222222222222222 0.353125 0.6222222222222222 0.35 0.6166666666666667 0.346875 0.6166666666666667 0.340625 0.6055555555555555 0.340625 0.5611111111111111 0.34375 0.5555555555555556 0.34375 0.5055555555555555 0.346875 0.5 0.346875 0.4388888888888889 0.35 0.43333333333333335 0.35 0.42777777777777776 0.346875 0.4222222222222222 0.35 0.4166666666666667 0.35 0.4 0.346875 0.39444444444444443 0.346875 0.37777777777777777 0.35 0.37222222222222223 0.346875 0.36666666666666664 0.346875 0.32222222222222224 0.34375 0.31666666666666665 0.34375 0.29444444444444445 0.340625 0.28888888888888886 0.340625 0.25 0.3375 0.24444444444444444 0.3375 0.18333333333333332 0.334375 0.17777777777777778 0.340625 0.16111111111111112 0.346875 0.16111111111111112 0.35 0.15555555555555556 0.35625 0.15555555555555556 0.359375 0.15 0.365625 0.15 0.36875 0.14444444444444443 0.375 0.14444444444444443