5 0.7102803738317757 0.06111111111111111 0.7133956386292835 0.06111111111111111 0.7227414330218068 0.044444444444444446 0.7258566978193146 0.044444444444444446 0.7289719626168224 0.05 0.7289719626168224 0.05555555555555555 0.7507788161993769 0.09444444444444444 0.7507788161993769 0.10555555555555556 0.7538940809968847 0.1111111111111111 0.7538940809968847 0.15555555555555556 0.7476635514018691 0.16666666666666666 0.7476635514018691 0.17222222222222222 0.7414330218068536 0.18333333333333332 0.7383177570093458 0.18333333333333332 0.7289719626168224 0.2 0.7258566978193146 0.2 0.7227414330218068 0.20555555555555555 0.7133956386292835 0.20555555555555555 0.7071651090342679 0.19444444444444445 0.7040498442367601 0.17777777777777778 0.6947040498442367 0.16111111111111112 0.6947040498442367 0.14444444444444443 0.6978193146417445 0.1388888888888889 0.6978193146417445 0.11666666666666667 0.7040498442367601 0.1 0.7040498442367601 0.08888888888888889 0.7071651090342679 0.08333333333333333 0.7071651090342679 0.07222222222222222 0.7102803738317757 0.06666666666666667
5 0.6884735202492211 0.40555555555555556 0.6915887850467289 0.4111111111111111 0.6978193146417445 0.4111111111111111 0.7009345794392523 0.4166666666666667 0.7071651090342679 0.4166666666666667 0.7102803738317757 0.4222222222222222 0.719626168224299 0.4222222222222222 0.7227414330218068 0.42777777777777776 0.7289719626168224 0.42777777777777776 0.7320872274143302 0.43333333333333335 0.7383177570093458 0.43333333333333335 0.7414330218068536 0.4388888888888889 0.7476635514018691 0.4388888888888889 0.7507788161993769 0.4444444444444444 0.7570093457943925 0.4444444444444444 0.7601246105919003 0.45 0.7663551401869159 0.45 0.7757009345794392 0.46111111111111114 0.7819314641744548 0.46111111111111114 0.7850467289719626 0.4666666666666667 0.7912772585669782 0.4666666666666667 0.794392523364486 0.4722222222222222 0.8037383177570093 0.4722222222222222 0.8068535825545171 0.4777777777777778 0.8130841121495327 0.4777777777777778 0.8161993769470405 0.48333333333333334 0.8255451713395638 0.48333333333333334 0.8286604361370716 0.4888888888888889 0.8348909657320872 0.4888888888888889 0.8348909657320872 0.5111111111111111 0.8317757009345794 0.5166666666666667 0.8317757009345794 0.5277777777777778 0.8286604361370716 0.5333333333333333 0.8286604361370716 0.5444444444444444 0.8255451713395638 0.55 0.8255451713395638 0.5611111111111111 0.822429906542056 0.5666666666666667 0.822429906542056 0.5888888888888889 0.8193146417445483 0.5944444444444444 0.8193146417445483 0.6111111111111112 0.8161993769470405 0.6166666666666667 0.8161993769470405 0.6277777777777778 0.8130841121495327 0.6333333333333333 0.8130841121495327 0.6388888888888888 0.8037383177570093 0.6666666666666666 0.8037383177570093 0.6777777777777778 0.8006230529595015 0.6833333333333333 0.8006230529595015 0.6944444444444444 0.7975077881619937 0.7 0.7975077881619937 0.7111111111111111 0.7912772585669782 0.7277777777777777 0.7694704049844237 0.7277777777777777 0.7663551401869159 0.7222222222222222 0.7570093457943925 0.7222222222222222 0.7538940809968847 0.7166666666666667 0.7445482866043613 0.7166666666666667 0.7414330218068536 0.7111111111111111 0.7320872274143302 0.7111111111111111 0.7289719626168224 0.7055555555555556 0.7227414330218068 0.7055555555555556 0.719626168224299 0.7 0.7102803738317757 0.7 0.7071651090342679 0.6944444444444444 0.6978193146417445 0.6944444444444444 0.6947040498442367 0.6888888888888889 0.6884735202492211 0.6888888888888889 0.6853582554517134 0.6833333333333333 0.6791277258566978 0.6833333333333333 0.67601246105919 0.6777777777777778 0.6697819314641744 0.6777777777777778 0.6666666666666666 0.6722222222222223 0.6573208722741433 0.6722222222222223 0.6542056074766355 0.6666666666666666 0.6448598130841121 0.6666666666666666 0.6417445482866043 0.6611111111111111 0.6355140186915887 0.6611111111111111 0.632398753894081 0.6555555555555556 0.6261682242990654 0.6555555555555556 0.6230529595015576 0.65 0.6261682242990654 0.6444444444444445 0.6261682242990654 0.6277777777777778 0.632398753894081 0.6111111111111112 0.632398753894081 0.5944444444444444 0.6386292834890965 0.5777777777777777 0.6386292834890965 0.5666666666666667 0.6417445482866043 0.5611111111111111 0.6417445482866043 0.55 0.6448598130841121 0.5444444444444444 0.6448598130841121 0.5333333333333333 0.6479750778816199 0.5277777777777778 0.6479750778816199 0.5166666666666667 0.6510903426791277 0.5111111111111111 0.6510903426791277 0.5 0.6542056074766355 0.49444444444444446 0.6542056074766355 0.48333333333333334 0.6573208722741433 0.4777777777777778 0.6573208722741433 0.46111111111111114 0.660436137071651 0.45555555555555555 0.660436137071651 0.4444444444444444 0.6666666666666666 0.42777777777777776 0.6666666666666666 0.4111111111111111 0.6697819314641744 0.40555555555555556 0.6853582554517134 0.40555555555555556
5 0.5545171339563862 0.31666666666666665 0.557632398753894 0.32222222222222224 0.557632398753894 0.3333333333333333 0.5638629283489096 0.35 0.5638629283489096 0.3611111111111111 0.5669781931464174 0.36666666666666664 0.5669781931464174 0.38333333333333336 0.5700934579439252 0.3888888888888889 0.5700934579439252 0.40555555555555556 0.573208722741433 0.4111111111111111 0.573208722741433 0.42777777777777776 0.5763239875389408 0.43333333333333335 0.5763239875389408 0.4444444444444444 0.5794392523364486 0.45 0.5794392523364486 0.4777777777777778 0.5669781931464174 0.5055555555555555 0.5638629283489096 0.5055555555555555 0.5607476635514018 0.5111111111111111 0.5514018691588785 0.5111111111111111 0.5482866043613707 0.5166666666666667 0.5420560747663551 0.5166666666666667 0.5389408099688473 0.5222222222222223 0.5327102803738317 0.5222222222222223 0.5295950155763239 0.5277777777777778 0.5202492211838006 0.5277777777777778 0.5171339563862928 0.5333333333333333 0.5077881619937694 0.5333333333333333 0.5046728971962616 0.5388888888888889 0.4953271028037383 0.5388888888888889 0.49221183800623053 0.5444444444444444 0.4797507788161994 0.5444444444444444 0.4766355140186916 0.55 0.4174454828660436 0.55 0.4143302180685358 0.5555555555555556 0.40186915887850466 0.5555555555555556 0.3987538940809969 0.5611111111111111 0.3894080996884735 0.5611111111111111 0.38317757009345793 0.55 0.38317757009345793 0.5333333333333333 0.38006230529595014 0.5277777777777778 0.38006230529595014 0.5111111111111111 0.37694704049844235 0.5055555555555555 0.37694704049844235 0.4777777777777778 0.37383177570093457 0.4722222222222222 0.37383177570093457 0.4444444444444444 0.3707165109034268 0.4388888888888889 0.3707165109034268 0.4111111111111111 0.367601246105919 0.40555555555555556 0.367601246105919 0.4 0.37383177570093457 0.3888888888888889 0.38006230529595014 0.3888888888888889 0.38317757009345793 0.38333333333333336 0.3894080996884735 0.38333333333333336 0.3925233644859813 0.37777777777777777 0.40186915887850466 0.37777777777777777 0.40498442367601245 0.37222222222222223 0.411214953271028 0.37222222222222223 0.4143302180685358 0.36666666666666664 0.4236760124610592 0.36666666666666664 0.42679127725856697 0.3611111111111111 0.43613707165109034 0.3611111111111111 0.4392523364485981 0.35555555555555557 0.4454828660436137 0.35555555555555557 0.4485981308411215 0.35 0.46417445482866043 0.35 0.4672897196261682 0.34444444444444444 0.4766355140186916 0.34444444444444444 0.4797507788161994 0.3388888888888889 0.48909657320872274 0.3388888888888889 0.49221183800623053 0.3333333333333333 0.5077881619937694 0.3333333333333333 0.5109034267912772 0.3277777777777778 0.5264797507788161 0.3277777777777778 0.5295950155763239 0.32222222222222224 0.5389408099688473 0.32222222222222224 0.5420560747663551 0.31666666666666665 0.5514018691588785 0.31666666666666665
5 0.7632398753894081 0.9833333333333333 0.7663551401869159 0.9833333333333333 0.7694704049844237 0.9777777777777777 0.7725856697819314 0.9777777777777777 0.7757009345794392 0.9722222222222222 0.778816199376947 0.9722222222222222 0.794392523364486 0.9555555555555556 0.8504672897196262 0.9555555555555556 0.8535825545171339 0.95 0.8660436137071651 0.95 0.8691588785046729 0.9444444444444444 0.8785046728971962 0.9444444444444444 0.881619937694704 0.95 0.881619937694704 0.9555555555555556 0.8847352024922118 0.9611111111111111 0.8847352024922118 0.9722222222222222 0.8878504672897196 0.9777777777777777 0.8878504672897196 0.9944444444444445 0.7601246105919003 0.9944444444444445 0.7632398753894081 0.9888888888888889
5 0.11214953271028037 0 0.11214953271028037 0.027777777777777776 0.11526479750778816 0.03333333333333333 0.11526479750778816 0.044444444444444446 0.11838006230529595 0.05 0.12149532710280374 0.06666666666666667 0.1308411214953271 0.08333333333333333 0.14018691588785046 0.08333333333333333 0.14330218068535824 0.07777777777777778 0.14330218068535824 0.06666666666666667 0.14018691588785046 0.06111111111111111 0.14018691588785046 0.044444444444444446 0.13707165109034267 0.03888888888888889 0.13707165109034267 0.027777777777777776 0.13395638629283488 0.022222222222222223 0.13395638629283488 0 0.30218068535825543 0 0.29906542056074764 0.016666666666666666 0.29595015576323985 0.022222222222222223 0.29595015576323985 0.03888888888888889 0.29283489096573206 0.044444444444444446 0.29283489096573206 0.05 0.2866043613707165 0.06111111111111111 0.2834890965732087 0.07777777777777778 0.2772585669781931 0.08888888888888889 0.27414330218068533 0.08888888888888889 0.2585669781931464 0.10555555555555556 0.24922118380062305 0.10555555555555556 0.24610591900311526 0.1111111111111111 0.21806853582554517 0.1111111111111111 0.21495327102803738 0.10555555555555556 0.2087227414330218 0.10555555555555556 0.205607476635514 0.1 0.20249221183800623 0.1 0.19626168224299065 0.08888888888888889 0.19314641744548286 0.08888888888888889 0.19003115264797507 0.09444444444444444 0.17757009345794392 0.09444444444444444 0.17445482866043613 0.1 0.14641744548286603 0.1 0.14018691588785046 0.08888888888888889 0.1308411214953271 0.08888888888888889 0.1277258566978193 0.08333333333333333 0.12461059190031153 0.08333333333333333 0.11838006230529595 0.07222222222222222 0.11838006230529595 0.06111111111111111 0.11214953271028037 0.05 0.11214953271028037 0.03888888888888889 0.10903426791277258 0.03333333333333333 0.11214953271028037 0.027777777777777776 0.10903426791277258 0.022222222222222223 0.11214953271028037 0.005555555555555556
5 0.32398753894080995 0.48333333333333334 0.32710280373831774 0.4888888888888889 0.3302180685358255 0.4888888888888889 0.3395638629283489 0.5055555555555555 0.3426791277258567 0.5055555555555555 0.35514018691588783 0.5277777777777778 0.3582554517133956 0.5277777777777778 0.3862928348909657 0.5777777777777777 0.3894080996884735 0.5777777777777777 0.3925233644859813 0.5833333333333334 0.3987538940809969 0.5833333333333334 0.40186915887850466 0.5888888888888889 0.40498442367601245 0.5888888888888889 0.40809968847352024 0.5944444444444444 0.411214953271028 0.5944444444444444 0.4143302180685358 0.6 0.4174454828660436 0.6 0.4205607476635514 0.6055555555555555 0.4236760124610592 0.6055555555555555 0.42679127725856697 0.6111111111111112 0.43613707165109034 0.6166666666666667 0.4454828660436137 0.6333333333333333 0.4485981308411215 0.6333333333333333 0.470404984423676 0.6722222222222223 0.4735202492211838 0.6722222222222223 0.4735202492211838 0.6777777777777778 0.4766355140186916 0.6833333333333333 0.4766355140186916 0.6944444444444444 0.4735202492211838 0.7 0.470404984423676 0.7166666666666667 0.46417445482866043 0.7277777777777777 0.46417445482866043 0.7333333333333333 0.4485981308411215 0.7611111111111111 0.4485981308411215 0.7666666666666667 0.4174454828660436 0.8222222222222222 0.4174454828660436 0.8277777777777777 0.411214953271028 0.8388888888888889 0.411214953271028 0.8444444444444444 0.40498442367601245 0.8611111111111112 0.40186915887850466 0.8611111111111112 0.3956386292834891 0.85 0.3925233644859813 0.85 0.38006230529595014 0.8277777777777777 0.3707165109034268 0.8222222222222222 0.35514018691588783 0.8 0.35202492211838005 0.8 0.34890965732087226 0.7944444444444444 0.3395638629283489 0.7888888888888889 0.3333333333333333 0.7777777777777778 0.3302180685358255 0.7777777777777778 0.32710280373831774 0.7722222222222223 0.3177570093457944 0.7666666666666667 0.3115264797507788 0.7555555555555555 0.308411214953271 0.7555555555555555 0.30218068535825543 0.7444444444444445 0.29906542056074764 0.7444444444444445 0.2897196261682243 0.7277777777777777 0.2866043613707165 0.7277777777777777 0.2803738317757009 0.7166666666666667 0.2772585669781931 0.7166666666666667 0.27414330218068533 0.7111111111111111 0.27102803738317754 0.7111111111111111 0.26479750778816197 0.7 0.2616822429906542 0.7 0.2523364485981308 0.6833333333333333 0.24922118380062305 0.6833333333333333 0.24299065420560748 0.6722222222222223 0.24299065420560748 0.65 0.24922118380062305 0.6388888888888888 0.24922118380062305 0.6333333333333333 0.2585669781931464 0.6166666666666667 0.2585669781931464 0.6111111111111112 0.26479750778816197 0.6 0.26791277258566976 0.5833333333333334 0.27414330218068533 0.5722222222222222 0.27414330218068533 0.5666666666666667 0.2803738317757009 0.5555555555555556 0.2803738317757009 0.55 0.2866043613707165 0.5388888888888889 0.2866043613707165 0.5333333333333333 0.3052959501557632 0.49444444444444446 0.308411214953271 0.49444444444444446 0.3115264797507788 0.4888888888888889 0.32087227414330216 0.48333333333333334
5 0.6043613707165109 0.3 0.6074766355140186 0.3055555555555556 0.6137071651090342 0.3055555555555556 0.616822429906542 0.3111111111111111 0.6199376947040498 0.3111111111111111 0.6355140186915887 0.3277777777777778 0.6417445482866043 0.3277777777777778 0.6448598130841121 0.3333333333333333 0.6479750778816199 0.3333333333333333 0.6542056074766355 0.34444444444444444 0.6542056074766355 0.35 0.6573208722741433 0.35555555555555557 0.6573208722741433 0.39444444444444443 0.6479750778816199 0.4111111111111111 0.6386292834890965 0.4166666666666667 0.6199376947040498 0.45 0.616822429906542 0.45 0.6137071651090342 0.45555555555555555 0.6105919003115264 0.45555555555555555 0.5950155763239875 0.4722222222222222 0.5856697819314641 0.4722222222222222 0.5794392523364486 0.48333333333333334 0.5794392523364486 0.4888888888888889 0.5763239875389408 0.49444444444444446 0.573208722741433 0.49444444444444446 0.5638629283489096 0.5111111111111111 0.5514018691588785 0.5111111111111111 0.5482866043613707 0.5166666666666667 0.5420560747663551 0.5166666666666667 0.5389408099688473 0.5222222222222223 0.5327102803738317 0.5222222222222223 0.5295950155763239 0.5277777777777778 0.5233644859813084 0.5277777777777778 0.5202492211838006 0.5333333333333333 0.5077881619937694 0.5333333333333333 0.5046728971962616 0.5388888888888889 0.4984423676012461 0.5388888888888889 0.4953271028037383 0.5444444444444444 0.48286604361370716 0.5444444444444444 0.4797507788161994 0.55 0.4174454828660436 0.55 0.4143302180685358 0.5555555555555556 0.40186915887850466 0.5555555555555556 0.3987538940809969 0.5611111111111111 0.3862928348909657 0.5611111111111111 0.38317757009345793 0.5555555555555556 0.38317757009345793 0.5444444444444444 0.38006230529595014 0.5388888888888889 0.38006230529595014 0.5166666666666667 0.37694704049844235 0.5111111111111111 0.37694704049844235 0.48333333333333334 0.37383177570093457 0.4777777777777778 0.37383177570093457 0.4444444444444444 0.3707165109034268 0.4388888888888889 0.3707165109034268 0.4222222222222222 0.367601246105919 0.4166666666666667 0.35514018691588783 0.4166666666666667 0.35202492211838005 0.4222222222222222 0.34890965732087226 0.4222222222222222 0.34579439252336447 0.42777777777777776 0.3395638629283489 0.42777777777777776 0.3302180685358255 0.4388888888888889 0.32087227414330216 0.4388888888888889 0.3177570093457944 0.4444444444444444 0.3146417445482866 0.4444444444444444 0.30218068535825543 0.4666666666666667 0.30218068535825543 0.4888888888888889 0.29906542056074764 0.48333333333333334 0.29906542056074764 0.4666666666666667 0.30218068535825543 0.46111111111111114 0.30218068535825543 0.45555555555555555 0.308411214953271 0.4444444444444444 0.3115264797507788 0.4444444444444444 0.32710280373831774 0.42777777777777776 0.3364485981308411 0.42777777777777776 0.3395638629283489 0.4222222222222222 0.34890965732087226 0.4222222222222222 0.35202492211838005 0.4166666666666667 0.3582554517133956 0.4166666666666667 0.3613707165109034 0.4111111111111111 0.3644859813084112 0.4111111111111111 0.367601246105919 0.40555555555555556 0.367601246105919 0.4 0.37383177570093457 0.3888888888888889 0.38006230529595014 0.3888888888888889 0.38317757009345793 0.38333333333333336 0.3894080996884735 0.38333333333333336 0.3925233644859813 0.37777777777777777 0.40186915887850466 0.37777777777777777 0.40498442367601245 0.37222222222222223 0.411214953271028 0.37222222222222223 0.4143302180685358 0.36666666666666664 0.4236760124610592 0.36666666666666664 0.42679127725856697 0.3611111111111111 0.43302180685358255 0.3611111111111111 0.43613707165109034 0.35555555555555557 0.4454828660436137 0.35555555555555557 0.4485981308411215 0.35 0.46417445482866043 0.35 0.4672897196261682 0.34444444444444444 0.4735202492211838 0.34444444444444444 0.4766355140186916 0.3388888888888889 0.48909657320872274 0.3388888888888889 0.49221183800623053 0.3333333333333333 0.5077881619937694 0.3333333333333333 0.5109034267912772 0.3277777777777778 0.5264797507788161 0.3277777777777778 0.5295950155763239 0.32222222222222224 0.5389408099688473 0.32222222222222224 0.5420560747663551 0.31666666666666665 0.5545171339563862 0.31666666666666665 0.557632398753894 0.32222222222222224 0.5638629283489096 0.32222222222222224 0.5669781931464174 0.31666666666666665 0.5700934579439252 0.31666666666666665 0.5856697819314641 0.3 0.6012461059190031 0.3
5 0.13395638629283488 0 0.17757009345794392 0 0.1806853582554517 0.005555555555555556 0.18691588785046728 0.005555555555555556 0.19003115264797507 0 0.20249221183800623 0 0.205607476635514 0.005555555555555556 0.21495327102803738 0.005555555555555556 0.21806853582554517 0 0.22118380062305296 0 0.22429906542056074 0.005555555555555556 0.22118380062305296 0.011111111111111112 0.22429906542056074 0.016666666666666666 0.22429906542056074 0.044444444444444446 0.21495327102803738 0.06111111111111111 0.21495327102803738 0.06666666666666667 0.205607476635514 0.08333333333333333 0.20249221183800623 0.08333333333333333 0.19937694704049844 0.08888888888888889 0.19314641744548286 0.08888888888888889 0.19003115264797507 0.09444444444444444 0.1806853582554517 0.09444444444444444 0.17757009345794392 0.1 0.14953271028037382 0.1 0.14330218068535824 0.08888888888888889 0.14330218068535824 0.06666666666666667 0.14018691588785046 0.06111111111111111 0.14018691588785046 0.044444444444444446 0.13707165109034267 0.03888888888888889 0.13707165109034267 0.027777777777777776 0.13395638629283488 0.022222222222222223 0.13395638629283488 0.005555555555555556
5 0.9470404984423676 0.45555555555555555 0.9501557632398754 0.45555555555555555 0.9532710280373832 0.45 0.9688473520249221 0.45 0.9719626168224299 0.45555555555555555 0.9875389408099688 0.45555555555555555 0.9906542056074766 0.46111111111111114 0.9968847352024922 0.46111111111111114 0.9968847352024922 0.6166666666666667 0.9937694704049844 0.6222222222222222 0.9906542056074766 0.6222222222222222 0.9875389408099688 0.6277777777777778 0.9844236760124611 0.6277777777777778 0.9813084112149533 0.6333333333333333 0.9719626168224299 0.6388888888888888 0.9657320872274143 0.65 0.956386292834891 0.6555555555555556 0.9439252336448598 0.6777777777777778 0.9345794392523364 0.6777777777777778 0.9345794392523364 0.6722222222222223 0.9221183800623053 0.65 0.9221183800623053 0.6388888888888888 0.9158878504672897 0.6277777777777778 0.9158878504672897 0.6222222222222222 0.9065420560747663 0.5944444444444444 0.9065420560747663 0.5777777777777777 0.9034267912772586 0.5722222222222222 0.9034267912772586 0.5388888888888889 0.9158878504672897 0.5166666666666667 0.9190031152647975 0.5166666666666667 0.9345794392523364 0.4888888888888889 0.9345794392523364 0.48333333333333334 0.9470404984423676 0.46111111111111114
5 0.06542056074766354 0.7666666666666667 0.06853582554517133 0.7666666666666667 0.07165109034267912 0.7722222222222223 0.08411214953271028 0.7722222222222223 0.08722741433021806 0.7777777777777778 0.11838006230529595 0.7777777777777778 0.12149532710280374 0.7833333333333333 0.16199376947040497 0.7833333333333333 0.16510903426791276 0.7777777777777778 0.21806853582554517 0.7777777777777778 0.22118380062305296 0.7833333333333333 0.22118380062305296 0.8055555555555556 0.21806853582554517 0.8111111111111111 0.21806853582554517 0.8166666666666667 0.21495327102803738 0.8222222222222222 0.21495327102803738 0.8277777777777777 0.2118380062305296 0.8333333333333334 0.2118380062305296 0.8388888888888889 0.20249221183800623 0.8666666666666667 0.20249221183800623 0.8833333333333333 0.19937694704049844 0.8888888888888888 0.19937694704049844 0.9055555555555556 0.19626168224299065 0.9111111111111111 0.19626168224299065 0.9166666666666666 0.1838006230529595 0.9388888888888889 0.1838006230529595 0.9444444444444444 0.17757009345794392 0.9555555555555556 0.17757009345794392 0.9611111111111111 0.16822429906542055 0.9777777777777777 0.16822429906542055 0.9833333333333333 0.16510903426791276 0.9888888888888889 0.14641744548286603 0.9888888888888889 0.14330218068535824 0.9944444444444445 0.07165109034267912 0.9944444444444445 0.06853582554517133 0.9888888888888889 0.024922118380062305 0.9888888888888889 0.009345794392523364 0.9722222222222222 0.009345794392523364 0.9555555555555556 0.01557632398753894 0.9388888888888889 0.01557632398753894 0.9277777777777778 0.018691588785046728 0.9222222222222223 0.018691588785046728 0.9111111111111111 0.024922118380062305 0.9 0.024922118380062305 0.8944444444444445 0.028037383177570093 0.8888888888888888 0.028037383177570093 0.8777777777777778 0.03115264797507788 0.8722222222222222 0.03115264797507788 0.8611111111111112 0.03426791277258567 0.8555555555555555 0.03426791277258567 0.85 0.037383177570093455 0.8444444444444444 0.040498442367601244 0.8444444444444444 0.06230529595015576 0.8055555555555556 0.06230529595015576 0.8 0.06542056074766354 0.7944444444444444 0.06542056074766354 0.7722222222222223
5 0.30218068535825543 0 0.30218068535825543 0.005555555555555556 0.29906542056074764 0.011111111111111112 0.29906542056074764 0.022222222222222223 0.29595015576323985 0.027777777777777776 0.29595015576323985 0.03888888888888889 0.29283489096573206 0.044444444444444446 0.2897196261682243 0.06111111111111111 0.2834890965732087 0.07222222222222222 0.2834890965732087 0.07777777777777778 0.2772585669781931 0.08888888888888889 0.27414330218068533 0.08888888888888889 0.26479750778816197 0.1 0.2585669781931464 0.1 0.2554517133956386 0.10555555555555556 0.24922118380062305 0.10555555555555556 0.24610591900311526 0.1111111111111111 0.21495327102803738 0.1111111111111111 0.2118380062305296 0.10555555555555556 0.2087227414330218 0.10555555555555556 0.20249221183800623 0.09444444444444444 0.20249221183800623 0.08888888888888889 0.205607476635514 0.08888888888888889 0.21806853582554517 0.06666666666666667 0.21806853582554517 0.06111111111111111 0.22741433021806853 0.044444444444444446 0.22741433021806853 0.03333333333333333 0.2336448598130841 0.022222222222222223 0.23052959501557632 0.016666666666666666 0.23052959501557632 0.005555555555555556 0.2367601246105919 0.005555555555555556 0.2398753894080997 0 0.29906542056074764 0
5 0.4984423676012461 0.22777777777777777 0.514018691588785 0.22777777777777777 0.5171339563862928 0.23333333333333334 0.5264797507788161 0.2388888888888889 0.5451713395638629 0.2722222222222222 0.5451713395638629 0.28888888888888886 0.5420560747663551 0.29444444444444445 0.5420560747663551 0.3111111111111111 0.5389408099688473 0.3111111111111111 0.5358255451713395 0.31666666666666665 0.5233644859813084 0.31666666666666665 0.5202492211838006 0.32222222222222224 0.5077881619937694 0.32222222222222224 0.5015576323987538 0.3055555555555556 0.5015576323987538 0.2722222222222222 0.4984423676012461 0.26666666666666666 0.4984423676012461 0.23333333333333334
5 0.14018691588785046 0.38333333333333336 0.14330218068535824 0.3888888888888889 0.14330218068535824 0.39444444444444443 0.14953271028037382 0.40555555555555556 0.14953271028037382 0.4111111111111111 0.1557632398753894 0.4222222222222222 0.1588785046728972 0.4388888888888889 0.16510903426791276 0.45 0.16510903426791276 0.45555555555555555 0.17133956386292834 0.4666666666666667 0.17133956386292834 0.4722222222222222 0.1838006230529595 0.49444444444444446 0.1838006230529595 0.5 0.19003115264797507 0.5111111111111111 0.19003115264797507 0.5222222222222223 0.20249221183800623 0.5444444444444444 0.205607476635514 0.5444444444444444 0.21806853582554517 0.5666666666666667 0.22118380062305296 0.5666666666666667 0.24299065420560748 0.6055555555555555 0.24610591900311526 0.6055555555555555 0.24610591900311526 0.6111111111111112 0.24922118380062305 0.6166666666666667 0.24610591900311526 0.6222222222222222 0.24610591900311526 0.6277777777777778 0.23052959501557632 0.6555555555555556 0.22118380062305296 0.6555555555555556 0.21495327102803738 0.6444444444444445 0.19626168224299065 0.6444444444444445 0.1806853582554517 0.6611111111111111 0.16199376947040497 0.6611111111111111 0.1588785046728972 0.6555555555555556 0.1557632398753894 0.6555555555555556 0.14018691588785046 0.6277777777777778 0.14018691588785046 0.6222222222222222 0.1277258566978193 0.6 0.1277258566978193 0.5944444444444444 0.11214953271028037 0.5666666666666667 0.11214953271028037 0.5611111111111111 0.102803738317757 0.5444444444444444 0.102803738317757 0.5388888888888889 0.09657320872274143 0.5277777777777778 0.09657320872274143 0.5222222222222223 0.09034267912772585 0.5111111111111111 0.09034267912772585 0.5055555555555555 0.08099688473520249 0.4888888888888889 0.08099688473520249 0.48333333333333334 0.07476635514018691 0.4666666666666667 0.07476635514018691 0.45555555555555555 0.06853582554517133 0.4388888888888889 0.06853582554517133 0.4222222222222222 0.07165109034267912 0.4166666666666667 0.07165109034267912 0.4111111111111111 0.08099688473520249 0.4111111111111111 0.08411214953271028 0.40555555555555556 0.09034267912772585 0.40555555555555556 0.09968847352024922 0.39444444444444443 0.102803738317757 0.39444444444444443 0.10903426791277258 0.38333333333333336 0.11526479750778816 0.38333333333333336 0.11838006230529595 0.37777777777777777 0.13395638629283488 0.37777777777777777 0.13707165109034267 0.38333333333333336
5 0.8785046728971962 0.1 0.8785046728971962 0.10555555555555556 0.881619937694704 0.1111111111111111 0.881619937694704 0.12222222222222222 0.8785046728971962 0.12777777777777777 0.8785046728971962 0.15 0.8753894080996885 0.15555555555555556 0.8753894080996885 0.16666666666666666 0.8691588785046729 0.18333333333333332 0.8691588785046729 0.19444444444444445 0.8660436137071651 0.2 0.8660436137071651 0.21666666666666667 0.8629283489096573 0.2222222222222222 0.8629283489096573 0.23333333333333334 0.8598130841121495 0.2388888888888889 0.8598130841121495 0.25 0.8566978193146417 0.25555555555555554 0.8566978193146417 0.2722222222222222 0.8535825545171339 0.2777777777777778 0.8535825545171339 0.29444444444444445 0.8504672897196262 0.3 0.8504672897196262 0.31666666666666665 0.8473520249221184 0.32222222222222224 0.8473520249221184 0.3333333333333333 0.8442367601246106 0.3388888888888889 0.8442367601246106 0.35 0.8411214953271028 0.35555555555555557 0.8411214953271028 0.36666666666666664 0.8348909657320872 0.38333333333333336 0.8348909657320872 0.4 0.8317757009345794 0.40555555555555556 0.8317757009345794 0.4166666666666667 0.8255451713395638 0.43333333333333335 0.8193146417445483 0.4222222222222222 0.8193146417445483 0.4166666666666667 0.8099688473520249 0.4 0.8099688473520249 0.39444444444444443 0.8068535825545171 0.3888888888888889 0.7975077881619937 0.38333333333333336 0.7757009345794392 0.34444444444444444 0.7757009345794392 0.3388888888888889 0.7663551401869159 0.3111111111111111 0.7663551401869159 0.29444444444444445 0.7632398753894081 0.28888888888888886 0.7632398753894081 0.2722222222222222 0.7601246105919003 0.26666666666666666 0.7601246105919003 0.22777777777777777 0.7632398753894081 0.2222222222222222 0.7632398753894081 0.21666666666666667 0.7601246105919003 0.2111111111111111 0.7632398753894081 0.20555555555555555 0.7632398753894081 0.18888888888888888 0.7601246105919003 0.18333333333333332 0.7632398753894081 0.17777777777777778 0.7632398753894081 0.14444444444444443 0.7601246105919003 0.1388888888888889 0.7601246105919003 0.12222222222222222 0.7632398753894081 0.11666666666666667 0.7601246105919003 0.1111111111111111 0.7632398753894081 0.10555555555555556 0.7632398753894081 0.09444444444444444 0.7694704049844237 0.08333333333333333 0.7757009345794392 0.08333333333333333 0.778816199376947 0.07777777777777778 0.7819314641744548 0.07777777777777778 0.7850467289719626 0.08333333333333333 0.8348909657320872 0.08333333333333333 0.838006230529595 0.08888888888888889 0.8566978193146417 0.08888888888888889 0.8598130841121495 0.09444444444444444 0.8722741433021807 0.09444444444444444 0.8753894080996885 0.1
5 0.6043613707165109 0.3 0.6074766355140186 0.3055555555555556 0.6137071651090342 0.3055555555555556 0.6292834890965732 0.32222222222222224 0.6355140186915887 0.32222222222222224 0.6386292834890965 0.3277777777777778 0.6479750778816199 0.3333333333333333 0.6573208722741433 0.35 0.6573208722741433 0.36666666666666664 0.660436137071651 0.37222222222222223 0.660436137071651 0.38333333333333336 0.6573208722741433 0.3888888888888889 0.6573208722741433 0.39444444444444443 0.6448598130841121 0.4166666666666667 0.6355140186915887 0.4222222222222222 0.6292834890965732 0.43333333333333335 0.6292834890965732 0.4388888888888889 0.6261682242990654 0.4444444444444444 0.6230529595015576 0.4444444444444444 0.616822429906542 0.45555555555555555 0.6137071651090342 0.45555555555555555 0.6105919003115264 0.46111111111111114 0.6074766355140186 0.46111111111111114 0.6043613707165109 0.4666666666666667 0.6012461059190031 0.4666666666666667 0.5981308411214953 0.4722222222222222 0.5887850467289719 0.4777777777777778 0.5763239875389408 0.5 0.573208722741433 0.5 0.5700934579439252 0.5055555555555555 0.573208722741433 0.5111111111111111 0.573208722741433 0.5166666666666667 0.573208722741433 0.5111111111111111 0.5700934579439252 0.5055555555555555 0.5669781931464174 0.5055555555555555 0.5638629283489096 0.5111111111111111 0.5514018691588785 0.5111111111111111 0.5482866043613707 0.5166666666666667 0.5420560747663551 0.5166666666666667 0.5389408099688473 0.5222222222222223 0.5420560747663551 0.5388888888888889 0.5514018691588785 0.5555555555555556 0.5514018691588785 0.5611111111111111 0.5545171339563862 0.5666666666666667 0.557632398753894 0.5833333333333334 0.5638629283489096 0.5944444444444444 0.5638629283489096 0.6055555555555555 0.5669781931464174 0.6111111111111112 0.5669781931464174 0.6555555555555556 0.5638629283489096 0.6611111111111111 0.5638629283489096 0.6666666666666666 0.5514018691588785 0.6888888888888889 0.5482866043613707 0.6888888888888889 0.5420560747663551 0.7 0.5327102803738317 0.7 0.5295950155763239 0.7055555555555556 0.49221183800623053 0.7055555555555556 0.48909657320872274 0.7111111111111111 0.4766355140186916 0.7111111111111111 0.4797507788161994 0.7111111111111111 0.48286604361370716 0.7055555555555556 0.48909657320872274 0.7055555555555556 0.49221183800623053 0.7 0.5202492211838006 0.7 0.5233644859813084 0.6944444444444444 0.5327102803738317 0.6944444444444444 0.5358255451713395 0.6888888888888889 0.5420560747663551 0.6888888888888889 0.5514018691588785 0.6722222222222223 0.5545171339563862 0.6722222222222223 0.5607476635514018 0.6555555555555556 0.5607476635514018 0.6388888888888888 0.5638629283489096 0.6333333333333333 0.5607476635514018 0.6277777777777778 0.5607476635514018 0.6111111111111112 0.557632398753894 0.6055555555555555 0.557632398753894 0.5944444444444444 0.5545171339563862 0.5888888888888889 0.5514018691588785 0.5722222222222222 0.5451713395638629 0.5611111111111111 0.5420560747663551 0.5444444444444444 0.5327102803738317 0.5277777777777778 0.5202492211838006 0.5277777777777778 0.5171339563862928 0.5333333333333333 0.5046728971962616 0.5333333333333333 0.5015576323987538 0.5388888888888889 0.4953271028037383 0.5388888888888889 0.49221183800623053 0.5444444444444444 0.48286604361370716 0.5444444444444444 0.4797507788161994 0.55 0.4174454828660436 0.55 0.4143302180685358 0.5555555555555556 0.40186915887850466 0.5555555555555556 0.3987538940809969 0.5611111111111111 0.3894080996884735 0.5611111111111111 0.3862928348909657 0.5555555555555556 0.38317757009345793 0.5555555555555556 0.38317757009345793 0.5444444444444444 0.367601246105919 0.5166666666666667 0.367601246105919 0.48333333333333334 0.37383177570093457 0.4722222222222222 0.37383177570093457 0.4388888888888889 0.3707165109034268 0.43333333333333335 0.3707165109034268 0.4222222222222222 0.367601246105919 0.4166666666666667 0.3613707165109034 0.4166666666666667 0.35202492211838005 0.42777777777777776 0.3426791277258567 0.42777777777777776 0.3333333333333333 0.4388888888888889 0.32398753894080995 0.4388888888888889 0.32087227414330216 0.4444444444444444 0.3177570093457944 0.4444444444444444 0.3115264797507788 0.45555555555555555 0.308411214953271 0.45555555555555555 0.3052959501557632 0.46111111111111114 0.3052959501557632 0.49444444444444446 0.30218068535825543 0.5 0.30218068535825543 0.49444444444444446 0.29906542056074764 0.4888888888888889 0.29906542056074764 0.46111111111111114 0.3115264797507788 0.4388888888888889 0.3146417445482866 0.4388888888888889 0.3177570093457944 0.43333333333333335 0.32398753894080995 0.43333333333333335 0.32710280373831774 0.42777777777777776 0.3333333333333333 0.42777777777777776 0.3364485981308411 0.4222222222222222 0.3426791277258567 0.4222222222222222 0.34579439252336447 0.4166666666666667 0.35202492211838005 0.4166666666666667 0.35514018691588783 0.4111111111111111 0.3644859813084112 0.4111111111111111 0.3707165109034268 0.4 0.3707165109034268 0.39444444444444443 0.37383177570093457 0.39444444444444443 0.37694704049844235 0.3888888888888889 0.38317757009345793 0.3888888888888889 0.3862928348909657 0.38333333333333336 0.3925233644859813 0.38333333333333336 0.3956386292834891 0.37777777777777777 0.40186915887850466 0.37777777777777777 0.40498442367601245 0.37222222222222223 0.411214953271028 0.37222222222222223 0.4143302180685358 0.36666666666666664 0.42679127725856697 0.36666666666666664 0.42990654205607476 0.3611111111111111 0.43613707165109034 0.3611111111111111 0.4392523364485981 0.35555555555555557 0.4485981308411215 0.35555555555555557 0.4517133956386293 0.35 0.4672897196261682 0.35 0.470404984423676 0.34444444444444444 0.4766355140186916 0.34444444444444444 0.4797507788161994 0.3388888888888889 0.49221183800623053 0.3388888888888889 0.4953271028037383 0.3333333333333333 0.5109034267912772 0.3333333333333333 0.514018691588785 0.3277777777777778 0.5264797507788161 0.3277777777777778 0.5295950155763239 0.32222222222222224 0.5638629283489096 0.32222222222222224 0.5669781931464174 0.31666666666666665 0.5700934579439252 0.31666666666666665 0.5856697819314641 0.3 0.6012461059190031 0.3
5 0.4454828660436137 0.9555555555555556 0.4485981308411215 0.9611111111111111 0.46105919003115264 0.9611111111111111 0.4766355140186916 0.9777777777777777 0.48286604361370716 0.9777777777777777 0.48598130841121495 0.9833333333333333 0.49221183800623053 0.9833333333333333 0.4953271028037383 0.9888888888888889 0.4953271028037383 0.9944444444444445 0.3956386292834891 0.9944444444444445 0.3987538940809969 0.9777777777777777 0.40498442367601245 0.9666666666666667 0.40809968847352024 0.9666666666666667 0.411214953271028 0.9611111111111111 0.42990654205607476 0.9611111111111111 0.43302180685358255 0.9555555555555556 0.4423676012461059 0.9555555555555556
5 0.6043613707165109 0.3 0.6074766355140186 0.3055555555555556 0.6137071651090342 0.3055555555555556 0.6292834890965732 0.32222222222222224 0.6355140186915887 0.32222222222222224 0.6386292834890965 0.3277777777777778 0.6479750778816199 0.3333333333333333 0.6573208722741433 0.35 0.6573208722741433 0.36666666666666664 0.660436137071651 0.37222222222222223 0.660436137071651 0.38333333333333336 0.6573208722741433 0.3888888888888889 0.6573208722741433 0.39444444444444443 0.6448598130841121 0.4166666666666667 0.6355140186915887 0.4222222222222222 0.6292834890965732 0.43333333333333335 0.6292834890965732 0.4388888888888889 0.6261682242990654 0.4444444444444444 0.6230529595015576 0.4444444444444444 0.616822429906542 0.45555555555555555 0.6137071651090342 0.45555555555555555 0.6105919003115264 0.46111111111111114 0.6074766355140186 0.46111111111111114 0.5919003115264797 0.4777777777777778 0.5856697819314641 0.4777777777777778 0.5825545171339563 0.48333333333333334 0.5825545171339563 0.4888888888888889 0.5794392523364486 0.4888888888888889 0.5763239875389408 0.49444444444444446 0.5763239875389408 0.5 0.5700934579439252 0.5 0.5669781931464174 0.5055555555555555 0.557632398753894 0.5055555555555555 0.5545171339563862 0.5111111111111111 0.5451713395638629 0.5111111111111111 0.5358255451713395 0.5222222222222223 0.5420560747663551 0.5333333333333333 0.5420560747663551 0.5388888888888889 0.5514018691588785 0.5555555555555556 0.5514018691588785 0.5611111111111111 0.5545171339563862 0.5666666666666667 0.5545171339563862 0.5722222222222222 0.557632398753894 0.5777777777777777 0.557632398753894 0.5833333333333334 0.5607476635514018 0.5888888888888889 0.5638629283489096 0.6055555555555555 0.5669781931464174 0.6111111111111112 0.5669781931464174 0.6555555555555556 0.5638629283489096 0.6611111111111111 0.5638629283489096 0.6666666666666666 0.5514018691588785 0.6888888888888889 0.5482866043613707 0.6888888888888889 0.5420560747663551 0.7 0.5327102803738317 0.7 0.5295950155763239 0.7055555555555556 0.4984423676012461 0.7055555555555556 0.4953271028037383 0.7111111111111111 0.48286604361370716 0.7111111111111111 0.4797507788161994 0.7166666666666667 0.4735202492211838 0.7166666666666667 0.470404984423676 0.7222222222222222 0.4672897196261682 0.7222222222222222 0.46105919003115264 0.7333333333333333 0.46105919003115264 0.7388888888888889 0.4423676012461059 0.7722222222222223 0.4423676012461059 0.7777777777777778 0.4392523364485981 0.7833333333333333 0.43613707165109034 0.7833333333333333 0.4236760124610592 0.8055555555555556 0.4236760124610592 0.8111111111111111 0.4143302180685358 0.8277777777777777 0.4143302180685358 0.8333333333333334 0.40809968847352024 0.85 0.40809968847352024 0.8611111111111112 0.4174454828660436 0.8777777777777778 0.4174454828660436 0.8888888888888888 0.4205607476635514 0.8944444444444445 0.4174454828660436 0.9 0.4174454828660436 0.9055555555555556 0.4174454828660436 0.8888888888888888 0.4143302180685358 0.8833333333333333 0.4143302180685358 0.8777777777777778 0.40498442367601245 0.8611111111111112 0.40186915887850466 0.8611111111111112 0.3925233644859813 0.8444444444444444 0.3894080996884735 0.8444444444444444 0.38006230529595014 0.8277777777777777 0.37694704049844235 0.8277777777777777 0.3707165109034268 0.8166666666666667 0.367601246105919 0.8166666666666667 0.35202492211838005 0.7944444444444444 0.34890965732087226 0.7944444444444444 0.34579439252336447 0.7888888888888889 0.3364485981308411 0.7833333333333333 0.3302180685358255 0.7722222222222223 0.32710280373831774 0.7722222222222223 0.32398753894080995 0.7666666666666667 0.32087227414330216 0.7666666666666667 0.3146417445482866 0.7555555555555555 0.3052959501557632 0.75 0.2772585669781931 0.7111111111111111 0.27102803738317754 0.7111111111111111 0.2616822429906542 0.6944444444444444 0.2585669781931464 0.6944444444444444 0.2523364485981308 0.6833333333333333 0.24922118380062305 0.6833333333333333 0.24922118380062305 0.6777777777777778 0.24299065420560748 0.6666666666666666 0.24299065420560748 0.6555555555555556 0.24610591900311526 0.65 0.24610591900311526 0.6444444444444445 0.2616822429906542 0.6166666666666667 0.2616822429906542 0.6111111111111112 0.26479750778816197 0.6055555555555555 0.26479750778816197 0.6 0.26791277258566976 0.5944444444444444 0.27102803738317754 0.5777777777777777 0.2803738317757009 0.5611111111111111 0.2803738317757009 0.5555555555555556 0.2866043613707165 0.5444444444444444 0.2866043613707165 0.5388888888888889 0.29283489096573206 0.5277777777777778 0.29283489096573206 0.5222222222222223 0.30218068535825543 0.5055555555555555 0.30218068535825543 0.49444444444444446 0.29906542056074764 0.4888888888888889 0.29906542056074764 0.46111111111111114 0.3115264797507788 0.4388888888888889 0.3146417445482866 0.4388888888888889 0.3177570093457944 0.43333333333333335 0.32398753894080995 0.43333333333333335 0.32710280373831774 0.42777777777777776 0.3333333333333333 0.42777777777777776 0.3364485981308411 0.4222222222222222 0.34579439252336447 0.4222222222222222 0.35514018691588783 0.4111111111111111 0.3644859813084112 0.4111111111111111 0.37694704049844235 0.3888888888888889 0.3862928348909657 0.3888888888888889 0.3956386292834891 0.37777777777777777 0.40498442367601245 0.37777777777777777 0.40809968847352024 0.37222222222222223 0.4143302180685358 0.37222222222222223 0.4174454828660436 0.36666666666666664 0.42679127725856697 0.36666666666666664 0.42990654205607476 0.3611111111111111 0.43613707165109034 0.3611111111111111 0.4392523364485981 0.35555555555555557 0.4485981308411215 0.35555555555555557 0.4517133956386293 0.35 0.4672897196261682 0.35 0.470404984423676 0.34444444444444444 0.4766355140186916 0.34444444444444444 0.4797507788161994 0.3388888888888889 0.4953271028037383 0.3388888888888889 0.4984423676012461 0.3333333333333333 0.5109034267912772 0.3333333333333333 0.514018691588785 0.3277777777777778 0.5295950155763239 0.3277777777777778 0.5327102803738317 0.32222222222222224 0.5545171339563862 0.32222222222222224 0.557632398753894 0.3277777777777778 0.5607476635514018 0.3277777777777778 0.5669781931464174 0.31666666666666665 0.5700934579439252 0.31666666666666665 0.5856697819314641 0.3 0.6012461059190031 0.3
5 0.32398753894080995 0 0.34579439252336447 0 0.34579439252336447 0.011111111111111112 0.35514018691588783 0.022222222222222223 0.3582554517133956 0.022222222222222223 0.3644859813084112 0.011111111111111112 0.3644859813084112 0.005555555555555556 0.367601246105919 0.005555555555555556 0.3707165109034268 0 0.4797507788161994 0 0.4797507788161994 0.027777777777777776 0.4766355140186916 0.03333333333333333 0.4766355140186916 0.05 0.4735202492211838 0.05555555555555555 0.4735202492211838 0.06666666666666667 0.470404984423676 0.07222222222222222 0.470404984423676 0.08333333333333333 0.46105919003115264 0.1111111111111111 0.46105919003115264 0.12222222222222222 0.4423676012461059 0.15555555555555556 0.4392523364485981 0.15555555555555556 0.43613707165109034 0.16111111111111112 0.4174454828660436 0.16111111111111112 0.4143302180685358 0.15555555555555556 0.40498442367601245 0.15555555555555556 0.40186915887850466 0.15 0.3925233644859813 0.15 0.37694704049844235 0.13333333333333333 0.3707165109034268 0.13333333333333333 0.367601246105919 0.12777777777777777 0.3613707165109034 0.12777777777777777 0.3582554517133956 0.12222222222222222 0.35514018691588783 0.12222222222222222 0.3426791277258567 0.1 0.3426791277258567 0.09444444444444444 0.3395638629283489 0.08888888888888889 0.3395638629283489 0.07777777777777778 0.3333333333333333 0.06666666666666667 0.3364485981308411 0.06111111111111111 0.3333333333333333 0.05555555555555555 0.3302180685358255 0.03888888888888889 0.3333333333333333 0.03888888888888889 0.3364485981308411 0.03333333333333333 0.3333333333333333 0.027777777777777776 0.32710280373831774 0.027777777777777776 0.32710280373831774 0.022222222222222223 0.32398753894080995 0.016666666666666666 0.32398753894080995 0.005555555555555556
5 0.29906542056074764 0.16666666666666666 0.30218068535825543 0.16111111111111112 0.308411214953271 0.16111111111111112 0.3115264797507788 0.15555555555555556 0.32710280373831774 0.15555555555555556 0.3302180685358255 0.16111111111111112 0.3333333333333333 0.16111111111111112 0.3364485981308411 0.16666666666666666 0.34579439252336447 0.17222222222222222 0.34890965732087226 0.17777777777777778 0.35202492211838005 0.17777777777777778 0.3582554517133956 0.18888888888888888 0.3582554517133956 0.19444444444444445 0.3613707165109034 0.2 0.3613707165109034 0.2111111111111111 0.3644859813084112 0.21666666666666667 0.3644859813084112 0.2388888888888889 0.3613707165109034 0.24444444444444444 0.3613707165109034 0.2777777777777778 0.3582554517133956 0.2833333333333333 0.3582554517133956 0.28888888888888886 0.35514018691588783 0.29444444444444445 0.35514018691588783 0.3055555555555556 0.34890965732087226 0.31666666666666665 0.34890965732087226 0.32222222222222224 0.34579439252336447 0.3277777777777778 0.34579439252336447 0.32222222222222224 0.34890965732087226 0.31666666666666665 0.34890965732087226 0.3111111111111111 0.3582554517133956 0.2833333333333333 0.3582554517133956 0.2611111111111111 0.3613707165109034 0.25555555555555554 0.3613707165109034 0.2111111111111111 0.3582554517133956 0.20555555555555555 0.3582554517133956 0.2 0.3426791277258567 0.17222222222222222 0.3395638629283489 0.17222222222222222 0.3364485981308411 0.16666666666666666 0.3302180685358255 0.16666666666666666 0.32710280373831774 0.16111111111111112 0.308411214953271 0.16111111111111112 0.3052959501557632 0.16666666666666666 0.30218068535825543 0.16666666666666666 0.29595015576323985 0.17777777777777778 0.29595015576323985 0.18888888888888888 0.29906542056074764 0.19444444444444445 0.29906542056074764 0.2 0.3052959501557632 0.2111111111111111 0.308411214953271 0.22777777777777777 0.3146417445482866 0.2388888888888889 0.3146417445482866 0.24444444444444444 0.3177570093457944 0.25 0.3177570093457944 0.2611111111111111 0.32398753894080995 0.2777777777777778 0.32398753894080995 0.29444444444444445 0.32710280373831774 0.3 0.32710280373831774 0.3111111111111111 0.3302180685358255 0.31666666666666665 0.3302180685358255 0.32222222222222224 0.3364485981308411 0.3333333333333333 0.3395638629283489 0.3333333333333333 0.3302180685358255 0.35 0.32710280373831774 0.35 0.32087227414330216 0.3611111111111111 0.3177570093457944 0.3611111111111111 0.308411214953271 0.37777777777777777 0.3052959501557632 0.37777777777777777 0.29283489096573206 0.4 0.2897196261682243 0.4 0.2866043613707165 0.40555555555555556 0.2803738317757009 0.40555555555555556 0.2772585669781931 0.4111111111111111 0.26791277258566976 0.4111111111111111 0.26479750778816197 0.4166666666666667 0.2523364485981308 0.4166666666666667 0.24922118380062305 0.4222222222222222 0.2367601246105919 0.4222222222222222 0.2336448598130841 0.42777777777777776 0.19314641744548286 0.42777777777777776 0.19003115264797507 0.4222222222222222 0.17757009345794392 0.4222222222222222 0.17445482866043613 0.4166666666666667 0.16822429906542055 0.4166666666666667 0.16510903426791276 0.4111111111111111 0.1588785046728972 0.4111111111111111 0.1526479750778816 0.4 0.1526479750778816 0.39444444444444443 0.14018691588785046 0.37222222222222223 0.14018691588785046 0.34444444444444444 0.13707165109034267 0.3388888888888889 0.13707165109034267 0.3333333333333333 0.13395638629283488 0.3277777777777778 0.13395638629283488 0.32222222222222224 0.12461059190031153 0.29444444444444445 0.12461059190031153 0.2722222222222222 0.1277258566978193 0.26666666666666666 0.1308411214953271 0.26666666666666666 0.13395638629283488 0.2611111111111111 0.13707165109034267 0.2611111111111111 0.14018691588785046 0.25555555555555554 0.14330218068535824 0.25555555555555554 0.1588785046728972 0.2388888888888889 0.16510903426791276 0.2388888888888889 0.16822429906542055 0.23333333333333334 0.17133956386292834 0.23333333333333334 0.18691588785046728 0.21666666666666667 0.19626168224299065 0.21666666666666667 0.19937694704049844 0.2111111111111111 0.2087227414330218 0.2111111111111111 0.2118380062305296 0.20555555555555555 0.22118380062305296 0.20555555555555555 0.22429906542056074 0.2 0.23052959501557632 0.2 0.2336448598130841 0.19444444444444445 0.2398753894080997 0.19444444444444445 0.24299065420560748 0.18888888888888888 0.2523364485981308 0.18888888888888888 0.2554517133956386 0.18333333333333332 0.2616822429906542 0.18333333333333332 0.26479750778816197 0.17777777777777778 0.27102803738317754 0.17777777777777778 0.27414330218068533 0.17222222222222222 0.2803738317757009 0.17222222222222222 0.2834890965732087 0.16666666666666666 0.29283489096573206 0.16666666666666666 0.29595015576323985 0.17222222222222222