19 0.909433962264151 0.042105263157894736 0.9132075471698113 0.04736842105263158 0.9283018867924528 0.04736842105263158 0.9320754716981132 0.05263157894736842 0.9471698113207547 0.05263157894736842 0.9509433962264151 0.05789473684210526 0.969811320754717 0.05789473684210526 0.9735849056603774 0.06315789473684211 0.9886792452830189 0.06315789473684211 0.9962264150943396 0.07368421052631578 0.9962264150943396 0.1 0.9924528301886792 0.10526315789473684 0.9962264150943396 0.11052631578947368 0.9962264150943396 0.22105263157894736 0.9924528301886792 0.22631578947368422 0.9924528301886792 0.24210526315789474 0.9962264150943396 0.24736842105263157 0.9886792452830189 0.2578947368421053 0.9735849056603774 0.2578947368421053 0.969811320754717 0.2631578947368421 0.9207547169811321 0.2631578947368421 0.9169811320754717 0.2578947368421053 0.9056603773584906 0.2578947368421053 0.9018867924528302 0.25263157894736843 0.8943396226415095 0.25263157894736843 0.8905660377358491 0.24736842105263157 0.8830188679245283 0.24736842105263157 0.879245283018868 0.24210526315789474 0.8754716981132076 0.24210526315789474 0.8754716981132076 0.23157894736842105 0.8716981132075472 0.22631578947368422 0.8716981132075472 0.19473684210526315 0.8754716981132076 0.18947368421052632 0.8754716981132076 0.15789473684210525 0.879245283018868 0.15263157894736842 0.879245283018868 0.07368421052631578 0.8830188679245283 0.06842105263157895 0.8830188679245283 0.05789473684210526 0.8867924528301887 0.05263157894736842 0.8867924528301887 0.04736842105263158 0.8905660377358491 0.04736842105263158 0.8943396226415095 0.042105263157894736 0.9056603773584906 0.042105263157894736
19 0.6490566037735849 0.1631578947368421 0.6566037735849056 0.1631578947368421 0.660377358490566 0.16842105263157894 0.6641509433962264 0.16842105263157894 0.6943396226415094 0.21052631578947367 0.6943396226415094 0.21578947368421053 0.6981132075471698 0.22105263157894736 0.7018867924528301 0.22105263157894736 0.7018867924528301 0.22631578947368422 0.7169811320754716 0.25263157894736843 0.7169811320754716 0.26842105263157895 0.720754716981132 0.2736842105263158 0.720754716981132 0.2894736842105263 0.7245283018867924 0.29473684210526313 0.7245283018867924 0.3157894736842105 0.720754716981132 0.3157894736842105 0.7169811320754716 0.32105263157894737 0.6867924528301886 0.32105263157894737 0.6830188679245283 0.3157894736842105 0.660377358490566 0.3157894736842105 0.6566037735849056 0.3105263157894737 0.6528301886792452 0.3105263157894737 0.6452830188679245 0.3 0.6415094339622641 0.3 0.6339622641509434 0.2894736842105263 0.6226415094339622 0.28421052631578947 0.6226415094339622 0.2578947368421053 0.6264150943396226 0.25263157894736843 0.6264150943396226 0.21578947368421053 0.630188679245283 0.21052631578947367 0.630188679245283 0.20526315789473684 0.6339622641509434 0.2 0.6377358490566037 0.18421052631578946 0.6490566037735849 0.16842105263157894
19 0.45660377358490567 0.43157894736842106 0.47924528301886793 0.43157894736842106 0.49056603773584906 0.4421052631578947 0.5018867924528302 0.4421052631578947 0.5056603773584906 0.4473684210526316 0.5245283018867924 0.4473684210526316 0.5283018867924528 0.45263157894736844 0.5358490566037736 0.45263157894736844 0.539622641509434 0.45789473684210524 0.5547169811320755 0.45789473684210524 0.5584905660377358 0.4631578947368421 0.569811320754717 0.4631578947368421 0.569811320754717 0.46842105263157896 0.5660377358490566 0.46842105263157896 0.5622641509433962 0.47368421052631576 0.5622641509433962 0.4789473684210526 0.5584905660377358 0.4789473684210526 0.5358490566037736 0.5105263157894737 0.5320754716981132 0.5105263157894737 0.5283018867924528 0.5157894736842106 0.5169811320754717 0.5157894736842106 0.5132075471698113 0.5105263157894737 0.5018867924528302 0.5105263157894737 0.4981132075471698 0.5052631578947369 0.4867924528301887 0.5052631578947369 0.4830188679245283 0.5 0.47547169811320755 0.5 0.4679245283018868 0.48947368421052634 0.4641509433962264 0.48947368421052634 0.4490566037735849 0.46842105263157896 0.4490566037735849 0.45789473684210524 0.4528301886792453 0.45263157894736844 0.4528301886792453 0.4421052631578947 0.45660377358490567 0.4368421052631579
19 0.8566037735849057 0.7526315789473684 0.8603773584905661 0.7578947368421053 0.8641509433962264 0.7578947368421053 0.8754716981132076 0.7736842105263158 0.879245283018868 0.7736842105263158 0.8867924528301887 0.7842105263157895 0.8905660377358491 0.7842105263157895 0.8943396226415095 0.7894736842105263 0.8981132075471698 0.7894736842105263 0.9056603773584906 0.8 0.909433962264151 0.8 0.9207547169811321 0.8157894736842105 0.9245283018867925 0.8157894736842105 0.9283018867924528 0.8210526315789474 0.939622641509434 0.8263157894736842 0.9584905660377359 0.8473684210526315 0.969811320754717 0.8526315789473684 0.9849056603773585 0.8736842105263158 0.9849056603773585 0.8842105263157894 0.9886792452830189 0.8894736842105263 0.9886792452830189 0.9105263157894737 0.9849056603773585 0.9157894736842105 0.9773584905660377 0.9157894736842105 0.9735849056603774 0.9210526315789473 0.8981132075471698 0.9210526315789473 0.8943396226415095 0.9157894736842105 0.8905660377358491 0.9157894736842105 0.8830188679245283 0.9052631578947369 0.879245283018868 0.9052631578947369 0.8679245283018868 0.8894736842105263 0.8641509433962264 0.8894736842105263 0.8528301886792453 0.8789473684210526 0.8452830188679246 0.8789473684210526 0.8377358490566038 0.868421052631579 0.8339622641509434 0.868421052631579 0.8264150943396227 0.8578947368421053 0.8226415094339623 0.8578947368421053 0.8150943396226416 0.8421052631578947 0.8150943396226416 0.8368421052631579 0.8188679245283019 0.8315789473684211 0.8188679245283019 0.8210526315789474 0.8226415094339623 0.8157894736842105 0.8226415094339623 0.8052631578947368 0.8301886792452831 0.7947368421052632 0.8301886792452831 0.7894736842105263 0.8339622641509434 0.7842105263157895 0.8339622641509434 0.7789473684210526 0.8415094339622642 0.7684210526315789 0.8415094339622642 0.7631578947368421 0.8490566037735849 0.7526315789473684 0.8528301886792453 0.7526315789473684
19 0.30943396226415093 0.031578947368421054 0.3132075471698113 0.03684210526315789 0.3169811320754717 0.03684210526315789 0.32075471698113206 0.031578947368421054 0.3283018867924528 0.031578947368421054 0.3320754716981132 0.02631578947368421 0.3584905660377358 0.02631578947368421 0.3622641509433962 0.031578947368421054 0.3660377358490566 0.031578947368421054 0.37358490566037733 0.04736842105263158 0.37358490566037733 0.09473684210526316 0.36981132075471695 0.1 0.36981132075471695 0.11052631578947368 0.3660377358490566 0.11578947368421053 0.3660377358490566 0.19473684210526315 0.3584905660377358 0.20526315789473684 0.35471698113207545 0.22105263157894736 0.35094339622641507 0.22105263157894736 0.3471698113207547 0.22631578947368422 0.3018867924528302 0.22631578947368422 0.2981132075471698 0.23157894736842105 0.18490566037735848 0.23157894736842105 0.1811320754716981 0.22631578947368422 0.17735849056603772 0.22631578947368422 0.17735849056603772 0.14736842105263157 0.17358490566037735 0.14210526315789473 0.17358490566037735 0.11578947368421053 0.17735849056603772 0.11052631578947368 0.17735849056603772 0.08421052631578947 0.18490566037735848 0.07368421052631578 0.18490566037735848 0.06315789473684211 0.19622641509433963 0.04736842105263158 0.24150943396226415 0.04736842105263158 0.24528301886792453 0.042105263157894736 0.2641509433962264 0.042105263157894736 0.2679245283018868 0.03684210526315789 0.2830188679245283 0.03684210526315789 0.28679245283018867 0.031578947368421054 0.30566037735849055 0.031578947368421054
19 0.21132075471698114 0.42105263157894735 0.24150943396226415 0.42105263157894735 0.24528301886792453 0.4263157894736842 0.2528301886792453 0.4263157894736842 0.25660377358490566 0.43157894736842106 0.2641509433962264 0.43157894736842106 0.2679245283018868 0.4368421052631579 0.2830188679245283 0.4368421052631579 0.28679245283018867 0.4421052631578947 0.2943396226415094 0.4421052631578947 0.2981132075471698 0.4473684210526316 0.30943396226415093 0.4473684210526316 0.3132075471698113 0.45263157894736844 0.3169811320754717 0.45263157894736844 0.3283018867924528 0.4631578947368421 0.33584905660377357 0.4631578947368421 0.33962264150943394 0.46842105263157896 0.35094339622641507 0.46842105263157896 0.35471698113207545 0.47368421052631576 0.3622641509433962 0.47368421052631576 0.37358490566037733 0.4842105263157895 0.38113207547169814 0.4842105263157895 0.39245283018867927 0.49473684210526314 0.4037735849056604 0.49473684210526314 0.41509433962264153 0.5052631578947369 0.42641509433962266 0.5052631578947369 0.43018867924528303 0.5105263157894737 0.4377358490566038 0.5105263157894737 0.44150943396226416 0.5157894736842106 0.44528301886792454 0.5157894736842106 0.4528301886792453 0.5263157894736842 0.4528301886792453 0.531578947368421 0.4490566037735849 0.5368421052631579 0.4490566037735849 0.5473684210526316 0.44528301886792454 0.5526315789473685 0.44528301886792454 0.5842105263157895 0.44150943396226416 0.5894736842105263 0.44150943396226416 0.5947368421052631 0.4339622641509434 0.6105263157894737 0.4339622641509434 0.6210526315789474 0.43018867924528303 0.6263157894736842 0.42641509433962266 0.6421052631578947 0.4188679245283019 0.6526315789473685 0.4075471698113208 0.6526315789473685 0.4037735849056604 0.6473684210526316 0.4 0.6473684210526316 0.38113207547169814 0.6210526315789474 0.3622641509433962 0.6210526315789474 0.3584905660377358 0.6157894736842106 0.33584905660377357 0.6157894736842106 0.3320754716981132 0.6105263157894737 0.28679245283018867 0.6105263157894737 0.2830188679245283 0.6052631578947368 0.2792452830188679 0.6052631578947368 0.27169811320754716 0.5894736842105263 0.26037735849056604 0.5842105263157895 0.2528301886792453 0.5736842105263158 0.24150943396226415 0.5736842105263158 0.23773584905660378 0.5684210526315789 0.22641509433962265 0.5684210526315789 0.22264150943396227 0.5631578947368421 0.21509433962264152 0.5631578947368421 0.21132075471698114 0.5578947368421052 0.2037735849056604 0.5578947368421052 0.19245283018867926 0.5473684210526316 0.19245283018867926 0.5421052631578948 0.18867924528301888 0.5368421052631579 0.18867924528301888 0.5263157894736842 0.19245283018867926 0.5210526315789473 0.19245283018867926 0.5052631578947369 0.19622641509433963 0.5 0.19622641509433963 0.48947368421052634 0.2 0.4842105263157895 0.2 0.46842105263157896 0.2037735849056604 0.4631578947368421 0.2037735849056604 0.4473684210526316 0.20754716981132076 0.4421052631578947 0.20754716981132076 0.43157894736842106 0.21132075471698114 0.4263157894736842
19 0.9433962264150944 0.8157894736842105 0.939622641509434 0.8105263157894737 0.9245283018867925 0.8105263157894737 0.9169811320754717 0.8 0.9132075471698113 0.8 0.9056603773584906 0.7894736842105263 0.9018867924528302 0.7894736842105263 0.8943396226415095 0.7789473684210526 0.8905660377358491 0.7789473684210526 0.8830188679245283 0.7684210526315789 0.879245283018868 0.7684210526315789 0.8679245283018868 0.7526315789473684 0.8641509433962264 0.7526315789473684 0.8603773584905661 0.7473684210526316 0.8603773584905661 0.7315789473684211 0.8566037735849057 0.7263157894736842 0.8566037735849057 0.7 0.8641509433962264 0.6894736842105263 0.8641509433962264 0.6842105263157895 0.8716981132075472 0.6684210526315789 0.8716981132075472 0.6578947368421053 0.8754716981132076 0.6526315789473685 0.8754716981132076 0.6473684210526316 0.8830188679245283 0.6368421052631579 0.8830188679245283 0.631578947368421 0.8867924528301887 0.6263157894736842 0.8867924528301887 0.6210526315789474 0.8905660377358491 0.6157894736842106 0.8943396226415095 0.6 0.8981132075471698 0.5947368421052631 0.939622641509434 0.5947368421052631 0.9433962264150944 0.5894736842105263 0.9547169811320755 0.5894736842105263 0.9622641509433962 0.6 0.9622641509433962 0.6052631578947368 0.9584905660377359 0.6105263157894737 0.9584905660377359 0.6157894736842106 0.9509433962264151 0.6263157894736842 0.9509433962264151 0.6368421052631579 0.9471698113207547 0.6421052631578947 0.9471698113207547 0.6789473684210526 0.9433962264150944 0.6842105263157895 0.9433962264150944 0.7210526315789474 0.9471698113207547 0.7263157894736842 0.9471698113207547 0.7578947368421053 0.9509433962264151 0.7631578947368421 0.9509433962264151 0.8052631578947368 0.9471698113207547 0.8105263157894737
19 0.6452830188679245 0.7263157894736842 0.1811320754716981 0.23157894736842105
19 0.1811320754716981 0.7157894736842105 0.24150943396226415 0.7157894736842105 0.24528301886792453 0.7210526315789474 0.2830188679245283 0.7210526315789474 0.28679245283018867 0.7263157894736842 0.3169811320754717 0.7263157894736842 0.32075471698113206 0.7210526315789474 0.32452830188679244 0.7263157894736842 0.33962264150943394 0.7263157894736842 0.3433962264150943 0.7315789473684211 0.36981132075471695 0.7315789473684211 0.37358490566037733 0.7368421052631579 0.38113207547169814 0.7368421052631579 0.38113207547169814 0.7421052631578947 0.37735849056603776 0.7473684210526316 0.37735849056603776 0.7578947368421053 0.37358490566037733 0.7631578947368421 0.37358490566037733 0.7789473684210526 0.37735849056603776 0.7842105263157895 0.37735849056603776 0.7947368421052632 0.38113207547169814 0.8 0.37735849056603776 0.8052631578947368 0.38113207547169814 0.8105263157894737 0.38113207547169814 0.8157894736842105 0.37358490566037733 0.8315789473684211 0.3622641509433962 0.8315789473684211 0.3584905660377358 0.8368421052631579 0.3433962264150943 0.8368421052631579 0.33962264150943394 0.8315789473684211 0.32452830188679244 0.8315789473684211 0.32075471698113206 0.8368421052631579 0.30566037735849055 0.8368421052631579 0.3018867924528302 0.8315789473684211 0.25660377358490566 0.8315789473684211 0.24528301886792453 0.8421052631578947 0.20754716981132076 0.8421052631578947 0.2037735849056604 0.8473684210526315 0.19622641509433963 0.8473684210526315 0.19245283018867926 0.8421052631578947 0.18490566037735848 0.8421052631578947 0.17735849056603772 0.8315789473684211 0.17735849056603772 0.8263157894736842 0.17358490566037735 0.8210526315789474 0.17358490566037735 0.8 0.16981132075471697 0.7947368421052632 0.16981132075471697 0.7736842105263158 0.17358490566037735 0.7684210526315789 0.17358490566037735 0.7578947368421053 0.17735849056603772 0.7526315789473684 0.17735849056603772 0.7263157894736842 0.1811320754716981 0.7210526315789474
19 0.19622641509433963 0 0.19245283018867926 0.015789473684210527 0.18867924528301888 0.021052631578947368 0.18867924528301888 0.031578947368421054 0.18490566037735848 0.03684210526315789 0.18490566037735848 0.04736842105263158 0.17735849056603772 0.05789473684210526 0.17358490566037735 0.07368421052631578 0.1660377358490566 0.08421052631578947 0.1660377358490566 0.11052631578947368 0.16226415094339622 0.11578947368421053 0.16226415094339622 0.12631578947368421 0.15471698113207547 0.1368421052631579 0.1509433962264151 0.15263157894736842 0.13962264150943396 0.16842105263157894 0.13962264150943396 0.17894736842105263 0.10566037735849057 0.22631578947368422 0.09811320754716982 0.22631578947368422 0.09433962264150944 0.22105263157894736 0.08679245283018867 0.22105263157894736 0.0830188679245283 0.21578947368421053 0.07547169811320754 0.21578947368421053 0.07169811320754717 0.21052631578947367 0.06415094339622641 0.21052631578947367 0.06037735849056604 0.20526315789473684 0.052830188679245285 0.20526315789473684 0.04150943396226415 0.19473684210526315 0.022641509433962263 0.19473684210526315 0.01509433962264151 0.18421052631578946 0.011320754716981131 0.18421052631578946 0 0.16842105263157894 0 0.14210526315789473 0.0037735849056603774 0.1368421052631579 0.0037735849056603774 0.13157894736842105 0 0.12631578947368421 0 0.02631578947368421 0.0037735849056603774 0.021052631578947368 0.011320754716981131 0.021052631578947368 0.01509433962264151 0.015789473684210527 0.018867924528301886 0.015789473684210527 0.022641509433962263 0.010526315789473684 0.022641509433962263 0.005263157894736842 0.03018867924528302 0.005263157894736842 0.033962264150943396 0.010526315789473684 0.03773584905660377 0.005263157894736842 0.04150943396226415 0.005263157894736842 0.04150943396226415 0.010526315789473684 0.04905660377358491 0.021052631578947368 0.05660377358490566 0.010526315789473684 0.06415094339622641 0.021052631578947368 0.06792452830188679 0.021052631578947368 0.07924528301886792 0.005263157894736842 0.1018867924528302 0.005263157894736842 0.10566037735849057 0 0.1471698113207547 0 0.1509433962264151 0.005263157894736842 0.15471698113207547 0.005263157894736842 0.15849056603773584 0 0.19245283018867926 0
19 0.8452830188679246 0.30526315789473685 0.8641509433962264 0.3263157894736842 0.8754716981132076 0.33157894736842103 0.8830188679245283 0.34210526315789475 0.8867924528301887 0.34210526315789475 0.8943396226415095 0.3526315789473684 0.8981132075471698 0.3526315789473684 0.909433962264151 0.3684210526315789 0.9132075471698113 0.3684210526315789 0.9169811320754717 0.3736842105263158 0.9207547169811321 0.3736842105263158 0.9283018867924528 0.38421052631578945 0.9320754716981132 0.38421052631578945 0.9358490566037736 0.3894736842105263 0.939622641509434 0.4052631578947368 0.9471698113207547 0.41578947368421054 0.9471698113207547 0.43157894736842106 0.939622641509434 0.4473684210526316 0.939622641509434 0.45789473684210524 0.9358490566037736 0.4631578947368421 0.9358490566037736 0.46842105263157896 0.9283018867924528 0.4842105263157895 0.9283018867924528 0.49473684210526314 0.9245283018867925 0.5 0.9207547169811321 0.5157894736842106 0.9056603773584906 0.5421052631578948 0.9056603773584906 0.5631578947368421 0.9018867924528302 0.5684210526315789 0.9018867924528302 0.5736842105263158 0.8943396226415095 0.5842105263157895 0.8943396226415095 0.5894736842105263 0.8905660377358491 0.5947368421052631 0.8905660377358491 0.6 0.8867924528301887 0.6052631578947368 0.8830188679245283 0.6210526315789474 0.8754716981132076 0.631578947368421 0.8716981132075472 0.6473684210526316 0.8641509433962264 0.6578947368421053 0.8641509433962264 0.6631578947368421 0.8603773584905661 0.6684210526315789 0.8603773584905661 0.6789473684210526 0.8566037735849057 0.6789473684210526 0.8528301886792453 0.6842105263157895 0.8528301886792453 0.6947368421052632 0.8415094339622642 0.7105263157894737 0.8339622641509434 0.7105263157894737 0.8226415094339623 0.7210526315789474 0.8075471698113208 0.7210526315789474 0.8037735849056604 0.7157894736842105 0.7924528301886793 0.7157894736842105 0.7886792452830189 0.7105263157894737 0.7811320754716982 0.7105263157894737 0.769811320754717 0.7 0.7584905660377359 0.7 0.7509433962264151 0.6894736842105263 0.7471698113207547 0.6894736842105263 0.7283018867924528 0.6684210526315789 0.720754716981132 0.6684210526315789 0.7169811320754716 0.6631578947368421 0.7132075471698113 0.6631578947368421 0.6981132075471698 0.6421052631578947 0.6981132075471698 0.6368421052631579 0.6943396226415094 0.631578947368421 0.6943396226415094 0.6052631578947368 0.6981132075471698 0.6 0.6981132075471698 0.5894736842105263 0.7018867924528301 0.5842105263157895 0.7018867924528301 0.5789473684210527 0.7094339622641509 0.5684210526315789 0.7094339622641509 0.5631578947368421 0.7169811320754716 0.5526315789473685 0.7169811320754716 0.5473684210526316 0.7283018867924528 0.531578947368421 0.7320754716981132 0.5157894736842106 0.7396226415094339 0.5052631578947369 0.7396226415094339 0.5 0.7433962264150943 0.49473684210526314 0.7433962264150943 0.48947368421052634 0.7471698113207547 0.4842105263157895 0.7471698113207547 0.4789473684210526 0.7547169811320755 0.4631578947368421 0.7547169811320755 0.45263157894736844 0.7735849056603774 0.4263157894736842 0.7735849056603774 0.42105263157894735 0.7811320754716982 0.4052631578947368 0.7811320754716982 0.39473684210526316 0.7849056603773585 0.3894736842105263 0.7886792452830189 0.3736842105263158 0.7962264150943397 0.3631578947368421 0.7962264150943397 0.35789473684210527 0.8 0.3526315789473684 0.8 0.3473684210526316 0.8037735849056604 0.34210526315789475 0.8037735849056604 0.3368421052631579 0.8075471698113208 0.33157894736842103 0.8113207547169812 0.3157894736842105 0.8226415094339623 0.30526315789473685 0.8415094339622642 0.30526315789473685
19 0.28679245283018867 0.6157894736842106 0.29056603773584905 0.6210526315789474 0.32452830188679244 0.6210526315789474 0.3283018867924528 0.6263157894736842 0.3660377358490566 0.6263157894736842 0.36981132075471695 0.631578947368421 0.37735849056603776 0.631578947368421 0.3849056603773585 0.6421052631578947 0.3849056603773585 0.6473684210526316 0.3886792452830189 0.6526315789473685 0.3886792452830189 0.6578947368421053 0.3849056603773585 0.6631578947368421 0.3886792452830189 0.6684210526315789 0.3849056603773585 0.6736842105263158 0.3849056603773585 0.7210526315789474 0.37358490566037733 0.7315789473684211 0.3584905660377358 0.7315789473684211 0.35471698113207545 0.7263157894736842 0.3433962264150943 0.7263157894736842 0.33962264150943394 0.7210526315789474 0.3283018867924528 0.7210526315789474 0.32452830188679244 0.7263157894736842 0.32075471698113206 0.7210526315789474 0.24528301886792453 0.7210526315789474 0.24150943396226415 0.7157894736842105 0.20754716981132076 0.7157894736842105 0.2037735849056604 0.7105263157894737 0.17735849056603772 0.7105263157894737 0.17735849056603772 0.7052631578947368 0.17358490566037735 0.7 0.17358490566037735 0.6631578947368421 0.16981132075471697 0.6578947368421053 0.16981132075471697 0.631578947368421 0.17358490566037735 0.6263157894736842 0.17358490566037735 0.6210526315789474 0.17735849056603772 0.6210526315789474 0.1811320754716981 0.6157894736842106 0.2830188679245283 0.6157894736842106
19 0.6 0.4631578947368421 0.6037735849056604 0.46842105263157896 0.6075471698113207 0.46842105263157896 0.6188679245283019 0.4842105263157895 0.6188679245283019 0.48947368421052634 0.6264150943396226 0.5 0.6264150943396226 0.5052631578947369 0.6377358490566037 0.5210526315789473 0.6377358490566037 0.5263157894736842 0.6528301886792452 0.5526315789473685 0.6566037735849056 0.5684210526315789 0.6641509433962264 0.5789473684210527 0.6641509433962264 0.5842105263157895 0.6679245283018868 0.5894736842105263 0.6679245283018868 0.6 0.660377358490566 0.6105263157894737 0.6566037735849056 0.6105263157894737 0.6490566037735849 0.6210526315789474 0.6452830188679245 0.6210526315789474 0.6339622641509434 0.6368421052631579 0.630188679245283 0.6368421052631579 0.6226415094339622 0.6473684210526316 0.6226415094339622 0.6526315789473685 0.6188679245283019 0.6526315789473685 0.6075471698113207 0.6684210526315789 0.6037735849056604 0.6684210526315789 0.6 0.6736842105263158 0.5886792452830188 0.6736842105263158 0.5622641509433962 0.6368421052631579 0.5622641509433962 0.631578947368421 0.5584905660377358 0.6263157894736842 0.5584905660377358 0.6210526315789474 0.5547169811320755 0.6157894736842106 0.5509433962264151 0.6 0.5433962264150943 0.5894736842105263 0.539622641509434 0.5736842105263158 0.5283018867924528 0.5578947368421052 0.5283018867924528 0.5526315789473685 0.5245283018867924 0.5473684210526316 0.5245283018867924 0.531578947368421 0.5471698113207547 0.5 0.5509433962264151 0.5 0.5622641509433962 0.4842105263157895 0.5660377358490566 0.4842105263157895 0.5735849056603773 0.47368421052631576 0.5773584905660377 0.47368421052631576 0.5811320754716981 0.46842105263157896 0.5962264150943396 0.46842105263157896
19 0.09811320754716982 0.28421052631578947 0.1018867924528302 0.2894736842105263 0.1169811320754717 0.2894736842105263 0.12452830188679245 0.3 0.12452830188679245 0.34210526315789475 0.12075471698113208 0.3473684210526316 0.12075471698113208 0.3736842105263158 0.1169811320754717 0.37894736842105264 0.1169811320754717 0.3894736842105263 0.11320754716981132 0.39473684210526316 0.11320754716981132 0.4105263157894737 0.10566037735849057 0.4263157894736842 0.10566037735849057 0.4368421052631579 0.09811320754716982 0.4473684210526316 0.09811320754716982 0.45789473684210524 0.09433962264150944 0.4631578947368421 0.09433962264150944 0.47368421052631576 0.09056603773584905 0.4789473684210526 0.09056603773584905 0.49473684210526314 0.08679245283018867 0.5 0.08679245283018867 0.5105263157894737 0.0830188679245283 0.5157894736842106 0.06792452830188679 0.5157894736842106 0.06415094339622641 0.5105263157894737 0.05660377358490566 0.5105263157894737 0.052830188679245285 0.5052631578947369 0.045283018867924525 0.5052631578947369 0.045283018867924525 0.5 0.04150943396226415 0.49473684210526314 0.04150943396226415 0.4842105263157895 0.03773584905660377 0.4789473684210526 0.033962264150943396 0.4631578947368421 0.03018867924528302 0.45789473684210524 0.026415094339622643 0.45789473684210524 0.01509433962264151 0.4421052631578947 0.007547169811320755 0.4421052631578947 0.0037735849056603774 0.4368421052631579 0 0.4368421052631579 0 0.29473684210526313 0.01509433962264151 0.29473684210526313 0.018867924528301886 0.3 0.03773584905660377 0.3 0.04150943396226415 0.30526315789473685 0.045283018867924525 0.3 0.052830188679245285 0.3 0.06037735849056604 0.2894736842105263 0.07169811320754717 0.2894736842105263 0.07547169811320754 0.28421052631578947 0.09433962264150944 0.28421052631578947
19 0.6679245283018868 0.010526315789473684 0.6792452830188679 0.021052631578947368 0.690566037735849 0.021052631578947368 0.6943396226415094 0.02631578947368421 0.7056603773584905 0.02631578947368421 0.7094339622641509 0.021052631578947368 0.7094339622641509 0.015789473684210527 0.7132075471698113 0.021052631578947368 0.7169811320754716 0.015789473684210527 0.720754716981132 0.015789473684210527 0.7283018867924528 0.005263157894736842 0.7433962264150943 0.005263157894736842 0.7471698113207547 0 0.7811320754716982 0 0.8075471698113208 0.03684210526315789 0.8113207547169812 0.03684210526315789 0.8415094339622642 0.07894736842105263 0.8415094339622642 0.08421052631578947 0.8490566037735849 0.1 0.8490566037735849 0.11578947368421053 0.8528301886792453 0.12105263157894737 0.8528301886792453 0.1368421052631579 0.8566037735849057 0.14210526315789473 0.8566037735849057 0.15263157894736842 0.8603773584905661 0.15789473684210525 0.8603773584905661 0.1631578947368421 0.8641509433962264 0.16842105263157894 0.8641509433962264 0.24210526315789474 0.8452830188679246 0.26842105263157895 0.8415094339622642 0.26842105263157895 0.8339622641509434 0.2789473684210526 0.8301886792452831 0.2789473684210526 0.8226415094339623 0.2894736842105263 0.8188679245283019 0.2894736842105263 0.7886792452830189 0.33157894736842103 0.7849056603773585 0.33157894736842103 0.7735849056603774 0.3473684210526316 0.769811320754717 0.3473684210526316 0.7660377358490567 0.3526315789473684 0.7547169811320755 0.34210526315789475 0.7547169811320755 0.3368421052631579 0.7433962264150943 0.32105263157894737 0.7433962264150943 0.3157894736842105 0.7283018867924528 0.29473684210526313 0.7283018867924528 0.28421052631578947 0.7245283018867924 0.2789473684210526 0.7245283018867924 0.26842105263157895 0.720754716981132 0.2631578947368421 0.720754716981132 0.24736842105263157 0.7132075471698113 0.23684210526315788 0.7132075471698113 0.23157894736842105 0.6716981132075471 0.1736842105263158 0.6716981132075471 0.16842105263157894 0.6566037735849056 0.14736842105263157 0.6528301886792452 0.14736842105263157 0.6075471698113207 0.08421052631578947 0.6075471698113207 0.07894736842105263 0.6037735849056604 0.07368421052631578 0.6037735849056604 0.04736842105263158 0.6188679245283019 0.021052631578947368 0.6226415094339622 0.021052631578947368 0.6264150943396226 0.015789473684210527 0.630188679245283 0.015789473684210527 0.6415094339622641 0.005263157894736842 0.660377358490566 0.005263157894736842 0.6641509433962264 0.010526315789473684
19 0.6150943396226415 0.8421052631578947 0.6452830188679245 0.8421052631578947 0.6490566037735849 0.8473684210526315 0.6754716981132075 0.8473684210526315 0.6792452830188679 0.8526315789473684 0.7094339622641509 0.8526315789473684 0.7132075471698113 0.8578947368421053 0.8113207547169812 0.8578947368421053 0.8150943396226416 0.8631578947368421 0.8264150943396227 0.868421052631579 0.8339622641509434 0.8789473684210526 0.8377358490566038 0.8789473684210526 0.8415094339622642 0.8842105263157894 0.8452830188679246 0.8842105263157894 0.8490566037735849 0.8894736842105263 0.8603773584905661 0.8947368421052632 0.879245283018868 0.9157894736842105 0.8754716981132076 0.9210526315789473 0.8716981132075472 0.9157894736842105 0.8679245283018868 0.9210526315789473 0.8490566037735849 0.9210526315789473 0.8452830188679246 0.9157894736842105 0.8415094339622642 0.9210526315789473 0.6150943396226415 0.9210526315789473 0.6113207547169811 0.9157894736842105 0.6075471698113207 0.9157894736842105 0.6037735849056604 0.9210526315789473 0.5924528301886792 0.9210526315789473 0.5886792452830188 0.9157894736842105 0.5924528301886792 0.9105263157894737 0.5924528301886792 0.9052631578947369 0.6037735849056604 0.8894736842105263 0.6037735849056604 0.8842105263157894 0.6113207547169811 0.868421052631579 0.6113207547169811 0.8526315789473684 0.6150943396226415 0.8473684210526315
19 0.44528301886792454 0.2736842105263158 0.45660377358490567 0.28421052631578947 0.4830188679245283 0.28421052631578947 0.4867924528301887 0.2894736842105263 0.4981132075471698 0.2894736842105263 0.5094339622641509 0.3 0.5245283018867924 0.3 0.5283018867924528 0.30526315789473685 0.5433962264150943 0.30526315789473685 0.5471698113207547 0.3105263157894737 0.5547169811320755 0.3105263157894737 0.5584905660377358 0.3157894736842105 0.5735849056603773 0.3157894736842105 0.5773584905660377 0.32105263157894737 0.5924528301886792 0.32105263157894737 0.5962264150943396 0.3263157894736842 0.6075471698113207 0.33157894736842103 0.6113207547169811 0.3368421052631579 0.6113207547169811 0.3684210526315789 0.6037735849056604 0.37894736842105264 0.6037735849056604 0.4421052631578947 0.6 0.4473684210526316 0.6 0.45263157894736844 0.5962264150943396 0.45263157894736844 0.5924528301886792 0.45789473684210524 0.5660377358490566 0.45789473684210524 0.5622641509433962 0.45263157894736844 0.5433962264150943 0.45263157894736844 0.539622641509434 0.4473684210526316 0.5320754716981132 0.4473684210526316 0.5283018867924528 0.4421052631578947 0.5132075471698113 0.4421052631578947 0.5094339622641509 0.4368421052631579 0.49433962264150944 0.4368421052631579 0.49056603773584906 0.43157894736842106 0.4830188679245283 0.43157894736842106 0.47924528301886793 0.4263157894736842 0.4679245283018868 0.4263157894736842 0.4641509433962264 0.42105263157894735 0.4490566037735849 0.42105263157894735 0.44528301886792454 0.41578947368421054 0.42641509433962266 0.41578947368421054 0.4226415094339623 0.4105263157894737 0.4075471698113208 0.4105263157894737 0.4037735849056604 0.4052631578947368 0.39245283018867927 0.4052631578947368 0.3886792452830189 0.4 0.37735849056603776 0.4 0.37358490566037733 0.39473684210526316 0.36981132075471695 0.39473684210526316 0.3660377358490566 0.3894736842105263 0.3660377358490566 0.3684210526315789 0.36981132075471695 0.3631578947368421 0.36981132075471695 0.3473684210526316 0.37358490566037733 0.34210526315789475 0.37358490566037733 0.3105263157894737 0.37735849056603776 0.30526315789473685 0.37735849056603776 0.29473684210526313 0.38113207547169814 0.2894736842105263 0.38113207547169814 0.2789473684210526 0.3886792452830189 0.26842105263157895 0.4226415094339623 0.26842105263157895 0.42641509433962266 0.2736842105263158 0.44150943396226416 0.2736842105263158
19 0.33962264150943394 0.8421052631578947 0.3433962264150943 0.8473684210526315 0.35471698113207545 0.8473684210526315 0.3584905660377358 0.8526315789473684 0.3660377358490566 0.8526315789473684 0.37735849056603776 0.868421052631579 0.38113207547169814 0.868421052631579 0.3849056603773585 0.8736842105263158 0.3849056603773585 0.8789473684210526 0.3886792452830189 0.8842105263157894 0.3886792452830189 0.9105263157894737 0.38113207547169814 0.9210526315789473 0.24150943396226415 0.9210526315789473 0.23773584905660378 0.9157894736842105 0.24150943396226415 0.9105263157894737 0.24150943396226415 0.9 0.24528301886792453 0.8947368421052632 0.24528301886792453 0.8789473684210526 0.2490566037735849 0.8736842105263158 0.2490566037735849 0.868421052631579 0.2528301886792453 0.8631578947368421 0.2528301886792453 0.8526315789473684 0.26037735849056604 0.8368421052631579 0.2943396226415094 0.8368421052631579 0.2981132075471698 0.8421052631578947 0.33584905660377357 0.8421052631578947
19 0.4377358490566038 0.6736842105263158 0.44150943396226416 0.6736842105263158 0.4490566037735849 0.6631578947368421 0.4528301886792453 0.6631578947368421 0.45660377358490567 0.6578947368421053 0.4641509433962264 0.6578947368421053 0.4679245283018868 0.6526315789473685 0.4716981132075472 0.6526315789473685 0.4830188679245283 0.6421052631578947 0.49056603773584906 0.6421052631578947 0.49433962264150944 0.6368421052631579 0.4981132075471698 0.6368421052631579 0.5018867924528302 0.6421052631578947 0.5018867924528302 0.6473684210526316 0.5056603773584906 0.6526315789473685 0.5094339622641509 0.6684210526315789 0.5169811320754717 0.6789473684210526 0.5169811320754717 0.6842105263157895 0.5320754716981132 0.7052631578947368 0.5320754716981132 0.7105263157894737 0.539622641509434 0.7210526315789474 0.539622641509434 0.7263157894736842 0.5509433962264151 0.7421052631578947 0.5509433962264151 0.7473684210526316 0.5660377358490566 0.7684210526315789 0.5660377358490566 0.7736842105263158 0.5849056603773585 0.8 0.5849056603773585 0.8052631578947368 0.6 0.8263157894736842 0.6 0.8315789473684211 0.6075471698113207 0.8421052631578947 0.6075471698113207 0.8526315789473684 0.6037735849056604 0.8578947368421053 0.6037735849056604 0.868421052631579 0.6 0.8736842105263158 0.6 0.8789473684210526 0.5773584905660377 0.9157894736842105 0.5509433962264151 0.9157894736842105 0.5471698113207547 0.9210526315789473 0.5320754716981132 0.9210526315789473 0.5283018867924528 0.9157894736842105 0.49433962264150944 0.9157894736842105 0.49056603773584906 0.9210526315789473 0.45660377358490567 0.9210526315789473 0.4528301886792453 0.9157894736842105 0.4490566037735849 0.9157894736842105 0.4490566037735849 0.9 0.44528301886792454 0.8947368421052632 0.44528301886792454 0.8789473684210526 0.44150943396226416 0.8736842105263158 0.44150943396226416 0.868421052631579 0.4339622641509434 0.8578947368421053 0.43018867924528303 0.8578947368421053 0.41132075471698115 0.8315789473684211 0.41132075471698115 0.8263157894736842 0.4 0.8105263157894737 0.39245283018867927 0.8105263157894737 0.39245283018867927 0.8 0.3886792452830189 0.7947368421052632 0.3886792452830189 0.7894736842105263 0.3849056603773585 0.7842105263157895 0.3849056603773585 0.7736842105263158 0.38113207547169814 0.7684210526315789 0.3849056603773585 0.7526315789473684 0.39622641509433965 0.7368421052631579 0.39622641509433965 0.7315789473684211 0.4 0.7315789473684211 0.4377358490566038 0.6789473684210526
19 0.4490566037735849 0 0.45660377358490567 0.010526315789473684 0.4641509433962264 0.010526315789473684 0.4679245283018868 0.015789473684210527 0.4716981132075472 0.015789473684210527 0.47547169811320755 0.021052631578947368 0.47924528301886793 0.021052631578947368 0.4830188679245283 0.02631578947368421 0.4867924528301887 0.02631578947368421 0.49056603773584906 0.031578947368421054 0.49433962264150944 0.031578947368421054 0.4981132075471698 0.03684210526315789 0.5018867924528302 0.03684210526315789 0.5132075471698113 0.04736842105263158 0.5169811320754717 0.04736842105263158 0.5207547169811321 0.05263157894736842 0.5245283018867924 0.05263157894736842 0.5320754716981132 0.06315789473684211 0.5358490566037736 0.06315789473684211 0.539622641509434 0.06842105263157895 0.5433962264150943 0.06842105263157895 0.5471698113207547 0.07368421052631578 0.5509433962264151 0.07368421052631578 0.5547169811320755 0.07894736842105263 0.5584905660377358 0.07894736842105263 0.5622641509433962 0.08421052631578947 0.5660377358490566 0.08421052631578947 0.569811320754717 0.08947368421052632 0.5735849056603773 0.08947368421052632 0.5849056603773585 0.1 0.5924528301886792 0.1 0.5962264150943396 0.10526315789473684 0.6 0.10526315789473684 0.6075471698113207 0.11578947368421053 0.6113207547169811 0.11578947368421053 0.6264150943396226 0.1368421052631579 0.6377358490566037 0.14210526315789473 0.6377358490566037 0.16842105263157894 0.6339622641509434 0.1736842105263158 0.630188679245283 0.18947368421052632 0.6226415094339622 0.2 0.6226415094339622 0.21052631578947367 0.6150943396226415 0.22631578947368422 0.6150943396226415 0.23684210526315788 0.6113207547169811 0.24210526315789474 0.6113207547169811 0.24736842105263157 0.6075471698113207 0.25263157894736843 0.6075471698113207 0.2578947368421053 0.6037735849056604 0.2631578947368421 0.6 0.2789473684210526 0.5886792452830188 0.29473684210526313 0.5849056603773585 0.29473684210526313 0.5811320754716981 0.3 0.5471698113207547 0.3 0.5433962264150943 0.29473684210526313 0.539622641509434 0.29473684210526313 0.5358490566037736 0.2894736842105263 0.5320754716981132 0.2894736842105263 0.5207547169811321 0.2789473684210526 0.5132075471698113 0.2789473684210526 0.5094339622641509 0.2736842105263158 0.5018867924528302 0.2736842105263158 0.4981132075471698 0.26842105263157895 0.49056603773584906 0.26842105263157895 0.4867924528301887 0.2631578947368421 0.47547169811320755 0.2578947368421053 0.4716981132075472 0.25263157894736843 0.4641509433962264 0.25263157894736843 0.46037735849056605 0.24736842105263157 0.45660377358490567 0.24736842105263157 0.4528301886792453 0.24210526315789474 0.4490566037735849 0.24210526315789474 0.44528301886792454 0.23684210526315788 0.44150943396226416 0.23684210526315788 0.4377358490566038 0.23157894736842105 0.42641509433962266 0.22631578947368422 0.41509433962264153 0.21052631578947367 0.41132075471698115 0.21052631578947367 0.4075471698113208 0.20526315789473684 0.4037735849056604 0.20526315789473684 0.39622641509433965 0.19473684210526315 0.39245283018867927 0.19473684210526315 0.37735849056603776 0.1736842105263158 0.37735849056603776 0.16842105263157894 0.37358490566037733 0.1631578947368421 0.37358490566037733 0.14210526315789473 0.37735849056603776 0.1368421052631579 0.37735849056603776 0.13157894736842105 0.38113207547169814 0.13157894736842105 0.3886792452830189 0.12105263157894737 0.39622641509433965 0.12105263157894737 0.4037735849056604 0.11052631578947368 0.4037735849056604 0.10526315789473684 0.4075471698113208 0.1 0.4075471698113208 0.08421052631578947 0.41132075471698115 0.07894736842105263 0.41132075471698115 0.06842105263157895 0.41509433962264153 0.06315789473684211 0.41509433962264153 0.015789473684210527 0.42641509433962266 0 0.44528301886792454 0
19 0.10566037735849057 0.8105263157894737 0.10943396226415095 0.8157894736842105 0.12075471698113208 0.8210526315789474 0.13962264150943396 0.8421052631578947 0.14339622641509434 0.8421052631578947 0.1471698113207547 0.8473684210526315 0.1509433962264151 0.8473684210526315 0.15849056603773584 0.8578947368421053 0.16226415094339622 0.8578947368421053 0.16226415094339622 0.8736842105263158 0.15849056603773584 0.8789473684210526 0.15849056603773584 0.8842105263157894 0.1509433962264151 0.8947368421052632 0.1509433962264151 0.9105263157894737 0.14339622641509434 0.9210526315789473 0.04150943396226415 0.9210526315789473 0.03773584905660377 0.9157894736842105 0.033962264150943396 0.9157894736842105 0.03773584905660377 0.9105263157894737 0.03773584905660377 0.9052631578947369 0.06415094339622641 0.868421052631579 0.06792452830188679 0.8526315789473684 0.08679245283018867 0.8263157894736842 0.08679245283018867 0.8210526315789474 0.09056603773584905 0.8157894736842105 0.1018867924528302 0.8105263157894737
19 0.6188679245283019 0.2894736842105263 0.6226415094339622 0.29473684210526313 0.630188679245283 0.29473684210526313 0.6339622641509434 0.3 0.6452830188679245 0.30526315789473685 0.6528301886792452 0.3157894736842105 0.6566037735849056 0.3157894736842105 0.6754716981132075 0.3368421052631579 0.6867924528301886 0.34210526315789475 0.7056603773584905 0.3631578947368421 0.7169811320754716 0.3684210526315789 0.7283018867924528 0.38421052631578945 0.7320754716981132 0.38421052631578945 0.7396226415094339 0.39473684210526316 0.7433962264150943 0.39473684210526316 0.7584905660377359 0.41578947368421054 0.7584905660377359 0.4263157894736842 0.7509433962264151 0.4421052631578947 0.7509433962264151 0.45263157894736844 0.7471698113207547 0.45789473684210524 0.7433962264150943 0.47368421052631576 0.7358490566037735 0.4842105263157895 0.7358490566037735 0.48947368421052634 0.6943396226415094 0.48947368421052634 0.690566037735849 0.49473684210526314 0.6792452830188679 0.49473684210526314 0.6754716981132075 0.5 0.6679245283018868 0.5 0.6641509433962264 0.5052631578947369 0.6566037735849056 0.5052631578947369 0.6528301886792452 0.5105263157894737 0.6490566037735849 0.5052631578947369 0.6452830188679245 0.5052631578947369 0.6264150943396226 0.4789473684210526 0.6226415094339622 0.4789473684210526 0.6075471698113207 0.45789473684210524 0.6075471698113207 0.4421052631578947 0.6113207547169811 0.4368421052631579 0.6113207547169811 0.3894736842105263 0.6150943396226415 0.38421052631578945 0.6150943396226415 0.3631578947368421 0.6188679245283019 0.35789473684210527 0.6188679245283019 0.33157894736842103 0.6150943396226415 0.3263157894736842 0.6113207547169811 0.3263157894736842 0.6 0.3157894736842105 0.6 0.3 0.6037735849056604 0.29473684210526313 0.6150943396226415 0.2894736842105263
19 0.16226415094339622 0.25263157894736843 0.1660377358490566 0.2578947368421053 0.17358490566037735 0.2578947368421053 0.17735849056603772 0.2631578947368421 0.18490566037735848 0.2631578947368421 0.18867924528301888 0.26842105263157895 0.19622641509433963 0.26842105263157895 0.2 0.2736842105263158 0.20754716981132076 0.2736842105263158 0.21132075471698114 0.2789473684210526 0.2188679245283019 0.2789473684210526 0.22264150943396227 0.28421052631578947 0.23018867924528302 0.28421052631578947 0.2339622641509434 0.2894736842105263 0.24150943396226415 0.2894736842105263 0.24528301886792453 0.29473684210526313 0.26037735849056604 0.29473684210526313 0.27169811320754716 0.30526315789473685 0.2943396226415094 0.30526315789473685 0.2981132075471698 0.3105263157894737 0.30566037735849055 0.3105263157894737 0.30943396226415093 0.3157894736842105 0.3283018867924528 0.3157894736842105 0.3320754716981132 0.3105263157894737 0.33584905660377357 0.3105263157894737 0.33962264150943394 0.3157894736842105 0.3433962264150943 0.3105263157894737 0.3471698113207547 0.3105263157894737 0.35094339622641507 0.3157894736842105 0.3660377358490566 0.3157894736842105 0.3660377358490566 0.34210526315789475 0.3622641509433962 0.3473684210526316 0.3622641509433962 0.3631578947368421 0.35471698113207545 0.37894736842105264 0.35471698113207545 0.39473684210526316 0.3660377358490566 0.4052631578947368 0.37358490566037733 0.4052631578947368 0.38113207547169814 0.41578947368421054 0.38113207547169814 0.42105263157894735 0.37735849056603776 0.4263157894736842 0.37735849056603776 0.4473684210526316 0.37358490566037733 0.45263157894736844 0.37358490566037733 0.46842105263157896 0.3584905660377358 0.46842105263157896 0.35471698113207545 0.4631578947368421 0.3471698113207547 0.4631578947368421 0.3433962264150943 0.45789473684210524 0.33584905660377357 0.45789473684210524 0.3320754716981132 0.45263157894736844 0.3283018867924528 0.45263157894736844 0.3169811320754717 0.4421052631578947 0.30943396226415093 0.4421052631578947 0.30566037735849055 0.4368421052631579 0.2981132075471698 0.4368421052631579 0.2943396226415094 0.43157894736842106 0.2830188679245283 0.43157894736842106 0.2792452830188679 0.4263157894736842 0.2679245283018868 0.4263157894736842 0.2641509433962264 0.42105263157894735 0.25660377358490566 0.42105263157894735 0.2528301886792453 0.41578947368421054 0.24150943396226415 0.41578947368421054 0.23773584905660378 0.4105263157894737 0.21509433962264152 0.4105263157894737 0.2037735849056604 0.4263157894736842 0.2037735849056604 0.4368421052631579 0.2 0.4421052631578947 0.2 0.45789473684210524 0.19622641509433963 0.4631578947368421 0.19622641509433963 0.4789473684210526 0.19245283018867926 0.4842105263157895 0.19245283018867926 0.5 0.18867924528301888 0.5052631578947369 0.18867924528301888 0.5157894736842106 0.18490566037735848 0.5210526315789473 0.18490566037735848 0.5421052631578948 0.2 0.5631578947368421 0.2 0.5789473684210527 0.19245283018867926 0.5947368421052631 0.17358490566037735 0.5947368421052631 0.16981132075471697 0.5894736842105263 0.16226415094339622 0.5894736842105263 0.15849056603773584 0.5842105263157895 0.1471698113207547 0.5842105263157895 0.14339622641509434 0.5789473684210527 0.13584905660377358 0.5789473684210527 0.12452830188679245 0.5684210526315789 0.11320754716981132 0.5684210526315789 0.1018867924528302 0.5578947368421052 0.09433962264150944 0.5578947368421052 0.09056603773584905 0.5526315789473685 0.08679245283018867 0.5526315789473685 0.08679245283018867 0.5473684210526316 0.0830188679245283 0.5421052631578948 0.08679245283018867 0.5368421052631579 0.08679245283018867 0.5210526315789473 0.09056603773584905 0.5157894736842106 0.09056603773584905 0.5052631578947369 0.09811320754716982 0.48947368421052634 0.09811320754716982 0.4631578947368421 0.10566037735849057 0.45263157894736844 0.10566037735849057 0.4421052631578947 0.10943396226415095 0.4368421052631579 0.11320754716981132 0.42105263157894735 0.12075471698113208 0.4105263157894737 0.12075471698113208 0.3894736842105263 0.12452830188679245 0.38421052631578945 0.12452830188679245 0.3684210526315789 0.12830188679245283 0.3631578947368421 0.12830188679245283 0.3526315789473684 0.1320754716981132 0.3473684210526316 0.1320754716981132 0.33157894736842103 0.13584905660377358 0.3263157894736842 0.13584905660377358 0.3157894736842105 0.13962264150943396 0.3105263157894737 0.13962264150943396 0.29473684210526313 0.14339622641509434 0.2894736842105263 0.14339622641509434 0.2736842105263158 0.1471698113207547 0.26842105263157895 0.1471698113207547 0.2631578947368421 0.15471698113207547 0.25263157894736843 0.15849056603773584 0.25263157894736843