19 0.24372759856630824 0.6629834254143646 0.24731182795698925 0.6685082872928176 0.25448028673835127 0.6685082872928176 0.26523297491039427 0.6795580110497238 0.2724014336917563 0.6795580110497238 0.27598566308243727 0.6850828729281768 0.2831541218637993 0.6850828729281768 0.2867383512544803 0.6906077348066298 0.3046594982078853 0.6906077348066298 0.30824372759856633 0.6961325966850829 0.3154121863799283 0.6961325966850829 0.31899641577060933 0.7016574585635359 0.32974910394265233 0.7016574585635359 0.3333333333333333 0.7071823204419889 0.34050179211469533 0.7071823204419889 0.34408602150537637 0.712707182320442 0.3548387096774194 0.712707182320442 0.35842293906810035 0.7182320441988951 0.3835125448028674 0.7182320441988951 0.37992831541218636 0.7237569060773481 0.37992831541218636 0.7348066298342542 0.3763440860215054 0.7348066298342542 0.36917562724014336 0.7458563535911602 0.35125448028673834 0.7458563535911602 0.34050179211469533 0.7348066298342542 0.32616487455197135 0.7348066298342542 0.3154121863799283 0.7237569060773481 0.3046594982078853 0.7237569060773481 0.2974910394265233 0.712707182320442 0.2867383512544803 0.712707182320442 0.2831541218637993 0.7071823204419889 0.27956989247311825 0.712707182320442 0.26881720430107525 0.7016574585635359 0.25806451612903225 0.7016574585635359 0.25089605734767023 0.6906077348066298 0.24731182795698925 0.6906077348066298 0.24372759856630824 0.6850828729281768 0.24372759856630824 0.6740331491712708 0.24014336917562723 0.6685082872928176
19 0.6344086021505376 0.2983425414364641 0.6379928315412187 0.30386740331491713 0.6451612903225806 0.30386740331491713 0.6487455197132617 0.30939226519337015 0.6666666666666666 0.30939226519337015 0.6702508960573477 0.3149171270718232 0.6738351254480287 0.3149171270718232 0.6774193548387096 0.32044198895027626 0.6810035842293907 0.32044198895027626 0.6845878136200717 0.3259668508287293 0.6881720430107527 0.3259668508287293 0.6917562724014337 0.3314917127071823 0.6953405017921147 0.3314917127071823 0.6989247311827957 0.3370165745856354 0.7025089605734767 0.3370165745856354 0.7060931899641577 0.3425414364640884 0.7168458781362007 0.34806629834254144 0.7240143369175627 0.35911602209944754 0.7275985663082437 0.35911602209944754 0.7347670250896058 0.3701657458563536 0.7347670250896058 0.39779005524861877 0.7311827956989247 0.40331491712707185 0.7311827956989247 0.4088397790055249 0.7275985663082437 0.4088397790055249 0.7240143369175627 0.4143646408839779 0.7060931899641577 0.4143646408839779 0.7025089605734767 0.4088397790055249 0.6953405017921147 0.4088397790055249 0.6917562724014337 0.40331491712707185 0.6845878136200717 0.40331491712707185 0.6810035842293907 0.39779005524861877 0.6702508960573477 0.39779005524861877 0.6666666666666666 0.39226519337016574 0.6559139784946236 0.39226519337016574 0.6523297491039427 0.3867403314917127 0.6415770609318996 0.3867403314917127 0.6379928315412187 0.3812154696132597 0.6308243727598566 0.3812154696132597 0.6272401433691757 0.3756906077348066 0.6200716845878136 0.3756906077348066 0.6164874551971327 0.3701657458563536 0.6093189964157706 0.3701657458563536 0.6057347670250897 0.36464088397790057 0.6021505376344086 0.36464088397790057 0.5985663082437276 0.35911602209944754 0.5949820788530465 0.3425414364640884 0.5913978494623656 0.3370165745856354 0.5913978494623656 0.32044198895027626 0.5949820788530465 0.3149171270718232 0.5949820788530465 0.30386740331491713 0.5985663082437276 0.30386740331491713 0.6093189964157706 0.292817679558011 0.6200716845878136 0.292817679558011 0.6236559139784946 0.2983425414364641 0.6308243727598566 0.2983425414364641
19 0.5412186379928315 0.36464088397790057 0.5448028673835126 0.3701657458563536 0.5555555555555556 0.3701657458563536 0.5663082437275986 0.3812154696132597 0.5842293906810035 0.3812154696132597 0.5949820788530465 0.39226519337016574 0.6093189964157706 0.39226519337016574 0.6129032258064516 0.39779005524861877 0.6164874551971327 0.39779005524861877 0.6272401433691757 0.4088397790055249 0.6379928315412187 0.4088397790055249 0.6523297491039427 0.430939226519337 0.6523297491039427 0.46408839779005523 0.6379928315412187 0.4972375690607735 0.6093189964157706 0.4972375690607735 0.6057347670250897 0.49171270718232046 0.5985663082437276 0.49171270718232046 0.5985663082437276 0.4861878453038674 0.5949820788530465 0.48066298342541436 0.5913978494623656 0.48066298342541436 0.5806451612903226 0.4696132596685083 0.5734767025089605 0.4696132596685083 0.5698924731182796 0.46408839779005523 0.5555555555555556 0.46408839779005523 0.5519713261648745 0.4585635359116022 0.5448028673835126 0.4585635359116022 0.5340501792114696 0.44751381215469616 0.5268817204301075 0.44751381215469616 0.5232974910394266 0.4419889502762431 0.5197132616487455 0.4419889502762431 0.5125448028673835 0.430939226519337 0.5125448028673835 0.425414364640884 0.5089605734767025 0.4198895027624309 0.5089605734767025 0.3812154696132597 0.5197132616487455 0.36464088397790057 0.5376344086021505 0.36464088397790057
19 0.4229390681003584 0.5359116022099447 0.4265232974910394 0.5414364640883977 0.43727598566308246 0.5414364640883977 0.44086021505376344 0.5469613259668509 0.4551971326164875 0.5469613259668509 0.45878136200716846 0.5524861878453039 0.45878136200716846 0.56353591160221 0.46236559139784944 0.569060773480663 0.4731182795698925 0.574585635359116 0.4731182795698925 0.585635359116022 0.4767025089605735 0.5911602209944752 0.4767025089605735 0.6132596685082873 0.4731182795698925 0.6187845303867403 0.4731182795698925 0.6298342541436464 0.46953405017921146 0.6353591160220995 0.44802867383512546 0.6353591160220995 0.43727598566308246 0.6243093922651933 0.43010752688172044 0.6243093922651933 0.4265232974910394 0.6187845303867403 0.4157706093189964 0.6187845303867403 0.4121863799283154 0.6132596685082873 0.4050179211469534 0.6132596685082873 0.4014336917562724 0.6077348066298343 0.3978494623655914 0.6077348066298343 0.3978494623655914 0.5911602209944752 0.3942652329749104 0.585635359116022 0.3978494623655914 0.580110497237569 0.3978494623655914 0.569060773480663 0.4014336917562724 0.56353591160221 0.4014336917562724 0.5469613259668509 0.40860215053763443 0.5359116022099447 0.41935483870967744 0.5359116022099447
19 0.45878136200716846 0.43646408839779005 0.46236559139784944 0.4419889502762431 0.46953405017921146 0.4419889502762431 0.4731182795698925 0.44751381215469616 0.4874551971326165 0.44751381215469616 0.4910394265232975 0.4530386740331492 0.5053763440860215 0.4530386740331492 0.5089605734767025 0.4585635359116022 0.5161290322580645 0.4585635359116022 0.5197132616487455 0.46408839779005523 0.5268817204301075 0.46408839779005523 0.5304659498207885 0.4696132596685083 0.5412186379928315 0.4696132596685083 0.5448028673835126 0.47513812154696133 0.5519713261648745 0.47513812154696133 0.5555555555555556 0.48066298342541436 0.5663082437275986 0.4861878453038674 0.5698924731182796 0.49171270718232046 0.5698924731182796 0.5359116022099447 0.5555555555555556 0.5580110497237569 0.5519713261648745 0.574585635359116 0.5412186379928315 0.5580110497237569 0.5304659498207885 0.5580110497237569 0.5268817204301075 0.5524861878453039 0.5161290322580645 0.5524861878453039 0.5125448028673835 0.5469613259668509 0.5017921146953405 0.5469613259668509 0.4982078853046595 0.5414364640883977 0.4946236559139785 0.5414364640883977 0.4910394265232975 0.5359116022099447 0.4838709677419355 0.5359116022099447 0.4731182795698925 0.5248618784530387 0.46236559139784944 0.5248618784530387 0.45878136200716846 0.5193370165745856 0.45161290322580644 0.5193370165745856 0.44802867383512546 0.5138121546961326 0.43727598566308246 0.5138121546961326 0.4336917562724014 0.5082872928176796 0.43010752688172044 0.5082872928176796 0.4265232974910394 0.5027624309392266 0.4265232974910394 0.4972375690607735 0.41935483870967744 0.48066298342541436 0.41935483870967744 0.4530386740331492 0.43010752688172044 0.43646408839779005 0.4551971326164875 0.43646408839779005
19 0.7849462365591398 0.46408839779005523 0.8028673835125448 0.49171270718232046 0.7992831541218638 0.4861878453038674 0.7885304659498208 0.4861878453038674 0.7849462365591398 0.48066298342541436 0.7598566308243727 0.48066298342541436 0.7491039426523297 0.49171270718232046 0.7419354838709677 0.49171270718232046 0.7347670250896058 0.5027624309392266 0.7347670250896058 0.5193370165745856 0.7311827956989247 0.5248618784530387 0.7311827956989247 0.5469613259668509 0.7347670250896058 0.5524861878453039 0.7347670250896058 0.5580110497237569 0.7419354838709677 0.569060773480663 0.7491039426523297 0.569060773480663 0.7526881720430108 0.574585635359116 0.7598566308243727 0.574585635359116 0.7634408602150538 0.580110497237569 0.7992831541218638 0.580110497237569 0.8028673835125448 0.574585635359116 0.8064516129032258 0.574585635359116 0.8136200716845878 0.56353591160221 0.8136200716845878 0.5469613259668509 0.8172043010752689 0.5414364640883977 0.8172043010752689 0.5082872928176796 0.8136200716845878 0.5027624309392266 0.8172043010752689 0.5082872928176796 0.8207885304659498 0.5082872928176796 0.8315412186379928 0.5248618784530387 0.8351254480286738 0.5248618784530387 0.8422939068100358 0.5359116022099447 0.8530465949820788 0.5414364640883977 0.8673835125448028 0.56353591160221 0.8709677419354839 0.56353591160221 0.8745519713261649 0.569060773480663 0.8745519713261649 0.574585635359116 0.8709677419354839 0.569060773480663 0.8673835125448028 0.569060773480663 0.8637992831541219 0.574585635359116 0.8602150537634409 0.574585635359116 0.8566308243727598 0.569060773480663 0.8530465949820788 0.574585635359116 0.8458781362007168 0.574585635359116 0.8422939068100358 0.580110497237569 0.8387096774193549 0.580110497237569 0.8279569892473119 0.5966850828729282 0.8279569892473119 0.6022099447513812 0.8243727598566308 0.6077348066298343 0.8243727598566308 0.6353591160220995 0.8207885304659498 0.6408839779005525 0.8207885304659498 0.6574585635359116 0.8387096774193549 0.6850828729281768 0.8422939068100358 0.6850828729281768 0.8530465949820788 0.6961325966850829 0.8637992831541219 0.6961325966850829 0.8673835125448028 0.7016574585635359 0.8745519713261649 0.7016574585635359 0.8781362007168458 0.6961325966850829 0.8853046594982079 0.6961325966850829 0.8888888888888888 0.6906077348066298 0.8924731182795699 0.6906077348066298 0.9032258064516129 0.6740331491712708 0.9032258064516129 0.6685082872928176 0.910394265232975 0.6519337016574586 0.910394265232975 0.6132596685082873 0.9068100358422939 0.6077348066298343 0.910394265232975 0.6132596685082873 0.9139784946236559 0.6132596685082873 0.921146953405018 0.6243093922651933 0.9247311827956989 0.6243093922651933 0.931899641577061 0.6353591160220995 0.9354838709677419 0.6353591160220995 0.946236559139785 0.6519337016574586 0.956989247311828 0.6574585635359116 0.967741935483871 0.6740331491712708 0.967741935483871 0.6795580110497238 0.9713261648745519 0.6850828729281768 0.9713261648745519 0.6961325966850829 0.967741935483871 0.7016574585635359 0.967741935483871 0.7071823204419889 0.9605734767025089 0.7182320441988951 0.956989247311828 0.7182320441988951 0.946236559139785 0.7348066298342542 0.942652329749104 0.7348066298342542 0.9354838709677419 0.7458563535911602 0.9247311827956989 0.7513812154696132 0.9139784946236559 0.7679558011049724 0.910394265232975 0.7679558011049724 0.9068100358422939 0.7734806629834254 0.8960573476702509 0.7790055248618785 0.8888888888888888 0.7900552486187845 0.8853046594982079 0.7900552486187845 0.8817204301075269 0.7955801104972375 0.8781362007168458 0.7955801104972375 0.8745519713261649 0.8011049723756906 0.8637992831541219 0.8066298342541437 0.8566308243727598 0.8176795580110497 0.8530465949820788 0.8176795580110497 0.8494623655913979 0.8232044198895028 0.8458781362007168 0.8232044198895028 0.8351254480286738 0.8342541436464088 0.8279569892473119 0.8342541436464088 0.8243727598566308 0.8397790055248618 0.8172043010752689 0.8397790055248618 0.8136200716845878 0.8453038674033149 0.8028673835125448 0.8453038674033149 0.7992831541218638 0.8397790055248618 0.7885304659498208 0.8397790055248618 0.7849462365591398 0.8342541436464088 0.7741935483870968 0.8287292817679558 0.7634408602150538 0.8121546961325967 0.7598566308243727 0.8121546961325967 0.7419354838709677 0.7845303867403315 0.7383512544802867 0.7845303867403315 0.7168458781362007 0.7513812154696132 0.7168458781362007 0.7403314917127072 0.7311827956989247 0.7071823204419889 0.7311827956989247 0.6850828729281768 0.7132616487455197 0.6574585635359116 0.7060931899641577 0.6574585635359116 0.7025089605734767 0.6519337016574586 0.6989247311827957 0.6519337016574586 0.7025089605734767 0.6464088397790055 0.7132616487455197 0.6464088397790055 0.7168458781362007 0.6408839779005525 0.7275985663082437 0.6353591160220995 0.7347670250896058 0.6243093922651933 0.7347670250896058 0.6077348066298343 0.7383512544802867 0.6022099447513812 0.7383512544802867 0.569060773480663 0.7240143369175627 0.5469613259668509 0.7204301075268817 0.5469613259668509 0.7168458781362007 0.5414364640883977 0.6881720430107527 0.5414364640883977 0.6845878136200717 0.5469613259668509 0.6702508960573477 0.5469613259668509 0.6666666666666666 0.5524861878453039 0.6630824372759857 0.5524861878453039 0.6559139784946236 0.56353591160221 0.6559139784946236 0.569060773480663 0.6523297491039427 0.574585635359116 0.6523297491039427 0.6243093922651933 0.6487455197132617 0.6187845303867403 0.6415770609318996 0.6187845303867403 0.6308243727598566 0.6077348066298343 0.6236559139784946 0.6077348066298343 0.6200716845878136 0.6022099447513812 0.6164874551971327 0.6022099447513812 0.6057347670250897 0.5911602209944752 0.6093189964157706 0.585635359116022 0.6129032258064516 0.585635359116022 0.6164874551971327 0.580110497237569 0.6272401433691757 0.574585635359116 0.6344086021505376 0.56353591160221 0.6451612903225806 0.5580110497237569 0.6523297491039427 0.5469613259668509 0.6594982078853047 0.5469613259668509 0.6630824372759857 0.5414364640883977 0.6666666666666666 0.5414364640883977 0.6702508960573477 0.5359116022099447 0.6738351254480287 0.5359116022099447 0.6774193548387096 0.5303867403314917 0.6881720430107527 0.5248618784530387 0.7060931899641577 0.5027624309392266 0.7132616487455197 0.5027624309392266 0.7204301075268817 0.49171270718232046 0.7240143369175627 0.49171270718232046 0.7275985663082437 0.4861878453038674 0.7311827956989247 0.4861878453038674 0.7347670250896058 0.48066298342541436 0.7383512544802867 0.48066298342541436 0.7491039426523297 0.4696132596685083 0.7562724014336918 0.4696132596685083 0.7670250896057348 0.4585635359116022 0.7777777777777778 0.4585635359116022 0.7813620071684588 0.46408839779005523
19 0.17921146953405018 0.46408839779005523 0.1827956989247312 0.4696132596685083 0.1935483870967742 0.47513812154696133 0.1935483870967742 0.5248618784530387 0.1971326164874552 0.5303867403314917 0.1935483870967742 0.5359116022099447 0.1827956989247312 0.5359116022099447 0.17921146953405018 0.5303867403314917 0.16487455197132617 0.5303867403314917 0.16129032258064516 0.5248618784530387 0.15053763440860216 0.5248618784530387 0.14336917562724014 0.5138121546961326 0.14336917562724014 0.5082872928176796 0.13978494623655913 0.5027624309392266 0.13978494623655913 0.47513812154696133 0.14695340501792115 0.46408839779005523 0.15053763440860216 0.46408839779005523 0.15412186379928317 0.4585635359116022 0.16487455197132617 0.4585635359116022 0.16845878136200718 0.46408839779005523 0.17562724014336917 0.46408839779005523
19 0.4444444444444444 0.36464088397790057 0.4551971326164875 0.3812154696132597 0.45878136200716846 0.3812154696132597 0.4659498207885305 0.39779005524861877 0.4659498207885305 0.4088397790055249 0.4551971326164875 0.4198895027624309 0.4265232974910394 0.4198895027624309 0.4229390681003584 0.4143646408839779 0.4050179211469534 0.4143646408839779 0.4014336917562724 0.4088397790055249 0.3906810035842294 0.4088397790055249 0.3870967741935484 0.40331491712707185 0.3763440860215054 0.40331491712707185 0.3727598566308244 0.39779005524861877 0.3655913978494624 0.39779005524861877 0.36200716845878134 0.39226519337016574 0.34408602150537637 0.39226519337016574 0.34050179211469533 0.3867403314917127 0.3333333333333333 0.3867403314917127 0.32616487455197135 0.3756906077348066 0.32616487455197135 0.3701657458563536 0.3225806451612903 0.36464088397790057 0.3225806451612903 0.3314917127071823 0.3333333333333333 0.3149171270718232 0.3655913978494624 0.3149171270718232 0.36917562724014336 0.32044198895027626 0.3763440860215054 0.32044198895027626 0.37992831541218636 0.3259668508287293 0.3870967741935484 0.3259668508287293 0.3906810035842294 0.3314917127071823 0.3978494623655914 0.3314917127071823 0.4050179211469534 0.3425414364640884 0.41935483870967744 0.3425414364640884 0.4229390681003584 0.34806629834254144 0.43010752688172044 0.34806629834254144 0.44086021505376344 0.36464088397790057
19 0.3906810035842294 0.5193370165745856 0.3942652329749104 0.5248618784530387 0.4014336917562724 0.5248618784530387 0.4050179211469534 0.5303867403314917 0.4157706093189964 0.5303867403314917 0.41935483870967744 0.5359116022099447 0.4265232974910394 0.5359116022099447 0.43010752688172044 0.5414364640883977 0.43727598566308246 0.5414364640883977 0.44086021505376344 0.5469613259668509 0.4551971326164875 0.5469613259668509 0.46236559139784944 0.5580110497237569 0.46236559139784944 0.56353591160221 0.46953405017921146 0.574585635359116 0.4731182795698925 0.574585635359116 0.4731182795698925 0.585635359116022 0.4767025089605735 0.5911602209944752 0.4767025089605735 0.6187845303867403 0.4731182795698925 0.6243093922651933 0.4731182795698925 0.6298342541436464 0.4659498207885305 0.6408839779005525 0.46236559139784944 0.6408839779005525 0.45878136200716846 0.6353591160220995 0.44802867383512546 0.6353591160220995 0.4444444444444444 0.6298342541436464 0.43727598566308246 0.6298342541436464 0.4336917562724014 0.6243093922651933 0.4265232974910394 0.6243093922651933 0.4229390681003584 0.6187845303867403 0.4121863799283154 0.6187845303867403 0.40860215053763443 0.6132596685082873 0.4014336917562724 0.6132596685082873 0.3978494623655914 0.6077348066298343 0.3906810035842294 0.6077348066298343 0.3870967741935484 0.6022099447513812 0.3727598566308244 0.6022099447513812 0.36917562724014336 0.5966850828729282 0.36200716845878134 0.5966850828729282 0.35842293906810035 0.5911602209944752 0.35125448028673834 0.5911602209944752 0.34767025089605735 0.585635359116022 0.34050179211469533 0.585635359116022 0.3333333333333333 0.574585635359116 0.3333333333333333 0.569060773480663 0.32974910394265233 0.56353591160221 0.32974910394265233 0.5524861878453039 0.32616487455197135 0.5469613259668509 0.32616487455197135 0.5359116022099447 0.32974910394265233 0.5303867403314917 0.32974910394265233 0.5193370165745856 0.3333333333333333 0.5138121546961326 0.3548387096774194 0.5027624309392266 0.35842293906810035 0.5082872928176796 0.3655913978494624 0.5082872928176796 0.36917562724014336 0.5138121546961326 0.3763440860215054 0.5138121546961326 0.37992831541218636 0.5193370165745856 0.3870967741935484 0.5193370165745856
19 0.5376344086021505 0.1878453038674033 0.5412186379928315 0.19337016574585636 0.5519713261648745 0.19337016574585636 0.5555555555555556 0.19889502762430938 0.5663082437275986 0.19889502762430938 0.5698924731182796 0.20441988950276244 0.5842293906810035 0.20441988950276244 0.5913978494623656 0.2154696132596685 0.5985663082437276 0.2154696132596685 0.6021505376344086 0.22099447513812154 0.6093189964157706 0.22099447513812154 0.6164874551971327 0.23204419889502761 0.6200716845878136 0.23204419889502761 0.6236559139784946 0.23756906077348067 0.6236559139784946 0.27071823204419887 0.6200716845878136 0.27624309392265195 0.6200716845878136 0.281767955801105 0.6093189964157706 0.281767955801105 0.6057347670250897 0.287292817679558 0.5949820788530465 0.287292817679558 0.5913978494623656 0.281767955801105 0.5806451612903226 0.281767955801105 0.5770609318996416 0.27624309392265195 0.5627240143369175 0.27624309392265195 0.5591397849462365 0.27071823204419887 0.5448028673835126 0.27071823204419887 0.5412186379928315 0.26519337016574585 0.5268817204301075 0.26519337016574585 0.5232974910394266 0.2596685082872928 0.5125448028673835 0.2596685082872928 0.5089605734767025 0.2541436464088398 0.5017921146953405 0.2541436464088398 0.4982078853046595 0.24861878453038674 0.4982078853046595 0.2430939226519337 0.4910394265232975 0.23204419889502761 0.4910394265232975 0.20441988950276244 0.4946236559139785 0.19889502762430938 0.4946236559139785 0.19337016574585636 0.4982078853046595 0.19337016574585636 0.5017921146953405 0.1878453038674033 0.5089605734767025 0.1878453038674033 0.5125448028673835 0.18232044198895028 0.5161290322580645 0.18232044198895028 0.5197132616487455 0.1878453038674033 0.5340501792114696 0.1878453038674033
19 0.3333333333333333 0.4143646408839779 0.33691756272401435 0.4198895027624309 0.34767025089605735 0.425414364640884 0.3548387096774194 0.4419889502762431 0.35842293906810035 0.4419889502762431 0.3655913978494624 0.4530386740331492 0.36917562724014336 0.4530386740331492 0.3727598566308244 0.4585635359116022 0.3727598566308244 0.46408839779005523 0.3763440860215054 0.4696132596685083 0.3763440860215054 0.48066298342541436 0.3655913978494624 0.49171270718232046 0.34408602150537637 0.49171270718232046 0.34050179211469533 0.4861878453038674 0.32974910394265233 0.4861878453038674 0.32616487455197135 0.48066298342541436 0.31899641577060933 0.48066298342541436 0.3154121863799283 0.47513812154696133 0.30824372759856633 0.47513812154696133 0.2974910394265233 0.46408839779005523 0.2974910394265233 0.44751381215469616 0.2939068100358423 0.4419889502762431 0.2939068100358423 0.430939226519337 0.2974910394265233 0.425414364640884 0.2974910394265233 0.4198895027624309 0.3010752688172043 0.4198895027624309 0.3046594982078853 0.4143646408839779 0.32974910394265233 0.4143646408839779
19 0.5949820788530465 0.3701657458563536 0.6093189964157706 0.3701657458563536 0.6200716845878136 0.3812154696132597 0.6272401433691757 0.3812154696132597 0.6308243727598566 0.3867403314917127 0.6379928315412187 0.3867403314917127 0.6415770609318996 0.39226519337016574 0.6487455197132617 0.39226519337016574 0.6523297491039427 0.39779005524861877 0.6738351254480287 0.39779005524861877 0.6774193548387096 0.40331491712707185 0.6845878136200717 0.40331491712707185 0.6881720430107527 0.4088397790055249 0.7025089605734767 0.4088397790055249 0.7060931899641577 0.4143646408839779 0.7240143369175627 0.4143646408839779 0.7275985663082437 0.4088397790055249 0.7311827956989247 0.4088397790055249 0.7347670250896058 0.40331491712707185 0.7347670250896058 0.39779005524861877 0.7419354838709677 0.39779005524861877 0.7419354838709677 0.4143646408839779 0.7275985663082437 0.43646408839779005 0.6989247311827957 0.43646408839779005 0.6953405017921147 0.430939226519337 0.6881720430107527 0.430939226519337 0.6845878136200717 0.425414364640884 0.6702508960573477 0.425414364640884 0.6666666666666666 0.4198895027624309 0.6559139784946236 0.4198895027624309 0.6487455197132617 0.4088397790055249 0.6415770609318996 0.4088397790055249 0.6379928315412187 0.40331491712707185 0.6344086021505376 0.40331491712707185 0.6308243727598566 0.39779005524861877 0.6236559139784946 0.39779005524861877 0.6129032258064516 0.3867403314917127 0.6021505376344086 0.3867403314917127 0.5985663082437276 0.3812154696132597 0.5949820788530465 0.3812154696132597 0.5949820788530465 0.3756906077348066
19 0.8243727598566308 0.5966850828729282 0.8243727598566308 0.6298342541436464 0.8207885304659498 0.6353591160220995 0.8207885304659498 0.6574585635359116 0.8387096774193549 0.6850828729281768 0.8422939068100358 0.6850828729281768 0.8458781362007168 0.6906077348066298 0.8530465949820788 0.6906077348066298 0.8566308243727598 0.6961325966850829 0.8817204301075269 0.6961325966850829 0.8853046594982079 0.6906077348066298 0.8960573476702509 0.6850828729281768 0.9032258064516129 0.6740331491712708 0.9032258064516129 0.6685082872928176 0.910394265232975 0.6519337016574586 0.910394265232975 0.6132596685082873 0.9068100358422939 0.6077348066298343 0.9139784946236559 0.6187845303867403 0.9247311827956989 0.6243093922651933 0.931899641577061 0.6353591160220995 0.9354838709677419 0.6353591160220995 0.942652329749104 0.6464088397790055 0.946236559139785 0.6464088397790055 0.953405017921147 0.6574585635359116 0.956989247311828 0.6574585635359116 0.967741935483871 0.6740331491712708 0.967741935483871 0.6795580110497238 0.9713261648745519 0.6850828729281768 0.9713261648745519 0.6961325966850829 0.967741935483871 0.7016574585635359 0.967741935483871 0.7071823204419889 0.9605734767025089 0.7182320441988951 0.956989247311828 0.7182320441988951 0.946236559139785 0.7348066298342542 0.942652329749104 0.7348066298342542 0.9354838709677419 0.7458563535911602 0.931899641577061 0.7458563535911602 0.9247311827956989 0.7569060773480663 0.921146953405018 0.7569060773480663 0.9139784946236559 0.7679558011049724 0.910394265232975 0.7679558011049724 0.9032258064516129 0.7790055248618785 0.899641577060932 0.7790055248618785 0.8960573476702509 0.7845303867403315 0.8924731182795699 0.7845303867403315 0.8888888888888888 0.7900552486187845 0.8853046594982079 0.7900552486187845 0.8817204301075269 0.7955801104972375 0.8709677419354839 0.8011049723756906 0.8637992831541219 0.8121546961325967 0.8602150537634409 0.8121546961325967 0.8566308243727598 0.8176795580110497 0.8530465949820788 0.8176795580110497 0.8494623655913979 0.8232044198895028 0.8458781362007168 0.8232044198895028 0.8351254480286738 0.8342541436464088 0.8279569892473119 0.8342541436464088 0.8243727598566308 0.8397790055248618 0.8172043010752689 0.8397790055248618 0.8136200716845878 0.8453038674033149 0.8028673835125448 0.8453038674033149 0.7992831541218638 0.8397790055248618 0.7885304659498208 0.8397790055248618 0.7849462365591398 0.8342541436464088 0.7741935483870968 0.8287292817679558 0.7598566308243727 0.8066298342541437 0.7562724014336918 0.8066298342541437 0.7455197132616488 0.7900552486187845 0.7419354838709677 0.7900552486187845 0.7168458781362007 0.7513812154696132 0.7168458781362007 0.7458563535911602 0.7204301075268817 0.7403314917127072 0.7240143369175627 0.7237569060773481 0.7311827956989247 0.712707182320442 0.7347670250896058 0.712707182320442 0.7419354838709677 0.7237569060773481 0.7419354838709677 0.7292817679558011 0.7491039426523297 0.7458563535911602 0.7526881720430108 0.7458563535911602 0.7598566308243727 0.7569060773480663 0.7634408602150538 0.7569060773480663 0.7741935483870968 0.7679558011049724 0.7992831541218638 0.7679558011049724 0.8028673835125448 0.7624309392265194 0.8100358422939068 0.7624309392265194 0.8207885304659498 0.7458563535911602 0.8207885304659498 0.7403314917127072 0.8243727598566308 0.7348066298342542 0.8243727598566308 0.7237569060773481 0.8279569892473119 0.7182320441988951 0.8279569892473119 0.6906077348066298 0.8243727598566308 0.6850828729281768 0.8243727598566308 0.6795580110497238 0.8064516129032258 0.6519337016574586 0.7992831541218638 0.6519337016574586 0.7956989247311828 0.6464088397790055 0.7885304659498208 0.6464088397790055 0.7849462365591398 0.6408839779005525 0.7813620071684588 0.6408839779005525 0.7813620071684588 0.6353591160220995 0.7849462365591398 0.6353591160220995 0.7921146953405018 0.6243093922651933 0.8028673835125448 0.6187845303867403 0.8064516129032258 0.6132596685082873 0.8064516129032258 0.6077348066298343 0.8100358422939068 0.6077348066298343 0.8136200716845878 0.6022099447513812 0.8207885304659498 0.6022099447513812
19 0.5842293906810035 0.20994475138121546 0.5878136200716846 0.2154696132596685 0.5949820788530465 0.2154696132596685 0.5985663082437276 0.22099447513812154 0.6021505376344086 0.22099447513812154 0.6057347670250897 0.2265193370165746 0.6164874551971327 0.23204419889502761 0.6236559139784946 0.24861878453038674 0.6236559139784946 0.26519337016574585 0.6200716845878136 0.27071823204419887 0.6200716845878136 0.281767955801105 0.6093189964157706 0.281767955801105 0.6057347670250897 0.287292817679558 0.5949820788530465 0.287292817679558 0.5913978494623656 0.281767955801105 0.5842293906810035 0.281767955801105 0.5806451612903226 0.27624309392265195 0.5663082437275986 0.27624309392265195 0.5627240143369175 0.27071823204419887 0.5555555555555556 0.27071823204419887 0.5555555555555556 0.2265193370165746 0.5591397849462365 0.22099447513812154 0.5591397849462365 0.2154696132596685 0.5627240143369175 0.20994475138121546 0.5806451612903226 0.20994475138121546
19 0.23655913978494625 0.39226519337016574 0.24014336917562723 0.39226519337016574 0.25089605734767023 0.3812154696132597 0.2616487455197133 0.3812154696132597 0.26523297491039427 0.3867403314917127 0.27956989247311825 0.3867403314917127 0.2831541218637993 0.39226519337016574 0.2939068100358423 0.39226519337016574 0.2974910394265233 0.39779005524861877 0.30824372759856633 0.39779005524861877 0.31899641577060933 0.4088397790055249 0.3333333333333333 0.4088397790055249 0.33691756272401435 0.4143646408839779 0.3548387096774194 0.4143646408839779 0.36200716845878134 0.425414364640884 0.3655913978494624 0.425414364640884 0.36917562724014336 0.430939226519337 0.36917562724014336 0.4419889502762431 0.3763440860215054 0.4585635359116022 0.3763440860215054 0.47513812154696133 0.37992831541218636 0.48066298342541436 0.36917562724014336 0.49171270718232046 0.33691756272401435 0.49171270718232046 0.3333333333333333 0.4861878453038674 0.32616487455197135 0.4861878453038674 0.3225806451612903 0.48066298342541436 0.3118279569892473 0.48066298342541436 0.30824372759856633 0.47513812154696133 0.2939068100358423 0.47513812154696133 0.2903225806451613 0.4696132596685083 0.27598566308243727 0.4696132596685083 0.2724014336917563 0.46408839779005523 0.26523297491039427 0.46408839779005523 0.2616487455197133 0.4585635359116022 0.25089605734767023 0.4585635359116022 0.24731182795698925 0.4530386740331492 0.24372759856630824 0.4530386740331492 0.24372759856630824 0.44751381215469616 0.23297491039426524 0.430939226519337 0.23297491039426524 0.40331491712707185 0.23655913978494625 0.39779005524861877
19 0.24014336917562723 0.47513812154696133 0.24372759856630824 0.48066298342541436 0.25448028673835127 0.48066298342541436 0.25806451612903225 0.4861878453038674 0.26523297491039427 0.4861878453038674 0.26881720430107525 0.49171270718232046 0.27598566308243727 0.49171270718232046 0.2831541218637993 0.5027624309392266 0.2831541218637993 0.5469613259668509 0.2724014336917563 0.56353591160221 0.24372759856630824 0.56353591160221 0.24014336917562723 0.5580110497237569 0.22580645161290322 0.5580110497237569 0.2222222222222222 0.5524861878453039 0.20430107526881722 0.5524861878453039 0.2007168458781362 0.5469613259668509 0.1971326164874552 0.5469613259668509 0.1935483870967742 0.5414364640883977 0.1863799283154122 0.5414364640883977 0.1827956989247312 0.5359116022099447 0.17204301075268819 0.5359116022099447 0.16845878136200718 0.5303867403314917 0.15412186379928317 0.5303867403314917 0.15053763440860216 0.5248618784530387 0.14695340501792115 0.5248618784530387 0.13978494623655913 0.5138121546961326 0.13978494623655913 0.5027624309392266 0.13620071684587814 0.4972375690607735 0.13620071684587814 0.4861878453038674 0.13978494623655913 0.48066298342541436 0.13978494623655913 0.47513812154696133 0.15053763440860216 0.4585635359116022 0.1827956989247312 0.4585635359116022 0.1863799283154122 0.46408839779005523 0.1935483870967742 0.46408839779005523 0.1971326164874552 0.4696132596685083 0.21863799283154123 0.4696132596685083 0.2222222222222222 0.47513812154696133 0.23655913978494625 0.47513812154696133
19 0.7777777777777778 0.4861878453038674 0.7813620071684588 0.49171270718232046 0.7956989247311828 0.49171270718232046 0.7992831541218638 0.4972375690607735 0.8028673835125448 0.4972375690607735 0.8136200716845878 0.5138121546961326 0.8136200716845878 0.5303867403314917 0.8100358422939068 0.5359116022099447 0.8100358422939068 0.5580110497237569 0.7992831541218638 0.574585635359116 0.7634408602150538 0.574585635359116 0.7598566308243727 0.569060773480663 0.7526881720430108 0.569060773480663 0.7491039426523297 0.56353591160221 0.7455197132616488 0.56353591160221 0.7383512544802867 0.5524861878453039 0.7383512544802867 0.5082872928176796 0.7455197132616488 0.4972375690607735 0.7491039426523297 0.4972375690607735 0.7526881720430108 0.49171270718232046 0.7598566308243727 0.49171270718232046 0.7634408602150538 0.4861878453038674 0.7741935483870968 0.4861878453038674
19 0.5698924731182796 0.16022099447513813 0.5734767025089605 0.16574585635359115 0.5842293906810035 0.16574585635359115 0.5878136200716846 0.1712707182320442 0.5985663082437276 0.17679558011049723 0.6057347670250897 0.1878453038674033 0.6093189964157706 0.1878453038674033 0.6272401433691757 0.20994475138121546 0.6379928315412187 0.2154696132596685 0.6487455197132617 0.23204419889502761 0.6523297491039427 0.23204419889502761 0.6630824372759857 0.24861878453038674 0.6666666666666666 0.24861878453038674 0.6810035842293907 0.27071823204419887 0.6845878136200717 0.27071823204419887 0.6917562724014337 0.281767955801105 0.6953405017921147 0.281767955801105 0.7025089605734767 0.292817679558011 0.7060931899641577 0.292817679558011 0.7275985663082437 0.3259668508287293 0.7311827956989247 0.3259668508287293 0.7383512544802867 0.3370165745856354 0.7419354838709677 0.3370165745856354 0.7491039426523297 0.34806629834254144 0.7526881720430108 0.34806629834254144 0.7634408602150538 0.36464088397790057 0.7670250896057348 0.36464088397790057 0.7849462365591398 0.39226519337016574 0.7849462365591398 0.425414364640884 0.7813620071684588 0.430939226519337 0.7813620071684588 0.43646408839779005 0.7777777777777778 0.43646408839779005 0.7741935483870968 0.4419889502762431 0.7670250896057348 0.4419889502762431 0.7634408602150538 0.44751381215469616 0.7598566308243727 0.44751381215469616 0.7526881720430108 0.4585635359116022 0.7491039426523297 0.4585635359116022 0.7455197132616488 0.46408839779005523 0.7419354838709677 0.46408839779005523 0.7383512544802867 0.4696132596685083 0.7347670250896058 0.4696132596685083 0.7311827956989247 0.47513812154696133 0.7275985663082437 0.47513812154696133 0.7240143369175627 0.48066298342541436 0.7204301075268817 0.48066298342541436 0.7168458781362007 0.4861878453038674 0.7132616487455197 0.4861878453038674 0.7096774193548387 0.49171270718232046 0.6989247311827957 0.4972375690607735 0.6917562724014337 0.5082872928176796 0.6881720430107527 0.5082872928176796 0.6845878136200717 0.5138121546961326 0.6810035842293907 0.5138121546961326 0.6774193548387096 0.5193370165745856 0.6738351254480287 0.5193370165745856 0.6702508960573477 0.5248618784530387 0.6594982078853047 0.5303867403314917 0.6523297491039427 0.5414364640883977 0.6487455197132617 0.5414364640883977 0.6451612903225806 0.5469613259668509 0.6344086021505376 0.5524861878453039 0.6272401433691757 0.56353591160221 0.6164874551971327 0.569060773480663 0.6093189964157706 0.580110497237569 0.5985663082437276 0.585635359116022 0.5913978494623656 0.5966850828729282 0.5878136200716846 0.5966850828729282 0.5842293906810035 0.6022099447513812 0.5770609318996416 0.6022099447513812 0.5698924731182796 0.6132596685082873 0.5663082437275986 0.6132596685082873 0.5627240143369175 0.6187845303867403 0.5519713261648745 0.6243093922651933 0.5340501792114696 0.6464088397790055 0.5304659498207885 0.6464088397790055 0.5268817204301075 0.6519337016574586 0.5232974910394266 0.6519337016574586 0.5197132616487455 0.6574585635359116 0.5161290322580645 0.6574585635359116 0.5053763440860215 0.6685082872928176 0.4982078853046595 0.6685082872928176 0.4946236559139785 0.6740331491712708 0.4910394265232975 0.6740331491712708 0.48028673835125446 0.6906077348066298 0.4767025089605735 0.6906077348066298 0.4731182795698925 0.6961325966850829 0.46953405017921146 0.6961325966850829 0.45878136200716846 0.7071823204419889 0.4551971326164875 0.7071823204419889 0.44802867383512546 0.7182320441988951 0.4444444444444444 0.7182320441988951 0.44086021505376344 0.7237569060773481 0.43010752688172044 0.7292817679558011 0.4229390681003584 0.7403314917127072 0.4157706093189964 0.7403314917127072 0.40860215053763443 0.7513812154696132 0.4050179211469534 0.7513812154696132 0.4014336917562724 0.7569060773480663 0.3906810035842294 0.7624309392265194 0.3835125448028674 0.7734806629834254 0.37992831541218636 0.7734806629834254 0.3763440860215054 0.7790055248618785 0.36917562724014336 0.7790055248618785 0.3655913978494624 0.7845303867403315 0.36200716845878134 0.7845303867403315 0.35842293906810035 0.7900552486187845 0.3548387096774194 0.7900552486187845 0.35125448028673834 0.7955801104972375 0.34767025089605735 0.7955801104972375 0.33691756272401435 0.8066298342541437 0.32974910394265233 0.8066298342541437 0.31899641577060933 0.8176795580110497 0.2867383512544803 0.8176795580110497 0.2831541218637993 0.8121546961325967 0.27956989247311825 0.8121546961325967 0.2724014336917563 0.8011049723756906 0.26881720430107525 0.8011049723756906 0.26523297491039427 0.7955801104972375 0.26523297491039427 0.7900552486187845 0.21863799283154123 0.7182320441988951 0.21863799283154123 0.712707182320442 0.21505376344086022 0.7071823204419889 0.2114695340501792 0.7071823204419889 0.2007168458781362 0.6906077348066298 0.2007168458781362 0.6850828729281768 0.1863799283154122 0.6629834254143646 0.1827956989247312 0.6629834254143646 0.17921146953405018 0.6574585635359116 0.17921146953405018 0.6519337016574586 0.15412186379928317 0.6132596685082873 0.15053763440860216 0.6132596685082873 0.14336917562724014 0.6022099447513812 0.14336917562724014 0.5966850828729282 0.11469534050179211 0.5524861878453039 0.11469534050179211 0.5469613259668509 0.10752688172043011 0.5303867403314917 0.10752688172043011 0.5138121546961326 0.11827956989247312 0.4972375690607735 0.12903225806451613 0.49171270718232046 0.13261648745519714 0.4972375690607735 0.13261648745519714 0.5082872928176796 0.13620071684587814 0.5138121546961326 0.13620071684587814 0.5193370165745856 0.14336917562724014 0.5303867403314917 0.14695340501792115 0.5303867403314917 0.14695340501792115 0.5359116022099447 0.15053763440860216 0.5414364640883977 0.15412186379928317 0.5414364640883977 0.15770609318996415 0.5469613259668509 0.17204301075268819 0.5469613259668509 0.17562724014336917 0.5524861878453039 0.1827956989247312 0.5524861878453039 0.1935483870967742 0.569060773480663 0.1971326164874552 0.56353591160221 0.1971326164874552 0.5580110497237569 0.2007168458781362 0.5580110497237569 0.20430107526881722 0.56353591160221 0.2114695340501792 0.56353591160221 0.21505376344086022 0.569060773480663 0.22939068100358423 0.569060773480663 0.22939068100358423 0.574585635359116 0.23297491039426524 0.580110497237569 0.22939068100358423 0.585635359116022 0.22939068100358423 0.5911602209944752 0.2222222222222222 0.6077348066298343 0.2222222222222222 0.6353591160220995 0.23297491039426524 0.6519337016574586 0.23297491039426524 0.6574585635359116 0.23655913978494625 0.6629834254143646 0.23655913978494625 0.6740331491712708 0.24372759856630824 0.6906077348066298 0.24731182795698925 0.6906077348066298 0.25806451612903225 0.7016574585635359 0.26523297491039427 0.7016574585635359 0.26881720430107525 0.7071823204419889 0.27598566308243727 0.7071823204419889 0.27956989247311825 0.712707182320442 0.2903225806451613 0.712707182320442 0.2939068100358423 0.7182320441988951 0.3046594982078853 0.7182320441988951 0.3118279569892473 0.7292817679558011 0.3225806451612903 0.7292817679558011 0.32616487455197135 0.7348066298342542 0.3333333333333333 0.7348066298342542 0.33691756272401435 0.7403314917127072 0.34050179211469533 0.7403314917127072 0.34408602150537637 0.7458563535911602 0.35125448028673834 0.7458563535911602 0.3548387096774194 0.7513812154696132 0.3655913978494624 0.7513812154696132 0.36917562724014336 0.7458563535911602 0.3727598566308244 0.7458563535911602 0.3870967741935484 0.7182320441988951 0.3870967741935484 0.6685082872928176 0.3835125448028674 0.6629834254143646 0.3835125448028674 0.6519337016574586 0.3763440860215054 0.6353591160220995 0.3763440860215054 0.6243093922651933 0.3906810035842294 0.6243093922651933 0.3942652329749104 0.6187845303867403 0.3942652329749104 0.6132596685082873 0.3942652329749104 0.6187845303867403 0.3906810035842294 0.6243093922651933 0.3942652329749104 0.6298342541436464 0.4121863799283154 0.6298342541436464 0.4121863799283154 0.6408839779005525 0.4157706093189964 0.6464088397790055 0.4229390681003584 0.6464088397790055 0.4265232974910394 0.6519337016574586 0.43727598566308246 0.6519337016574586 0.43727598566308246 0.6574585635359116 0.44086021505376344 0.6629834254143646 0.4659498207885305 0.6629834254143646 0.4767025089605735 0.6464088397790055 0.4767025089605735 0.6408839779005525 0.48028673835125446 0.6353591160220995 0.4767025089605735 0.6298342541436464 0.4838709677419355 0.6132596685082873 0.4838709677419355 0.5911602209944752 0.48028673835125446 0.585635359116022 0.48028673835125446 0.580110497237569 0.46953405017921146 0.56353591160221 0.46953405017921146 0.5580110497237569 0.4659498207885305 0.5524861878453039 0.46236559139784944 0.5524861878453039 0.4659498207885305 0.5469613259668509 0.46953405017921146 0.5469613259668509 0.4731182795698925 0.5524861878453039 0.48028673835125446 0.5524861878453039 0.4838709677419355 0.5580110497237569 0.4946236559139785 0.5580110497237569 0.4982078853046595 0.56353591160221 0.5017921146953405 0.56353591160221 0.5089605734767025 0.574585635359116 0.5232974910394266 0.574585635359116 0.5268817204301075 0.580110497237569 0.5448028673835126 0.580110497237569 0.5483870967741935 0.585635359116022 0.5519713261648745 0.585635359116022 0.5627240143369175 0.569060773480663 0.5627240143369175 0.5580110497237569 0.5663082437275986 0.5524861878453039 0.5663082437275986 0.5469613259668509 0.5734767025089605 0.5359116022099447 0.5734767025089605 0.5082872928176796 0.5770609318996416 0.5027624309392266 0.5770609318996416 0.49171270718232046 0.5806451612903226 0.49171270718232046 0.5842293906810035 0.4972375690607735 0.5985663082437276 0.4972375690607735 0.6021505376344086 0.5027624309392266 0.6093189964157706 0.5027624309392266 0.6129032258064516 0.5082872928176796 0.6200716845878136 0.5082872928176796 0.6236559139784946 0.5138121546961326 0.6379928315412187 0.5138121546961326 0.6487455197132617 0.4972375690607735 0.6487455197132617 0.48066298342541436 0.6559139784946236 0.4696132596685083 0.6559139784946236 0.46408839779005523 0.6594982078853047 0.4585635359116022 0.6594982078853047 0.44751381215469616 0.6559139784946236 0.4419889502762431 0.6594982078853047 0.43646408839779005 0.6559139784946236 0.430939226519337 0.6559139784946236 0.425414364640884 0.6738351254480287 0.425414364640884 0.6774193548387096 0.430939226519337 0.6881720430107527 0.430939226519337 0.6917562724014337 0.43646408839779005 0.6989247311827957 0.43646408839779005 0.7025089605734767 0.4419889502762431 0.7240143369175627 0.4419889502762431 0.7347670250896058 0.430939226519337 0.7347670250896058 0.425414364640884 0.7383512544802867 0.4198895027624309 0.7383512544802867 0.4143646408839779 0.7455197132616488 0.39779005524861877 0.7455197132616488 0.3867403314917127 0.7419354838709677 0.3812154696132597 0.7419354838709677 0.3701657458563536 0.7240143369175627 0.3425414364640884 0.7132616487455197 0.3370165745856354 0.7132616487455197 0.3314917127071823 0.7096774193548387 0.3259668508287293 0.6989247311827957 0.3259668508287293 0.6953405017921147 0.32044198895027626 0.6917562724014337 0.32044198895027626 0.6881720430107527 0.3149171270718232 0.6845878136200717 0.3149171270718232 0.6810035842293907 0.30939226519337015 0.6774193548387096 0.30939226519337015 0.6666666666666666 0.2983425414364641 0.6487455197132617 0.2983425414364641 0.6451612903225806 0.292817679558011 0.6379928315412187 0.292817679558011 0.6344086021505376 0.287292817679558 0.6272401433691757 0.287292817679558 0.6272401433691757 0.27071823204419887 0.6308243727598566 0.26519337016574585 0.6308243727598566 0.2430939226519337 0.6272401433691757 0.23756906077348067 0.6272401433691757 0.23204419889502761 0.6200716845878136 0.22099447513812154 0.6164874551971327 0.22099447513812154 0.6129032258064516 0.2154696132596685 0.6093189964157706 0.2154696132596685 0.5985663082437276 0.20441988950276244 0.5913978494623656 0.20441988950276244 0.5878136200716846 0.19889502762430938 0.5698924731182796 0.19889502762430938 0.5663082437275986 0.19337016574585636 0.5591397849462365 0.19337016574585636 0.5555555555555556 0.1878453038674033 0.5483870967741935 0.1878453038674033 0.5448028673835126 0.18232044198895028 0.5376344086021505 0.18232044198895028 0.5340501792114696 0.17679558011049723 0.5376344086021505 0.1712707182320442 0.5412186379928315 0.1712707182320442 0.5448028673835126 0.16574585635359115 0.5519713261648745 0.16574585635359115 0.5555555555555556 0.16022099447513813 0.5663082437275986 0.16022099447513813
19 0.5053763440860215 0.26519337016574585 0.5089605734767025 0.27071823204419887 0.5197132616487455 0.27071823204419887 0.5232974910394266 0.27624309392265195 0.5340501792114696 0.27624309392265195 0.5376344086021505 0.281767955801105 0.5412186379928315 0.281767955801105 0.5483870967741935 0.292817679558011 0.5483870967741935 0.3314917127071823 0.5412186379928315 0.34806629834254144 0.5340501792114696 0.34806629834254144 0.5304659498207885 0.35359116022099446 0.5232974910394266 0.35359116022099446 0.5197132616487455 0.34806629834254144 0.4982078853046595 0.34806629834254144 0.4946236559139785 0.3425414364640884 0.4767025089605735 0.3425414364640884 0.4731182795698925 0.3370165745856354 0.44802867383512546 0.3370165745856354 0.4444444444444444 0.3314917127071823 0.4336917562724014 0.3314917127071823 0.43010752688172044 0.3259668508287293 0.4229390681003584 0.3259668508287293 0.4121863799283154 0.30939226519337015 0.4121863799283154 0.30386740331491713 0.40860215053763443 0.2983425414364641 0.40860215053763443 0.27624309392265195 0.4157706093189964 0.2596685082872928 0.4551971326164875 0.2596685082872928 0.45878136200716846 0.26519337016574585 0.5017921146953405 0.26519337016574585
19 0.7383512544802867 0.3425414364640884 0.7419354838709677 0.3425414364640884 0.7526881720430108 0.35911602209944754 0.7562724014336918 0.35911602209944754 0.7634408602150538 0.3701657458563536 0.7670250896057348 0.3701657458563536 0.7670250896057348 0.3756906077348066 0.7706093189964157 0.3812154696132597 0.7741935483870968 0.3812154696132597 0.7813620071684588 0.39226519337016574 0.7813620071684588 0.39779005524861877 0.7849462365591398 0.40331491712707185 0.7849462365591398 0.4088397790055249 0.7813620071684588 0.4143646408839779 0.7813620071684588 0.430939226519337 0.7777777777777778 0.430939226519337 0.7741935483870968 0.43646408839779005 0.7670250896057348 0.43646408839779005 0.7491039426523297 0.4585635359116022 0.7455197132616488 0.4585635359116022 0.7419354838709677 0.46408839779005523 0.7383512544802867 0.46408839779005523 0.7347670250896058 0.4696132596685083 0.7311827956989247 0.4696132596685083 0.7275985663082437 0.47513812154696133 0.7240143369175627 0.47513812154696133 0.7204301075268817 0.48066298342541436 0.7168458781362007 0.48066298342541436 0.7132616487455197 0.4861878453038674 0.7025089605734767 0.49171270718232046 0.6953405017921147 0.5027624309392266 0.6917562724014337 0.5027624309392266 0.6881720430107527 0.5082872928176796 0.6845878136200717 0.5082872928176796 0.6738351254480287 0.5193370165745856 0.6666666666666666 0.5193370165745856 0.6630824372759857 0.5248618784530387 0.6559139784946236 0.5248618784530387 0.6415770609318996 0.5469613259668509 0.6344086021505376 0.5469613259668509 0.6308243727598566 0.5524861878453039 0.6272401433691757 0.5524861878453039 0.6200716845878136 0.56353591160221 0.6093189964157706 0.569060773480663 0.6021505376344086 0.580110497237569 0.5878136200716846 0.580110497237569 0.5842293906810035 0.585635359116022 0.5842293906810035 0.5966850828729282 0.5806451612903226 0.5966850828729282 0.5770609318996416 0.6022099447513812 0.5734767025089605 0.6022099447513812 0.5698924731182796 0.6077348066298343 0.5591397849462365 0.6132596685082873 0.5519713261648745 0.6243093922651933 0.5412186379928315 0.6298342541436464 0.5340501792114696 0.6408839779005525 0.5304659498207885 0.6408839779005525 0.5197132616487455 0.6519337016574586 0.5125448028673835 0.6519337016574586 0.5053763440860215 0.6629834254143646 0.5017921146953405 0.6629834254143646 0.4982078853046595 0.6685082872928176 0.4874551971326165 0.6740331491712708 0.48028673835125446 0.6850828729281768 0.46953405017921146 0.6906077348066298 0.46236559139784944 0.7016574585635359 0.45161290322580644 0.7071823204419889 0.44802867383512546 0.712707182320442 0.4444444444444444 0.712707182320442 0.4336917562724014 0.7237569060773481 0.43010752688172044 0.7237569060773481 0.4229390681003584 0.7348066298342542 0.4121863799283154 0.7403314917127072 0.4050179211469534 0.7513812154696132 0.4014336917562724 0.7513812154696132 0.3978494623655914 0.7569060773480663 0.3942652329749104 0.7569060773480663 0.3906810035842294 0.7624309392265194 0.3870967741935484 0.7624309392265194 0.3835125448028674 0.7679558011049724 0.37992831541218636 0.7679558011049724 0.3763440860215054 0.7734806629834254 0.3727598566308244 0.7734806629834254 0.36917562724014336 0.7790055248618785 0.3655913978494624 0.7790055248618785 0.36200716845878134 0.7845303867403315 0.35125448028673834 0.7900552486187845 0.34408602150537637 0.8011049723756906 0.33691756272401435 0.8011049723756906 0.32616487455197135 0.8121546961325967 0.3154121863799283 0.8121546961325967 0.3118279569892473 0.8176795580110497 0.2903225806451613 0.8176795580110497 0.2867383512544803 0.8121546961325967 0.27598566308243727 0.8066298342541437 0.22580645161290322 0.7292817679558011 0.22580645161290322 0.7237569060773481 0.2114695340501792 0.7016574585635359 0.2078853046594982 0.7016574585635359 0.20430107526881722 0.6961325966850829 0.20430107526881722 0.6906077348066298 0.11469534050179211 0.5524861878453039 0.11469534050179211 0.5469613259668509 0.10752688172043011 0.5303867403314917 0.10752688172043011 0.5138121546961326 0.11827956989247312 0.4972375690607735 0.12544802867383512 0.4972375690607735 0.12903225806451613 0.49171270718232046 0.13261648745519714 0.4972375690607735 0.13261648745519714 0.5082872928176796 0.13620071684587814 0.5138121546961326 0.13620071684587814 0.5248618784530387 0.13978494623655913 0.5303867403314917 0.14336917562724014 0.5303867403314917 0.14336917562724014 0.5359116022099447 0.15053763440860216 0.5469613259668509 0.17921146953405018 0.5469613259668509 0.18996415770609318 0.5580110497237569 0.2007168458781362 0.5580110497237569 0.20430107526881722 0.56353591160221 0.2114695340501792 0.56353591160221 0.21505376344086022 0.569060773480663 0.21863799283154123 0.56353591160221 0.2222222222222222 0.569060773480663 0.22939068100358423 0.569060773480663 0.22939068100358423 0.585635359116022 0.2222222222222222 0.6022099447513812 0.2222222222222222 0.6408839779005525 0.23297491039426524 0.6574585635359116 0.23297491039426524 0.6685082872928176 0.23655913978494625 0.6740331491712708 0.23655913978494625 0.6795580110497238 0.24372759856630824 0.6906077348066298 0.24731182795698925 0.6906077348066298 0.25448028673835127 0.7016574585635359 0.25806451612903225 0.7016574585635359 0.2616487455197133 0.7071823204419889 0.26881720430107525 0.7071823204419889 0.2724014336917563 0.712707182320442 0.2867383512544803 0.712707182320442 0.2903225806451613 0.7182320441988951 0.2974910394265233 0.7182320441988951 0.3010752688172043 0.7237569060773481 0.3046594982078853 0.7237569060773481 0.3154121863799283 0.7348066298342542 0.3225806451612903 0.7348066298342542 0.32616487455197135 0.7403314917127072 0.33691756272401435 0.7403314917127072 0.34050179211469533 0.7458563535911602 0.34767025089605735 0.7458563535911602 0.35842293906810035 0.7569060773480663 0.3655913978494624 0.7569060773480663 0.36917562724014336 0.7513812154696132 0.3727598566308244 0.7513812154696132 0.3942652329749104 0.7182320441988951 0.3942652329749104 0.712707182320442 0.3978494623655914 0.7071823204419889 0.3942652329749104 0.7016574585635359 0.3978494623655914 0.6961325966850829 0.3942652329749104 0.6906077348066298 0.3942652329749104 0.6850828729281768 0.3978494623655914 0.6795580110497238 0.3906810035842294 0.6629834254143646 0.3942652329749104 0.6574585635359116 0.3942652329749104 0.6464088397790055 0.4014336917562724 0.6464088397790055 0.4050179211469534 0.6519337016574586 0.4157706093189964 0.6519337016574586 0.41935483870967744 0.6574585635359116 0.43010752688172044 0.6574585635359116 0.4336917562724014 0.6629834254143646 0.43727598566308246 0.6629834254143646 0.44802867383512546 0.6740331491712708 0.46236559139784944 0.6740331491712708 0.46953405017921146 0.6629834254143646 0.4731182795698925 0.6629834254143646 0.4838709677419355 0.6519337016574586 0.4838709677419355 0.6464088397790055 0.4874551971326165 0.6408839779005525 0.4874551971326165 0.6187845303867403 0.4910394265232975 0.6132596685082873 0.4910394265232975 0.6077348066298343 0.4982078853046595 0.6077348066298343 0.5053763440860215 0.5966850828729282 0.5053763440860215 0.5911602209944752 0.5053763440860215 0.5966850828729282 0.5089605734767025 0.6022099447513812 0.5125448028673835 0.5966850828729282 0.5125448028673835 0.585635359116022 0.5161290322580645 0.585635359116022 0.5197132616487455 0.580110497237569 0.5232974910394266 0.585635359116022 0.5340501792114696 0.585635359116022 0.5448028673835126 0.5966850828729282 0.5555555555555556 0.5966850828729282 0.5591397849462365 0.5911602209944752 0.5627240143369175 0.5966850828729282 0.5698924731182796 0.580110497237569 0.5698924731182796 0.5524861878453039 0.5734767025089605 0.5469613259668509 0.5770609318996416 0.5469613259668509 0.5842293906810035 0.5359116022099447 0.5842293906810035 0.5027624309392266 0.5949820788530465 0.5027624309392266 0.5985663082437276 0.5082872928176796 0.6021505376344086 0.5082872928176796 0.6093189964157706 0.5193370165745856 0.5985663082437276 0.5303867403314917 0.5985663082437276 0.5414364640883977 0.6021505376344086 0.5469613259668509 0.6129032258064516 0.5469613259668509 0.6164874551971327 0.5414364640883977 0.6129032258064516 0.5359116022099447 0.6164874551971327 0.5359116022099447 0.6200716845878136 0.5414364640883977 0.6236559139784946 0.5359116022099447 0.6236559139784946 0.5248618784530387 0.6200716845878136 0.5193370165745856 0.6308243727598566 0.5193370165745856 0.6344086021505376 0.5248618784530387 0.6451612903225806 0.5248618784530387 0.6523297491039427 0.5138121546961326 0.6523297491039427 0.5082872928176796 0.6559139784946236 0.5082872928176796 0.6594982078853047 0.5027624309392266 0.6559139784946236 0.4972375690607735 0.6559139784946236 0.48066298342541436 0.6666666666666666 0.48066298342541436 0.6702508960573477 0.47513812154696133 0.6666666666666666 0.4696132596685083 0.6630824372759857 0.4696132596685083 0.6630824372759857 0.46408839779005523 0.6666666666666666 0.46408839779005523 0.6702508960573477 0.4585635359116022 0.6666666666666666 0.4530386740331492 0.6666666666666666 0.430939226519337 0.6702508960573477 0.430939226519337 0.6738351254480287 0.43646408839779005 0.6845878136200717 0.43646408839779005 0.6881720430107527 0.4419889502762431 0.6953405017921147 0.4419889502762431 0.6989247311827957 0.44751381215469616 0.7204301075268817 0.44751381215469616 0.7240143369175627 0.4419889502762431 0.7311827956989247 0.4419889502762431 0.7383512544802867 0.430939226519337 0.7383512544802867 0.425414364640884 0.7419354838709677 0.425414364640884 0.7455197132616488 0.4198895027624309 0.7419354838709677 0.4143646408839779 0.7491039426523297 0.39779005524861877 0.7491039426523297 0.3756906077348066 0.7383512544802867 0.35911602209944754 0.7383512544802867 0.34806629834254144
19 0.7849462365591398 0.6464088397790055 0.7885304659498208 0.6519337016574586 0.7956989247311828 0.6519337016574586 0.7992831541218638 0.6574585635359116 0.8064516129032258 0.6574585635359116 0.8243727598566308 0.6850828729281768 0.8243727598566308 0.7182320441988951 0.8207885304659498 0.7237569060773481 0.8207885304659498 0.7348066298342542 0.8172043010752689 0.7403314917127072 0.8172043010752689 0.7458563535911602 0.8100358422939068 0.7569060773480663 0.8064516129032258 0.7569060773480663 0.8028673835125448 0.7624309392265194 0.7813620071684588 0.7624309392265194 0.7777777777777778 0.7569060773480663 0.7670250896057348 0.7569060773480663 0.7634408602150538 0.7513812154696132 0.7598566308243727 0.7513812154696132 0.7419354838709677 0.7237569060773481 0.7419354838709677 0.6906077348066298 0.7455197132616488 0.6850828729281768 0.7455197132616488 0.6740331491712708 0.7562724014336918 0.6574585635359116 0.7598566308243727 0.6574585635359116 0.7706093189964157 0.6464088397790055 0.7813620071684588 0.6464088397790055
19 0.6344086021505376 0.6187845303867403 0.6451612903225806 0.6298342541436464 0.6523297491039427 0.6298342541436464 0.6630824372759857 0.6408839779005525 0.6702508960573477 0.6408839779005525 0.6738351254480287 0.6464088397790055 0.6810035842293907 0.6464088397790055 0.6845878136200717 0.6519337016574586 0.6881720430107527 0.6519337016574586 0.6989247311827957 0.6629834254143646 0.7060931899641577 0.6629834254143646 0.7096774193548387 0.6685082872928176 0.7132616487455197 0.6685082872928176 0.7240143369175627 0.6850828729281768 0.7240143369175627 0.7071823204419889 0.7204301075268817 0.712707182320442 0.7168458781362007 0.7292817679558011 0.7096774193548387 0.7403314917127072 0.7060931899641577 0.7569060773480663 0.6881720430107527 0.7845303867403315 0.6881720430107527 0.7900552486187845 0.6810035842293907 0.8011049723756906 0.6774193548387096 0.8176795580110497 0.6594982078853047 0.8453038674033149 0.6594982078853047 0.850828729281768 0.6523297491039427 0.861878453038674 0.6487455197132617 0.861878453038674 0.6451612903225806 0.8674033149171271 0.6236559139784946 0.8674033149171271 0.6200716845878136 0.861878453038674 0.6093189964157706 0.861878453038674 0.5985663082437276 0.850828729281768 0.5913978494623656 0.850828729281768 0.5806451612903226 0.8397790055248618 0.5734767025089605 0.8397790055248618 0.5698924731182796 0.8342541436464088 0.5663082437275986 0.8342541436464088 0.5555555555555556 0.8232044198895028 0.5483870967741935 0.8232044198895028 0.5448028673835126 0.8176795580110497 0.5412186379928315 0.8176795580110497 0.5304659498207885 0.8066298342541437 0.5232974910394266 0.8066298342541437 0.5197132616487455 0.8011049723756906 0.5161290322580645 0.8011049723756906 0.5125448028673835 0.7955801104972375 0.5089605734767025 0.7955801104972375 0.4982078853046595 0.7845303867403315 0.4910394265232975 0.7845303867403315 0.4874551971326165 0.7790055248618785 0.4838709677419355 0.7790055248618785 0.4731182795698925 0.7679558011049724 0.4659498207885305 0.7679558011049724 0.4551971326164875 0.7569060773480663 0.44802867383512546 0.7569060773480663 0.44086021505376344 0.7458563535911602 0.43727598566308246 0.7458563535911602 0.4336917562724014 0.7403314917127072 0.43727598566308246 0.7348066298342542 0.44086021505376344 0.7348066298342542 0.4444444444444444 0.7292817679558011 0.44802867383512546 0.7292817679558011 0.45161290322580644 0.7237569060773481 0.46236559139784944 0.7182320441988951 0.46953405017921146 0.7071823204419889 0.48028673835125446 0.7016574585635359 0.4838709677419355 0.7071823204419889 0.48028673835125446 0.712707182320442 0.48028673835125446 0.7182320441988951 0.4982078853046595 0.7458563535911602 0.5053763440860215 0.7458563535911602 0.5089605734767025 0.7513812154696132 0.5125448028673835 0.7513812154696132 0.5161290322580645 0.7458563535911602 0.5268817204301075 0.7458563535911602 0.5376344086021505 0.7292817679558011 0.5376344086021505 0.7182320441988951 0.5412186379928315 0.712707182320442 0.5412186379928315 0.7016574585635359 0.5376344086021505 0.6961325966850829 0.5376344086021505 0.6906077348066298 0.5268817204301075 0.6740331491712708 0.5197132616487455 0.6740331491712708 0.5197132616487455 0.6685082872928176 0.5232974910394266 0.6629834254143646 0.5268817204301075 0.6629834254143646 0.5304659498207885 0.6574585635359116 0.5340501792114696 0.6574585635359116 0.5376344086021505 0.6519337016574586 0.5412186379928315 0.6519337016574586 0.5448028673835126 0.6464088397790055 0.5555555555555556 0.6408839779005525 0.5663082437275986 0.6243093922651933 0.5698924731182796 0.6243093922651933 0.5734767025089605 0.6187845303867403 0.5770609318996416 0.6187845303867403 0.5806451612903226 0.6132596685082873 0.5842293906810035 0.6132596685082873 0.5949820788530465 0.6022099447513812 0.6057347670250897 0.6022099447513812 0.6093189964157706 0.6077348066298343 0.6164874551971327 0.6077348066298343 0.6200716845878136 0.6132596685082873 0.6272401433691757 0.6132596685082873 0.6308243727598566 0.6187845303867403
19 0.6953405017921147 0.5966850828729282 0.07885304659498207 0.09944751381215469
19 0.26881720430107525 0.580110497237569 0.2724014336917563 0.585635359116022 0.2831541218637993 0.585635359116022 0.2867383512544803 0.5911602209944752 0.2903225806451613 0.5911602209944752 0.3010752688172043 0.6022099447513812 0.30824372759856633 0.6022099447513812 0.3118279569892473 0.6077348066298343 0.3225806451612903 0.6077348066298343 0.32974910394265233 0.6187845303867403 0.33691756272401435 0.6187845303867403 0.34050179211469533 0.6243093922651933 0.34767025089605735 0.6243093922651933 0.35125448028673834 0.6298342541436464 0.3548387096774194 0.6298342541436464 0.35842293906810035 0.6353591160220995 0.36917562724014336 0.6408839779005525 0.3727598566308244 0.6464088397790055 0.3727598566308244 0.6519337016574586 0.37992831541218636 0.6685082872928176 0.37992831541218636 0.7016574585635359 0.3727598566308244 0.712707182320442 0.36917562724014336 0.712707182320442 0.3655913978494624 0.7182320441988951 0.35842293906810035 0.7182320441988951 0.3548387096774194 0.712707182320442 0.34408602150537637 0.712707182320442 0.34050179211469533 0.7071823204419889 0.33691756272401435 0.7071823204419889 0.3333333333333333 0.7016574585635359 0.32616487455197135 0.7016574585635359 0.3225806451612903 0.6961325966850829 0.3010752688172043 0.6961325966850829 0.2974910394265233 0.6906077348066298 0.2903225806451613 0.6906077348066298 0.27956989247311825 0.6795580110497238 0.2724014336917563 0.6795580110497238 0.26881720430107525 0.6740331491712708 0.25806451612903225 0.6740331491712708 0.25089605734767023 0.6629834254143646 0.24372759856630824 0.6629834254143646 0.24372759856630824 0.6574585635359116 0.23297491039426524 0.6408839779005525 0.23297491039426524 0.6353591160220995 0.22939068100358423 0.6298342541436464 0.22939068100358423 0.6077348066298343 0.23297491039426524 0.6022099447513812 0.23297491039426524 0.5966850828729282 0.24014336917562723 0.585635359116022 0.24372759856630824 0.585635359116022 0.24731182795698925 0.580110497237569 0.26523297491039427 0.580110497237569
19 0.8781362007168458 0.580110497237569 0.8817204301075269 0.585635359116022 0.8853046594982079 0.585635359116022 0.9068100358422939 0.6187845303867403 0.9068100358422939 0.6519337016574586 0.9032258064516129 0.6574585635359116 0.9032258064516129 0.6629834254143646 0.8960573476702509 0.6740331491712708 0.8960573476702509 0.6795580110497238 0.8924731182795699 0.6795580110497238 0.8817204301075269 0.6906077348066298 0.8602150537634409 0.6906077348066298 0.8566308243727598 0.6850828729281768 0.8494623655913979 0.6850828729281768 0.8458781362007168 0.6795580110497238 0.8422939068100358 0.6795580110497238 0.8315412186379928 0.6629834254143646 0.8279569892473119 0.6629834254143646 0.8279569892473119 0.6519337016574586 0.8243727598566308 0.6464088397790055 0.8279569892473119 0.6408839779005525 0.8279569892473119 0.6132596685082873 0.8315412186379928 0.6077348066298343 0.8315412186379928 0.6022099447513812 0.8422939068100358 0.585635359116022 0.8458781362007168 0.585635359116022 0.8494623655913979 0.580110497237569 0.8745519713261649 0.580110497237569
19 0.40860215053763443 0.3425414364640884 0.4121863799283154 0.34806629834254144 0.4265232974910394 0.34806629834254144 0.43010752688172044 0.35359116022099446 0.4336917562724014 0.35359116022099446 0.4336917562724014 0.35911602209944754 0.43727598566308246 0.36464088397790057 0.44802867383512546 0.3701657458563536 0.45878136200716846 0.3867403314917127 0.46236559139784944 0.3867403314917127 0.46236559139784944 0.39779005524861877 0.4659498207885305 0.40331491712707185 0.4659498207885305 0.4088397790055249 0.4551971326164875 0.4198895027624309 0.43010752688172044 0.4198895027624309 0.4265232974910394 0.4143646408839779 0.4157706093189964 0.4143646408839779 0.4121863799283154 0.4088397790055249 0.3978494623655914 0.4088397790055249 0.3942652329749104 0.40331491712707185 0.3906810035842294 0.40331491712707185 0.3835125448028674 0.3867403314917127 0.3870967741935484 0.3812154696132597 0.3870967741935484 0.3701657458563536 0.3906810035842294 0.36464088397790057 0.3906810035842294 0.35911602209944754 0.3978494623655914 0.34806629834254144 0.4050179211469534 0.34806629834254144
19 0.7777777777777778 0.4585635359116022 0.7813620071684588 0.46408839779005523 0.7849462365591398 0.46408839779005523 0.7992831541218638 0.4861878453038674 0.7992831541218638 0.49171270718232046 0.7956989247311828 0.4861878453038674 0.7741935483870968 0.4861878453038674 0.7706093189964157 0.48066298342541436 0.7670250896057348 0.4861878453038674 0.7526881720430108 0.4861878453038674 0.7491039426523297 0.49171270718232046 0.7455197132616488 0.49171270718232046 0.7347670250896058 0.5082872928176796 0.7347670250896058 0.5524861878453039 0.7455197132616488 0.569060773480663 0.7491039426523297 0.569060773480663 0.7526881720430108 0.574585635359116 0.7598566308243727 0.574585635359116 0.7634408602150538 0.580110497237569 0.7956989247311828 0.580110497237569 0.7992831541218638 0.574585635359116 0.8064516129032258 0.574585635359116 0.8136200716845878 0.5580110497237569 0.8136200716845878 0.5414364640883977 0.8172043010752689 0.5359116022099447 0.8172043010752689 0.5138121546961326 0.8136200716845878 0.5082872928176796 0.8172043010752689 0.5082872928176796 0.8207885304659498 0.5138121546961326 0.8243727598566308 0.5138121546961326 0.8315412186379928 0.5248618784530387 0.8351254480286738 0.5248618784530387 0.8530465949820788 0.5524861878453039 0.8530465949820788 0.5580110497237569 0.8422939068100358 0.574585635359116 0.8315412186379928 0.580110497237569 0.8207885304659498 0.5966850828729282 0.8136200716845878 0.5966850828729282 0.8100358422939068 0.6022099447513812 0.8064516129032258 0.6022099447513812 0.7956989247311828 0.6187845303867403 0.7849462365591398 0.6243093922651933 0.7777777777777778 0.6353591160220995 0.7741935483870968 0.6353591160220995 0.7706093189964157 0.6408839779005525 0.7670250896057348 0.6408839779005525 0.7634408602150538 0.6464088397790055 0.7598566308243727 0.6464088397790055 0.7491039426523297 0.6574585635359116 0.7383512544802867 0.6574585635359116 0.7275985663082437 0.6685082872928176 0.7204301075268817 0.6685082872928176 0.7132616487455197 0.6574585635359116 0.7060931899641577 0.6574585635359116 0.7025089605734767 0.6519337016574586 0.6989247311827957 0.6519337016574586 0.6989247311827957 0.6464088397790055 0.7096774193548387 0.6464088397790055 0.7132616487455197 0.6408839779005525 0.7240143369175627 0.6353591160220995 0.7347670250896058 0.6187845303867403 0.7347670250896058 0.569060773480663 0.7240143369175627 0.5524861878453039 0.7204301075268817 0.5524861878453039 0.7168458781362007 0.5469613259668509 0.6738351254480287 0.5469613259668509 0.6702508960573477 0.5524861878453039 0.6666666666666666 0.5524861878453039 0.6559139784946236 0.569060773480663 0.6559139784946236 0.574585635359116 0.6523297491039427 0.580110497237569 0.6523297491039427 0.6077348066298343 0.6559139784946236 0.6132596685082873 0.6559139784946236 0.6243093922651933 0.6487455197132617 0.6243093922651933 0.6451612903225806 0.6187845303867403 0.6415770609318996 0.6187845303867403 0.6379928315412187 0.6132596685082873 0.6344086021505376 0.6132596685082873 0.6236559139784946 0.6022099447513812 0.6164874551971327 0.6022099447513812 0.6057347670250897 0.5911602209944752 0.6093189964157706 0.585635359116022 0.6129032258064516 0.585635359116022 0.6200716845878136 0.574585635359116 0.6308243727598566 0.569060773480663 0.6379928315412187 0.5580110497237569 0.6415770609318996 0.5580110497237569 0.6451612903225806 0.5524861878453039 0.6487455197132617 0.5524861878453039 0.6523297491039427 0.5469613259668509 0.6559139784946236 0.5469613259668509 0.6594982078853047 0.5414364640883977 0.6630824372759857 0.5414364640883977 0.6666666666666666 0.5359116022099447 0.6702508960573477 0.5359116022099447 0.6738351254480287 0.5303867403314917 0.6774193548387096 0.5303867403314917 0.6810035842293907 0.5248618784530387 0.6917562724014337 0.5193370165745856 0.6989247311827957 0.5082872928176796 0.7096774193548387 0.5027624309392266 0.7168458781362007 0.49171270718232046 0.7240143369175627 0.49171270718232046 0.7311827956989247 0.48066298342541436 0.7347670250896058 0.48066298342541436 0.7455197132616488 0.4696132596685083 0.7526881720430108 0.4696132596685083 0.7598566308243727 0.4585635359116022 0.7634408602150538 0.4585635359116022 0.7670250896057348 0.4530386740331492 0.7706093189964157 0.4530386740331492 0.7741935483870968 0.4585635359116022
19 0.4551971326164875 0.2596685082872928 0.45878136200716846 0.26519337016574585 0.46953405017921146 0.26519337016574585 0.4731182795698925 0.27071823204419887 0.46953405017921146 0.27624309392265195 0.46953405017921146 0.287292817679558 0.4659498207885305 0.292817679558011 0.4659498207885305 0.3314917127071823 0.44086021505376344 0.3314917127071823 0.43010752688172044 0.32044198895027626 0.41935483870967744 0.32044198895027626 0.4157706093189964 0.3149171270718232 0.4157706093189964 0.30939226519337015 0.40860215053763443 0.292817679558011 0.40860215053763443 0.27624309392265195 0.41935483870967744 0.2596685082872928 0.45161290322580644 0.2596685082872928