19 0.24074074074074073 0.49444444444444446 0.24444444444444444 0.5 0.24814814814814815 0.5 0.24814814814814815 0.5055555555555555 0.2518518518518518 0.5111111111111111 0.25555555555555554 0.5111111111111111 0.25925925925925924 0.5166666666666667 0.27037037037037037 0.5222222222222223 0.2777777777777778 0.5333333333333333 0.28888888888888886 0.5333333333333333 0.29259259259259257 0.5388888888888889 0.3037037037037037 0.5444444444444444 0.3111111111111111 0.5555555555555556 0.32222222222222224 0.5611111111111111 0.3296296296296296 0.5722222222222222 0.337037037037037 0.5722222222222222 0.34444444444444444 0.5833333333333334 0.34814814814814815 0.5833333333333334 0.35185185185185186 0.5888888888888889 0.35555555555555557 0.5888888888888889 0.362962962962963 0.6 0.36666666666666664 0.6 0.36666666666666664 0.6055555555555555 0.34814814814814815 0.6055555555555555 0.34444444444444444 0.6111111111111112 0.3333333333333333 0.6111111111111112 0.3296296296296296 0.6055555555555555 0.3074074074074074 0.6055555555555555 0.3037037037037037 0.6 0.22962962962962963 0.6 0.22592592592592592 0.6055555555555555 0.15925925925925927 0.6055555555555555 0.15555555555555556 0.6 0.14814814814814814 0.6 0.14444444444444443 0.5944444444444444 0.12962962962962962 0.5944444444444444 0.1259259259259259 0.5888888888888889 0.1259259259259259 0.5777777777777777 0.12222222222222222 0.5722222222222222 0.12222222222222222 0.5166666666666667 0.11851851851851852 0.5111111111111111 0.11851851851851852 0.4888888888888889 0.12222222222222222 0.48333333333333334 0.12222222222222222 0.4666666666666667 0.1259259259259259 0.46111111111111114 0.12962962962962962 0.46111111111111114 0.13333333333333333 0.45555555555555555 0.15185185185185185 0.45555555555555555 0.15555555555555556 0.45 0.17407407407407408 0.45 0.17777777777777778 0.45555555555555555 0.17777777777777778 0.49444444444444446 0.18518518518518517 0.5055555555555555 0.18518518518518517 0.5111111111111111 0.18888888888888888 0.5166666666666667 0.1925925925925926 0.5166666666666667 0.1962962962962963 0.5222222222222223 0.2 0.5166666666666667 0.2074074074074074 0.5333333333333333 0.2111111111111111 0.5333333333333333 0.21481481481481482 0.5277777777777778 0.21481481481481482 0.5222222222222223 0.21851851851851853 0.5222222222222223 0.2222222222222222 0.5166666666666667 0.2222222222222222 0.5111111111111111 0.21851851851851853 0.5055555555555555 0.21481481481481482 0.5111111111111111 0.21481481481481482 0.5055555555555555 0.2222222222222222 0.5055555555555555 0.22592592592592592 0.5 0.23703703703703705 0.49444444444444446
19 0.7185185185185186 0.4666666666666667 0.7222222222222222 0.4722222222222222 0.7296296296296296 0.4722222222222222 0.7407407407407407 0.4888888888888889 0.7407407407407407 0.5055555555555555 0.7444444444444445 0.5111111111111111 0.7444444444444445 0.5277777777777778 0.7518518518518519 0.5388888888888889 0.7481481481481481 0.5555555555555556 0.737037037037037 0.5722222222222222 0.737037037037037 0.5777777777777777 0.7296296296296296 0.5888888888888889 0.7296296296296296 0.5944444444444444 0.725925925925926 0.6 0.7185185185185186 0.6 0.7148148148148148 0.6055555555555555 0.7037037037037037 0.6055555555555555 0.7 0.6 0.6962962962962963 0.6 0.674074074074074 0.5666666666666667 0.662962962962963 0.5666666666666667 0.6592592592592592 0.5611111111111111 0.6703703703703704 0.5611111111111111 0.674074074074074 0.5555555555555556 0.674074074074074 0.55 0.6666666666666666 0.5388888888888889 0.662962962962963 0.5222222222222223 0.6592592592592592 0.5166666666666667 0.6518518518518519 0.5166666666666667 0.6407407407407407 0.5 0.6333333333333333 0.5 0.6444444444444445 0.48333333333333334 0.6444444444444445 0.4888888888888889 0.6407407407407407 0.49444444444444446 0.6518518518518519 0.5111111111111111 0.6592592592592592 0.49444444444444446 0.6666666666666666 0.49444444444444446 0.6703703703703704 0.4888888888888889 0.6814814814814815 0.4888888888888889 0.6851851851851852 0.48333333333333334 0.6925925925925925 0.48333333333333334 0.6962962962962963 0.4777777777777778 0.7074074074074074 0.4777777777777778 0.7111111111111111 0.4722222222222222 0.7148148148148148 0.4722222222222222
19 0.10740740740740741 0.4722222222222222 0.1111111111111111 0.4777777777777778 0.1111111111111111 0.5 0.1037037037037037 0.5111111111111111 0.1 0.5277777777777778 0.08888888888888889 0.5444444444444444 0.08518518518518518 0.5444444444444444 0.08148148148148149 0.55 0.07407407407407407 0.55 0.06296296296296296 0.5333333333333333 0.06296296296296296 0.5166666666666667 0.06666666666666667 0.5111111111111111 0.06666666666666667 0.5055555555555555 0.08518518518518518 0.4777777777777778 0.08888888888888889 0.4777777777777778 0.09259259259259259 0.4722222222222222 0.1037037037037037 0.4722222222222222
19 0.5555555555555556 0.5388888888888889 0.5666666666666667 0.5388888888888889 0.5592592592592592 0.55 0.562962962962963 0.5555555555555556 0.5666666666666667 0.5555555555555556 0.5740740740740741 0.5666666666666667 0.5962962962962963 0.5666666666666667 0.5851851851851851 0.5722222222222222 0.5740740740740741 0.5888888888888889 0.5703703703703704 0.5888888888888889 0.5666666666666667 0.5944444444444444 0.5666666666666667 0.6055555555555555 0.5703703703703704 0.6111111111111112 0.5740740740740741 0.6111111111111112 0.5740740740740741 0.6222222222222222 0.5777777777777777 0.6277777777777778 0.5888888888888889 0.6277777777777778 0.5888888888888889 0.6388888888888888 0.5925925925925926 0.6444444444444445 0.5962962962962963 0.6444444444444445 0.6037037037037037 0.6555555555555556 0.6074074074074074 0.6555555555555556 0.6037037037037037 0.6611111111111111 0.6037037037037037 0.6666666666666666 0.6074074074074074 0.6722222222222223 0.6111111111111112 0.6722222222222223 0.6185185185185185 0.6555555555555556 0.6222222222222222 0.6611111111111111 0.6259259259259259 0.6611111111111111 0.6370370370370371 0.6777777777777778 0.6296296296296297 0.6777777777777778 0.6259259259259259 0.6833333333333333 0.6259259259259259 0.6888888888888889 0.6370370370370371 0.7055555555555556 0.6444444444444445 0.7055555555555556 0.6481481481481481 0.7111111111111111 0.6666666666666666 0.7111111111111111 0.6703703703703704 0.7055555555555556 0.6703703703703704 0.7 0.674074074074074 0.6944444444444444 0.6777777777777778 0.6944444444444444 0.6777777777777778 0.7111111111111111 0.6814814814814815 0.7166666666666667 0.6851851851851852 0.7166666666666667 0.6925925925925925 0.7055555555555556 0.6925925925925925 0.6944444444444444 0.6888888888888889 0.6888888888888889 0.6888888888888889 0.6722222222222223 0.6925925925925925 0.6722222222222223 0.7037037037037037 0.6555555555555556 0.7074074074074074 0.6611111111111111 0.7185185185185186 0.6611111111111111 0.7222222222222222 0.6666666666666666 0.725925925925926 0.6611111111111111 0.7333333333333333 0.6611111111111111 0.737037037037037 0.6555555555555556 0.737037037037037 0.6444444444444445 0.7407407407407407 0.6444444444444445 0.7518518518518519 0.6277777777777778 0.7592592592592593 0.6277777777777778 0.762962962962963 0.6333333333333333 0.7666666666666667 0.6277777777777778 0.7777777777777778 0.6277777777777778 0.7814814814814814 0.6222222222222222 0.7814814814814814 0.6166666666666667 0.7925925925925926 0.6166666666666667 0.8 0.6055555555555555 0.8037037037037037 0.6055555555555555 0.8037037037037037 0.6388888888888888 0.8 0.6388888888888888 0.7925925925925926 0.65 0.7814814814814814 0.6555555555555556 0.774074074074074 0.6666666666666666 0.7703703703703704 0.6666666666666666 0.7666666666666667 0.6611111111111111 0.762962962962963 0.6666666666666666 0.762962962962963 0.6722222222222223 0.7592592592592593 0.6722222222222223 0.7518518518518519 0.6833333333333333 0.7481481481481481 0.6833333333333333 0.7296296296296296 0.7055555555555556 0.725925925925926 0.7055555555555556 0.7222222222222222 0.7111111111111111 0.7185185185185186 0.7111111111111111 0.7148148148148148 0.7166666666666667 0.7111111111111111 0.7166666666666667 0.7 0.7277777777777777 0.6925925925925925 0.7277777777777777 0.6888888888888889 0.7333333333333333 0.6851851851851852 0.7333333333333333 0.6814814814814815 0.7388888888888889 0.6777777777777778 0.7388888888888889 0.674074074074074 0.7444444444444445 0.6703703703703704 0.7444444444444445 0.6592592592592592 0.7555555555555555 0.6370370370370371 0.7555555555555555 0.6333333333333333 0.75 0.6296296296296297 0.75 0.6185185185185185 0.7333333333333333 0.6185185185185185 0.7277777777777777 0.6111111111111112 0.7111111111111111 0.6074074074074074 0.7111111111111111 0.5703703703703704 0.6555555555555556 0.5666666666666667 0.6555555555555556 0.5481481481481482 0.6277777777777778 0.5444444444444444 0.6277777777777778 0.5333333333333333 0.6111111111111112 0.5333333333333333 0.6055555555555555 0.5296296296296297 0.6 0.5296296296296297 0.5833333333333334 0.5370370370370371 0.5722222222222222 0.5370370370370371 0.5666666666666667 0.5407407407407407 0.5611111111111111 0.5444444444444444 0.5611111111111111 0.5555555555555556 0.5444444444444444
19 0.6407407407407407 0.49444444444444446 0.6555555555555556 0.5166666666666667 0.6592592592592592 0.5166666666666667 0.674074074074074 0.5388888888888889 0.674074074074074 0.5666666666666667 0.6703703703703704 0.5666666666666667 0.6666666666666666 0.5722222222222222 0.662962962962963 0.5666666666666667 0.6555555555555556 0.5666666666666667 0.6370370370370371 0.5388888888888889 0.6333333333333333 0.5388888888888889 0.6296296296296297 0.5333333333333333 0.6296296296296297 0.5277777777777778 0.6222222222222222 0.5166666666666667 0.6259259259259259 0.5111111111111111 0.6259259259259259 0.5055555555555555 0.6333333333333333 0.49444444444444446 0.6370370370370371 0.49444444444444446
19 0.34074074074074073 0.3 0.34444444444444444 0.3055555555555556 0.34444444444444444 0.32222222222222224 0.34074074074074073 0.3277777777777778 0.34074074074074073 0.3333333333333333 0.337037037037037 0.3333333333333333 0.3333333333333333 0.3388888888888889 0.3333333333333333 0.34444444444444444 0.3296296296296296 0.35 0.3148148148148148 0.35 0.3111111111111111 0.35555555555555557 0.29259259259259257 0.35555555555555557 0.28888888888888886 0.3611111111111111 0.28888888888888886 0.3277777777777778 0.29259259259259257 0.32222222222222224 0.29259259259259257 0.3111111111111111 0.3037037037037037 0.3111111111111111 0.3074074074074074 0.3055555555555556 0.3148148148148148 0.3055555555555556 0.31851851851851853 0.3 0.337037037037037 0.3
19 0.825925925925926 0.37777777777777777 0.8296296296296296 0.38333333333333336 0.8407407407407408 0.3888888888888889 0.8481481481481481 0.4 0.8518518518518519 0.4 0.8629629629629629 0.4166666666666667 0.8666666666666667 0.4166666666666667 0.8740740740740741 0.42777777777777776 0.8777777777777778 0.42777777777777776 0.8888888888888888 0.4444444444444444 0.8925925925925926 0.4444444444444444 0.8962962962962963 0.45 0.9037037037037037 0.45 0.9074074074074074 0.45555555555555555 0.9111111111111111 0.45555555555555555 0.9148148148148149 0.46111111111111114 0.9185185185185185 0.46111111111111114 0.9222222222222223 0.4666666666666667 0.9259259259259259 0.4666666666666667 0.937037037037037 0.4777777777777778 0.9333333333333333 0.49444444444444446 0.9222222222222223 0.5111111111111111 0.9185185185185185 0.5277777777777778 0.9148148148148149 0.5333333333333333 0.9111111111111111 0.5333333333333333 0.9 0.55 0.8962962962962963 0.55 0.8851851851851852 0.5666666666666667 0.8814814814814815 0.5666666666666667 0.8740740740740741 0.5777777777777777 0.8703703703703703 0.5777777777777777 0.8629629629629629 0.5888888888888889 0.8592592592592593 0.5888888888888889 0.8407407407407408 0.6111111111111112 0.837037037037037 0.6111111111111112 0.8333333333333334 0.6166666666666667 0.8296296296296296 0.6166666666666667 0.8222222222222222 0.6277777777777778 0.8111111111111111 0.6333333333333333 0.8037037037037037 0.6444444444444445 0.8 0.6444444444444445 0.7962962962962963 0.65 0.7925925925925926 0.65 0.7888888888888889 0.6555555555555556 0.7851851851851852 0.6555555555555556 0.7814814814814814 0.6611111111111111 0.7777777777777778 0.6611111111111111 0.774074074074074 0.6666666666666666 0.762962962962963 0.6722222222222223 0.7555555555555555 0.6833333333333333 0.7444444444444445 0.6888888888888889 0.737037037037037 0.7 0.725925925925926 0.7055555555555556 0.7185185185185186 0.7166666666666667 0.7148148148148148 0.7166666666666667 0.7111111111111111 0.7222222222222222 0.7037037037037037 0.7222222222222222 0.7 0.7277777777777777 0.6925925925925925 0.7277777777777777 0.6888888888888889 0.7333333333333333 0.6851851851851852 0.7333333333333333 0.6814814814814815 0.7388888888888889 0.6777777777777778 0.7388888888888889 0.674074074074074 0.7444444444444445 0.6703703703703704 0.7444444444444445 0.6592592592592592 0.7555555555555555 0.6370370370370371 0.7555555555555555 0.6333333333333333 0.75 0.6296296296296297 0.75 0.6185185185185185 0.7333333333333333 0.6185185185185185 0.7277777777777777 0.5814814814814815 0.6722222222222223 0.5777777777777777 0.6722222222222223 0.562962962962963 0.65 0.5592592592592592 0.65 0.5592592592592592 0.6444444444444445 0.5555555555555556 0.6388888888888888 0.5518518518518518 0.6388888888888888 0.5333333333333333 0.6111111111111112 0.5333333333333333 0.6055555555555555 0.5296296296296297 0.6 0.5296296296296297 0.5833333333333334 0.5370370370370371 0.5722222222222222 0.5370370370370371 0.5666666666666667 0.5592592592592592 0.5333333333333333 0.5740740740740741 0.5333333333333333 0.5851851851851851 0.5166666666666667 0.5925925925925926 0.5166666666666667 0.5962962962962963 0.5111111111111111 0.6 0.5111111111111111 0.6037037037037037 0.5166666666666667 0.6148148148148148 0.5166666666666667 0.6185185185185185 0.5222222222222223 0.6222222222222222 0.5222222222222223 0.6259259259259259 0.5166666666666667 0.6259259259259259 0.5111111111111111 0.6333333333333333 0.49444444444444446 0.6444444444444445 0.5 0.6444444444444445 0.5055555555555555 0.6518518518518519 0.5166666666666667 0.6555555555555556 0.5166666666666667 0.6555555555555556 0.5277777777777778 0.6592592592592592 0.5333333333333333 0.662962962962963 0.5277777777777778 0.6666666666666666 0.5333333333333333 0.6703703703703704 0.5333333333333333 0.6703703703703704 0.5722222222222222 0.674074074074074 0.5777777777777777 0.674074074074074 0.5833333333333334 0.6814814814814815 0.5944444444444444 0.6777777777777778 0.5944444444444444 0.6777777777777778 0.5888888888888889 0.674074074074074 0.5833333333333334 0.6703703703703704 0.5833333333333334 0.6592592592592592 0.5722222222222222 0.6444444444444445 0.5722222222222222 0.6370370370370371 0.5833333333333334 0.6333333333333333 0.5833333333333334 0.6370370370370371 0.5777777777777777 0.6407407407407407 0.5777777777777777 0.6481481481481481 0.5666666666666667 0.6481481481481481 0.5611111111111111 0.6444444444444445 0.5555555555555556 0.6407407407407407 0.5611111111111111 0.6185185185185185 0.5611111111111111 0.6185185185185185 0.55 0.6148148148148148 0.5444444444444444 0.6037037037037037 0.5444444444444444 0.5962962962962963 0.5555555555555556 0.6037037037037037 0.5666666666666667 0.6037037037037037 0.5722222222222222 0.5888888888888889 0.5722222222222222 0.5814814814814815 0.5833333333333334 0.5814814814814815 0.5888888888888889 0.5740740740740741 0.5888888888888889 0.5703703703703704 0.5944444444444444 0.5814814814814815 0.6111111111111112 0.5888888888888889 0.6111111111111112 0.6 0.6222222222222222 0.6074074074074074 0.6222222222222222 0.6037037037037037 0.6277777777777778 0.6 0.6222222222222222 0.5962962962962963 0.6222222222222222 0.5925925925925926 0.6277777777777778 0.5925925925925926 0.6388888888888888 0.5962962962962963 0.6444444444444445 0.6185185185185185 0.6444444444444445 0.6185185185185185 0.6555555555555556 0.6222222222222222 0.6611111111111111 0.6259259259259259 0.6611111111111111 0.6296296296296297 0.6666666666666666 0.6333333333333333 0.6666666666666666 0.6370370370370371 0.6611111111111111 0.6370370370370371 0.6666666666666666 0.6407407407407407 0.6722222222222223 0.6481481481481481 0.6722222222222223 0.6518518518518519 0.6777777777777778 0.6555555555555556 0.6777777777777778 0.6518518518518519 0.6777777777777778 0.6407407407407407 0.6888888888888889 0.6407407407407407 0.6944444444444444 0.6481481481481481 0.7055555555555556 0.6592592592592592 0.7055555555555556 0.662962962962963 0.7 0.6703703703703704 0.7 0.674074074074074 0.6944444444444444 0.6777777777777778 0.6944444444444444 0.6851851851851852 0.6833333333333333 0.6851851851851852 0.6666666666666666 0.6888888888888889 0.6611111111111111 0.6851851851851852 0.6555555555555556 0.6777777777777778 0.6555555555555556 0.6777777777777778 0.65 0.6814814814814815 0.65 0.6851851851851852 0.6444444444444445 0.7 0.6444444444444445 0.7037037037037037 0.65 0.7148148148148148 0.65 0.7185185185185186 0.6555555555555556 0.7222222222222222 0.6555555555555556 0.725925925925926 0.65 0.7222222222222222 0.6444444444444445 0.7296296296296296 0.6444444444444445 0.737037037037037 0.6333333333333333 0.7333333333333333 0.6277777777777778 0.7296296296296296 0.6277777777777778 0.725925925925926 0.6222222222222222 0.7222222222222222 0.6277777777777778 0.7185185185185186 0.6277777777777778 0.7148148148148148 0.6222222222222222 0.7037037037037037 0.6222222222222222 0.7 0.6277777777777778 0.6814814814814815 0.6277777777777778 0.6814814814814815 0.6222222222222222 0.6851851851851852 0.6166666666666667 0.6851851851851852 0.6111111111111112 0.7148148148148148 0.6111111111111112 0.7185185185185186 0.6055555555555555 0.7296296296296296 0.6055555555555555 0.7333333333333333 0.6 0.737037037037037 0.6 0.7407407407407407 0.5944444444444444 0.737037037037037 0.5888888888888889 0.7407407407407407 0.5833333333333334 0.7444444444444445 0.5666666666666667 0.7518518518518519 0.5555555555555556 0.774074074074074 0.5666666666666667 0.7703703703703704 0.5722222222222222 0.7666666666666667 0.5666666666666667 0.762962962962963 0.5722222222222222 0.762962962962963 0.5777777777777777 0.7592592592592593 0.5722222222222222 0.7555555555555555 0.5722222222222222 0.7518518518518519 0.5777777777777777 0.7518518518518519 0.5888888888888889 0.7481481481481481 0.5944444444444444 0.7592592592592593 0.6055555555555555 0.7666666666666667 0.6055555555555555 0.7703703703703704 0.6 0.774074074074074 0.6055555555555555 0.7777777777777778 0.6055555555555555 0.7814814814814814 0.6 0.7814814814814814 0.5722222222222222 0.7888888888888889 0.5611111111111111 0.7888888888888889 0.5555555555555556 0.7962962962962963 0.5555555555555556 0.8 0.5611111111111111 0.8074074074074075 0.5611111111111111 0.8111111111111111 0.5555555555555556 0.8185185185185185 0.5555555555555556 0.8296296296296296 0.5722222222222222 0.8333333333333334 0.5722222222222222 0.8407407407407408 0.5611111111111111 0.837037037037037 0.5555555555555556 0.8407407407407408 0.55 0.8407407407407408 0.5444444444444444 0.837037037037037 0.5388888888888889 0.8333333333333334 0.5388888888888889 0.825925925925926 0.5277777777777778 0.8222222222222222 0.5277777777777778 0.8185185185185185 0.5333333333333333 0.8074074074074075 0.5388888888888889 0.8111111111111111 0.5333333333333333 0.8111111111111111 0.5277777777777778 0.8074074074074075 0.5222222222222223 0.825925925925926 0.5222222222222223 0.8296296296296296 0.5166666666666667 0.8296296296296296 0.5055555555555555 0.8333333333333334 0.5055555555555555 0.8407407407407408 0.49444444444444446 0.8407407407407408 0.4888888888888889 0.837037037037037 0.48333333333333334 0.8407407407407408 0.48333333333333334 0.8518518518518519 0.4666666666666667 0.8518518518518519 0.4444444444444444 0.837037037037037 0.4222222222222222 0.8333333333333334 0.4222222222222222 0.8296296296296296 0.4166666666666667 0.8222222222222222 0.4166666666666667 0.8185185185185185 0.4111111111111111 0.8185185185185185 0.40555555555555556 0.8148148148148148 0.4 0.8111111111111111 0.4 0.8148148148148148 0.39444444444444443 0.8148148148148148 0.3888888888888889 0.8185185185185185 0.3888888888888889 0.8222222222222222 0.38333333333333336
19 0.725925925925926 0.8055555555555556 0.7296296296296296 0.8111111111111111 0.7407407407407407 0.8111111111111111 0.7444444444444445 0.8166666666666667 0.7555555555555555 0.8222222222222222 0.762962962962963 0.8333333333333334 0.762962962962963 0.8388888888888889 0.7666666666666667 0.8444444444444444 0.7666666666666667 0.8611111111111112 0.762962962962963 0.8666666666666667 0.7555555555555555 0.8666666666666667 0.7518518518518519 0.8722222222222222 0.7444444444444445 0.8722222222222222 0.7407407407407407 0.8666666666666667 0.725925925925926 0.8666666666666667 0.7222222222222222 0.8611111111111112 0.7148148148148148 0.8611111111111112 0.7111111111111111 0.8555555555555555 0.6925925925925925 0.8555555555555555 0.6888888888888889 0.85 0.6851851851851852 0.85 0.6851851851851852 0.8333333333333334 0.6888888888888889 0.8277777777777777 0.6888888888888889 0.8222222222222222 0.6962962962962963 0.8055555555555556 0.7222222222222222 0.8055555555555556
19 0.37777777777777777 0.12777777777777777 0.3851851851851852 0.1388888888888889 0.3888888888888889 0.1388888888888889 0.3962962962962963 0.15 0.3962962962962963 0.15555555555555556 0.3888888888888889 0.15555555555555556 0.3851851851851852 0.16111111111111112 0.37407407407407406 0.14444444444444443 0.37037037037037035 0.14444444444444443 0.36666666666666664 0.15 0.3592592592592593 0.15 0.35555555555555557 0.15555555555555556 0.35185185185185186 0.15555555555555556 0.34814814814814815 0.16111111111111112 0.337037037037037 0.16666666666666666 0.32222222222222224 0.18888888888888888 0.31851851851851853 0.18888888888888888 0.3111111111111111 0.17777777777777778 0.3074074074074074 0.17777777777777778 0.29259259259259257 0.2 0.2962962962962963 0.20555555555555555 0.2851851851851852 0.20555555555555555 0.2814814814814815 0.2111111111111111 0.2814814814814815 0.21666666666666667 0.2777777777777778 0.2222222222222222 0.28888888888888886 0.2388888888888889 0.2962962962962963 0.2388888888888889 0.2962962962962963 0.25555555555555554 0.28888888888888886 0.2722222222222222 0.2814814814814815 0.2611111111111111 0.2777777777777778 0.2611111111111111 0.25555555555555554 0.22777777777777777 0.25555555555555554 0.2111111111111111 0.26296296296296295 0.2 0.26666666666666666 0.2 0.2777777777777778 0.18888888888888888 0.2851851851851852 0.18888888888888888 0.28888888888888886 0.18333333333333332 0.29259259259259257 0.18333333333333332 0.3 0.17222222222222222 0.3037037037037037 0.17222222222222222 0.3074074074074074 0.16666666666666666 0.3111111111111111 0.16666666666666666 0.3148148148148148 0.16111111111111112 0.31851851851851853 0.16111111111111112 0.32222222222222224 0.15555555555555556 0.3333333333333333 0.15 0.337037037037037 0.14444444444444443 0.34074074074074073 0.14444444444444443 0.34814814814814815 0.13333333333333333 0.35185185185185186 0.13333333333333333 0.35555555555555557 0.12777777777777777 0.37407407407407406 0.12777777777777777
19 0.4444444444444444 0.6555555555555556 0.44814814814814813 0.6611111111111111 0.45925925925925926 0.6666666666666666 0.45185185185185184 0.6777777777777778 0.44814814814814813 0.6777777777777778 0.4444444444444444 0.6833333333333333 0.42592592592592593 0.6833333333333333 0.4185185185185185 0.6722222222222223 0.4185185185185185 0.65 0.4222222222222222 0.6444444444444445 0.42592592592592593 0.6444444444444445 0.42962962962962964 0.65 0.43703703703703706 0.65 0.44074074074074077 0.6555555555555556
19 0.42777777777777776 0.8666666666666667 0.08518518518518518 0.08888888888888889
19 0.6814814814814815 0.4888888888888889 0.6851851851851852 0.48333333333333334 0.6925925925925925 0.48333333333333334 0.6962962962962963 0.4777777777777778 0.7074074074074074 0.4777777777777778 0.7148148148148148 0.4888888888888889 0.7148148148148148 0.5111111111111111 0.7111111111111111 0.5166666666666667 0.7074074074074074 0.5166666666666667 0.7037037037037037 0.5111111111111111 0.6925925925925925 0.5055555555555555 0.6851851851851852 0.49444444444444446
19 0.37777777777777777 0.12777777777777777 0.3814814814814815 0.13333333333333333 0.3851851851851852 0.13333333333333333 0.4 0.15555555555555556 0.4074074074074074 0.15555555555555556 0.4111111111111111 0.16111111111111112 0.43333333333333335 0.16111111111111112 0.43703703703703706 0.16666666666666666 0.45555555555555555 0.16666666666666666 0.45925925925925926 0.17222222222222222 0.46296296296296297 0.17222222222222222 0.4703703703703704 0.18333333333333332 0.4740740740740741 0.2 0.4703703703703704 0.20555555555555555 0.46296296296296297 0.20555555555555555 0.45555555555555555 0.21666666666666667 0.43703703703703706 0.21666666666666667 0.42592592592592593 0.22777777777777777 0.4185185185185185 0.22777777777777777 0.4074074074074074 0.2388888888888889 0.4 0.2388888888888889 0.3962962962962963 0.24444444444444444 0.3925925925925926 0.24444444444444444 0.3814814814814815 0.25555555555555554 0.37037037037037035 0.25555555555555554 0.3592592592592593 0.2722222222222222 0.3592592592592593 0.2777777777777778 0.35555555555555557 0.2777777777777778 0.35185185185185186 0.2833333333333333 0.35185185185185186 0.28888888888888886 0.34814814814814815 0.29444444444444445 0.32592592592592595 0.29444444444444445 0.32222222222222224 0.3 0.2962962962962963 0.3 0.29259259259259257 0.29444444444444445 0.29259259259259257 0.2833333333333333 0.27037037037037037 0.25 0.26666666666666666 0.25 0.25925925925925924 0.2388888888888889 0.25925925925925924 0.23333333333333334 0.2518518518518518 0.2222222222222222 0.2518518518518518 0.21666666666666667 0.26296296296296295 0.2 0.26666666666666666 0.2 0.27037037037037037 0.19444444444444445 0.2740740740740741 0.19444444444444445 0.2777777777777778 0.18888888888888888 0.2814814814814815 0.18888888888888888 0.2851851851851852 0.18333333333333332 0.28888888888888886 0.18333333333333332 0.29259259259259257 0.17777777777777778 0.2962962962962963 0.17777777777777778 0.3 0.17222222222222222 0.3037037037037037 0.17222222222222222 0.3074074074074074 0.16666666666666666 0.31851851851851853 0.16111111111111112 0.32222222222222224 0.15555555555555556 0.32592592592592595 0.15555555555555556 0.3296296296296296 0.15 0.3333333333333333 0.15 0.34074074074074073 0.1388888888888889 0.34444444444444444 0.1388888888888889 0.35555555555555557 0.12777777777777777 0.37407407407407406 0.12777777777777777
19 0.674074074074074 0.5222222222222223 0.7074074074074074 0.5222222222222223 0.7074074074074074 0.5333333333333333 0.7111111111111111 0.5388888888888889 0.7111111111111111 0.55 0.7148148148148148 0.5555555555555556 0.7148148148148148 0.5722222222222222 0.7111111111111111 0.5777777777777777 0.7111111111111111 0.6 0.7074074074074074 0.6055555555555555 0.7037037037037037 0.6055555555555555 0.7 0.6 0.6962962962962963 0.6 0.6888888888888889 0.5888888888888889 0.6851851851851852 0.5888888888888889 0.6777777777777778 0.5777777777777777 0.6777777777777778 0.5388888888888889 0.674074074074074 0.5333333333333333 0.674074074074074 0.5277777777777778
19 0.6444444444444445 0.4777777777777778 0.662962962962963 0.4777777777777778 0.6666666666666666 0.48333333333333334 0.674074074074074 0.48333333333333334 0.674074074074074 0.49444444444444446 0.662962962962963 0.5111111111111111 0.6518518518518519 0.5111111111111111 0.6407407407407407 0.49444444444444446 0.6407407407407407 0.4888888888888889 0.6444444444444445 0.48333333333333334
19 0.7111111111111111 0.2222222222222222 0.7148148148148148 0.22777777777777777 0.7333333333333333 0.22777777777777777 0.7444444444444445 0.2388888888888889 0.7481481481481481 0.25555555555555554 0.7592592592592593 0.2722222222222222 0.7592592592592593 0.2777777777777778 0.7814814814814814 0.3111111111111111 0.7925925925925926 0.3611111111111111 0.7962962962962963 0.36666666666666664 0.8037037037037037 0.36666666666666664 0.8037037037037037 0.37777777777777777 0.8 0.38333333333333336 0.8037037037037037 0.3888888888888889 0.8 0.39444444444444443 0.8074074074074075 0.4111111111111111 0.8074074074074075 0.4222222222222222 0.8148148148148148 0.43333333333333335 0.8074074074074075 0.45 0.8037037037037037 0.45 0.8 0.45555555555555555 0.7851851851851852 0.45555555555555555 0.7814814814814814 0.46111111111111114 0.7777777777777778 0.46111111111111114 0.774074074074074 0.45555555555555555 0.7666666666666667 0.45555555555555555 0.7592592592592593 0.4444444444444444 0.7555555555555555 0.4444444444444444 0.7481481481481481 0.43333333333333335 0.7444444444444445 0.43333333333333335 0.7407407407407407 0.42777777777777776 0.7407407407407407 0.39444444444444443 0.737037037037037 0.3888888888888889 0.737037037037037 0.38333333333333336 0.7333333333333333 0.37777777777777777 0.7296296296296296 0.37777777777777777 0.7222222222222222 0.36666666666666664 0.7185185185185186 0.36666666666666664 0.7185185185185186 0.3611111111111111 0.7111111111111111 0.35 0.7111111111111111 0.34444444444444444 0.7037037037037037 0.3333333333333333 0.7037037037037037 0.3277777777777778 0.6925925925925925 0.3111111111111111 0.6925925925925925 0.3055555555555556 0.6888888888888889 0.3 0.6888888888888889 0.28888888888888886 0.6851851851851852 0.2833333333333333 0.6851851851851852 0.24444444444444444 0.6962962962962963 0.22777777777777777 0.7074074074074074 0.2222222222222222
19 0.21851851851851853 0.45555555555555555 0.22962962962962963 0.4722222222222222 0.22962962962962963 0.49444444444444446 0.22592592592592592 0.49444444444444446 0.2222222222222222 0.5 0.21481481481481482 0.5 0.2037037037037037 0.5111111111111111 0.18888888888888888 0.5111111111111111 0.18518518518518517 0.5055555555555555 0.18518518518518517 0.5 0.1814814814814815 0.49444444444444446 0.1814814814814815 0.46111111111111114 0.1925925925925926 0.45 0.2111111111111111 0.45 0.21481481481481482 0.45555555555555555
19 0.1111111111111111 0.5111111111111111 0.11481481481481481 0.5166666666666667 0.11481481481481481 0.5277777777777778 0.11851851851851852 0.5333333333333333 0.11851851851851852 0.5666666666666667 0.12222222222222222 0.5722222222222222 0.12222222222222222 0.5833333333333334 0.11481481481481481 0.5944444444444444 0.10740740740740741 0.5944444444444444 0.1037037037037037 0.5888888888888889 0.1 0.5888888888888889 0.08888888888888889 0.5722222222222222 0.08888888888888889 0.5555555555555556 0.0962962962962963 0.5444444444444444 0.0962962962962963 0.5388888888888889 0.1037037037037037 0.5277777777777778 0.1037037037037037 0.5222222222222223 0.10740740740740741 0.5166666666666667
19 0.37777777777777777 0.37222222222222223 0.3814814814814815 0.37777777777777777 0.3888888888888889 0.37777777777777777 0.3925925925925926 0.38333333333333336 0.3925925925925926 0.3888888888888889 0.4 0.4 0.4 0.4166666666666667 0.3925925925925926 0.42777777777777776 0.3851851851851852 0.42777777777777776 0.37777777777777777 0.4166666666666667 0.35185185185185186 0.4166666666666667 0.34444444444444444 0.40555555555555556 0.34444444444444444 0.4 0.34074074074074073 0.39444444444444443 0.34074074074074073 0.37777777777777777 0.34444444444444444 0.37222222222222223 0.34814814814814815 0.37222222222222223 0.35185185185185186 0.36666666666666664 0.362962962962963 0.36666666666666664 0.36666666666666664 0.37222222222222223 0.37407407407407406 0.37222222222222223
19 0.7814814814814814 0.7277777777777777 0.7851851851851852 0.7277777777777777 0.7888888888888889 0.7222222222222222 0.8148148148148148 0.7222222222222222 0.8185185185185185 0.7277777777777777 0.8222222222222222 0.7277777777777777 0.8222222222222222 0.7333333333333333 0.825925925925926 0.7388888888888889 0.825925925925926 0.75 0.8185185185185185 0.7611111111111111 0.8185185185185185 0.7666666666666667 0.8148148148148148 0.7666666666666667 0.8111111111111111 0.7722222222222223 0.7888888888888889 0.7722222222222223 0.7777777777777778 0.7555555555555555 0.7777777777777778 0.7388888888888889 0.7814814814814814 0.7333333333333333
19 0.4185185185185185 0.8055555555555556 0.4222222222222222 0.8111111111111111 0.4222222222222222 0.8277777777777777 0.4185185185185185 0.8333333333333334 0.4111111111111111 0.8333333333333334 0.4074074074074074 0.8388888888888889 0.40370370370370373 0.8388888888888889 0.4 0.8444444444444444 0.3888888888888889 0.85 0.3851851851851852 0.8555555555555555 0.3814814814814815 0.8722222222222222 0.37407407407407406 0.8722222222222222 0.37037037037037035 0.8777777777777778 0.3592592592592593 0.8777777777777778 0.35555555555555557 0.8722222222222222 0.35185185185185186 0.8722222222222222 0.35185185185185186 0.8666666666666667 0.34814814814814815 0.8611111111111112 0.34814814814814815 0.8388888888888889 0.35185185185185186 0.8333333333333334 0.35185185185185186 0.8277777777777777 0.362962962962963 0.8166666666666667 0.37407407407407406 0.8166666666666667 0.37777777777777777 0.8111111111111111 0.3851851851851852 0.8111111111111111 0.3888888888888889 0.8055555555555556 0.4148148148148148 0.8055555555555556
19 0.7777777777777778 0.5611111111111111 0.7888888888888889 0.5722222222222222 0.7962962962962963 0.5722222222222222 0.7962962962962963 0.5777777777777777 0.8 0.5833333333333334 0.8 0.5944444444444444 0.8037037037037037 0.6 0.7962962962962963 0.6 0.7925925925925926 0.6055555555555555 0.7888888888888889 0.6055555555555555 0.7777777777777778 0.6166666666666667 0.7555555555555555 0.6166666666666667 0.7518518518518519 0.6111111111111112 0.7481481481481481 0.6111111111111112 0.7407407407407407 0.5944444444444444 0.7444444444444445 0.5777777777777777 0.7518518518518519 0.5666666666666667 0.7592592592592593 0.5666666666666667 0.762962962962963 0.5611111111111111 0.774074074074074 0.5611111111111111
19 0.7 0.5166666666666667 0.7037037037037037 0.5222222222222223 0.7074074074074074 0.5222222222222223 0.7074074074074074 0.5333333333333333 0.7111111111111111 0.5388888888888889 0.7111111111111111 0.55 0.7148148148148148 0.5555555555555556 0.7148148148148148 0.5666666666666667 0.7037037037037037 0.5833333333333334 0.7 0.5833333333333334 0.6962962962962963 0.5888888888888889 0.6925925925925925 0.5888888888888889 0.6888888888888889 0.5833333333333334 0.6925925925925925 0.5777777777777777 0.6888888888888889 0.5722222222222222 0.6814814814814815 0.5722222222222222 0.6814814814814815 0.5388888888888889 0.6777777777777778 0.5333333333333333 0.6777777777777778 0.5277777777777778 0.6814814814814815 0.5222222222222223 0.6888888888888889 0.5222222222222223 0.6925925925925925 0.5166666666666667 0.6962962962962963 0.5166666666666667
19 0.37407407407407406 0.7055555555555556 0.3814814814814815 0.7166666666666667 0.3814814814814815 0.7222222222222222 0.3851851851851852 0.7277777777777777 0.3851851851851852 0.7388888888888889 0.3888888888888889 0.7444444444444445 0.3888888888888889 0.7777777777777778 0.3851851851851852 0.7833333333333333 0.3851851851851852 0.7944444444444444 0.3814814814814815 0.7944444444444444 0.37777777777777777 0.8 0.3592592592592593 0.8 0.34814814814814815 0.7833333333333333 0.34814814814814815 0.7666666666666667 0.34444444444444444 0.7611111111111111 0.34444444444444444 0.7333333333333333 0.34814814814814815 0.7277777777777777 0.34814814814814815 0.7166666666666667 0.3592592592592593 0.7055555555555556 0.37037037037037035 0.7055555555555556
19 0.5370370370370371 0.7833333333333333 0.5407407407407407 0.7888888888888889 0.5481481481481482 0.7888888888888889 0.5518518518518518 0.7944444444444444 0.5592592592592592 0.7944444444444444 0.562962962962963 0.8 0.5666666666666667 0.8 0.5777777777777777 0.8111111111111111 0.6 0.8111111111111111 0.6037037037037037 0.8166666666666667 0.6111111111111112 0.8166666666666667 0.6148148148148148 0.8222222222222222 0.6148148148148148 0.8388888888888889 0.6074074074074074 0.85 0.5814814814814815 0.85 0.5777777777777777 0.8444444444444444 0.5666666666666667 0.8444444444444444 0.562962962962963 0.8388888888888889 0.5555555555555556 0.8388888888888889 0.5444444444444444 0.8277777777777777 0.5370370370370371 0.8277777777777777 0.5296296296296297 0.8166666666666667 0.5296296296296297 0.7944444444444444 0.5333333333333333 0.7888888888888889
19 0.23333333333333334 0.8777777777777778 0.23333333333333334 0.8722222222222222 0.22962962962962963 0.8666666666666667 0.22962962962962963 0.8611111111111112 0.2222222222222222 0.8444444444444444 0.2222222222222222 0.8055555555555556 0.22592592592592592 0.8 0.2518518518518518 0.8 0.26666666666666666 0.8277777777777777 0.26666666666666666 0.8333333333333334 0.27037037037037037 0.8388888888888889 0.27037037037037037 0.8555555555555555 0.2740740740740741 0.8611111111111112 0.2740740740740741 0.8722222222222222 0.27037037037037037 0.8777777777777778 0.27037037037037037 0.8833333333333333 0.26666666666666666 0.8833333333333333 0.26296296296296295 0.8888888888888888 0.24814814814814815 0.8888888888888888 0.23703703703703705 0.8777777777777778
19 0.45185185185185184 0.3611111111111111 0.45555555555555555 0.36666666666666664 0.45925925925925926 0.36666666666666664 0.46296296296296297 0.37222222222222223 0.4740740740740741 0.37777777777777777 0.4740740740740741 0.38333333333333336 0.4703703703703704 0.38333333333333336 0.4666666666666667 0.3888888888888889 0.45555555555555555 0.39444444444444443 0.45185185185185184 0.4 0.45185185185185184 0.4111111111111111 0.43703703703703706 0.43333333333333335 0.43333333333333335 0.43333333333333335 0.4222222222222222 0.4444444444444444 0.4185185185185185 0.4388888888888889 0.4148148148148148 0.4388888888888889 0.4074074074074074 0.42777777777777776 0.40370370370370373 0.42777777777777776 0.40370370370370373 0.40555555555555556 0.3962962962962963 0.3888888888888889 0.3962962962962963 0.37777777777777777 0.40370370370370373 0.37777777777777777 0.4074074074074074 0.37222222222222223 0.4185185185185185 0.36666666666666664 0.42592592592592593 0.35555555555555557 0.4444444444444444 0.35555555555555557 0.44814814814814813 0.3611111111111111
19 0.4925925925925926 0.38333333333333336 0.4962962962962963 0.3888888888888889 0.5 0.3888888888888889 0.5037037037037037 0.39444444444444443 0.5074074074074074 0.39444444444444443 0.5111111111111111 0.4 0.5148148148148148 0.4 0.5259259259259259 0.4111111111111111 0.5333333333333333 0.4111111111111111 0.5370370370370371 0.4166666666666667 0.5444444444444444 0.4166666666666667 0.5481481481481482 0.4222222222222222 0.5518518518518518 0.4222222222222222 0.5555555555555556 0.42777777777777776 0.5518518518518518 0.43333333333333335 0.5518518518518518 0.4388888888888889 0.5481481481481482 0.4444444444444444 0.5296296296296297 0.4444444444444444 0.5222222222222223 0.43333333333333335 0.5185185185185185 0.43333333333333335 0.5148148148148148 0.42777777777777776 0.5037037037037037 0.4222222222222222 0.4962962962962963 0.4111111111111111 0.4925925925925926 0.4111111111111111 0.4925925925925926 0.4 0.4888888888888889 0.39444444444444443 0.4888888888888889 0.3888888888888889
19 0.2851851851851852 0.4388888888888889 0.28888888888888886 0.4444444444444444 0.29259259259259257 0.4444444444444444 0.29259259259259257 0.45555555555555555 0.3 0.4666666666666667 0.3037037037037037 0.4666666666666667 0.3111111111111111 0.48333333333333334 0.31851851851851853 0.48333333333333334 0.32222222222222224 0.4888888888888889 0.32592592592592595 0.4888888888888889 0.32592592592592595 0.49444444444444446 0.32222222222222224 0.49444444444444446 0.31851851851851853 0.5 0.31851851851851853 0.5055555555555555 0.32222222222222224 0.5111111111111111 0.3333333333333333 0.5111111111111111 0.337037037037037 0.5055555555555555 0.35555555555555557 0.5055555555555555 0.3592592592592593 0.5111111111111111 0.3592592592592593 0.5166666666666667 0.35185185185185186 0.5277777777777778 0.35555555555555557 0.5333333333333333 0.37037037037037035 0.5333333333333333 0.37407407407407406 0.5388888888888889 0.37777777777777777 0.5388888888888889 0.3814814814814815 0.5333333333333333 0.3851851851851852 0.5388888888888889 0.3888888888888889 0.5333333333333333 0.3962962962962963 0.5333333333333333 0.4148148148148148 0.5111111111111111 0.4111111111111111 0.5055555555555555 0.40370370370370373 0.5055555555555555 0.4 0.5111111111111111 0.3962962962962963 0.5111111111111111 0.3888888888888889 0.5222222222222223 0.3851851851851852 0.5166666666666667 0.3814814814814815 0.5166666666666667 0.3814814814814815 0.49444444444444446 0.3888888888888889 0.49444444444444446 0.3925925925925926 0.5 0.4 0.5 0.40370370370370373 0.5055555555555555 0.4074074074074074 0.5055555555555555 0.4185185185185185 0.4888888888888889 0.43333333333333335 0.4888888888888889 0.44074074074074077 0.4777777777777778 0.45185185185185184 0.4777777777777778 0.45555555555555555 0.48333333333333334 0.45925925925925926 0.48333333333333334 0.4666666666666667 0.49444444444444446 0.4703703703703704 0.49444444444444446 0.4777777777777778 0.48333333333333334 0.4888888888888889 0.48333333333333334 0.4925925925925926 0.4888888888888889 0.5 0.4888888888888889 0.5 0.49444444444444446 0.5037037037037037 0.5 0.5074074074074074 0.5 0.5074074074074074 0.5055555555555555 0.5148148148148148 0.5222222222222223 0.5185185185185185 0.5222222222222223 0.5259259259259259 0.5111111111111111 0.5333333333333333 0.5111111111111111 0.5370370370370371 0.5055555555555555 0.5555555555555556 0.5055555555555555 0.5592592592592592 0.5 0.5666666666666667 0.5 0.5703703703703704 0.49444444444444446 0.5777777777777777 0.49444444444444446 0.5814814814814815 0.4888888888888889 0.5888888888888889 0.4888888888888889 0.5925925925925926 0.48333333333333334 0.5962962962962963 0.48333333333333334 0.6037037037037037 0.4722222222222222 0.6074074074074074 0.4777777777777778 0.6148148148148148 0.4777777777777778 0.6185185185185185 0.48333333333333334 0.6185185185185185 0.49444444444444446 0.6148148148148148 0.49444444444444446 0.6111111111111112 0.5 0.6 0.5 0.5962962962962963 0.5055555555555555 0.5851851851851851 0.5055555555555555 0.5814814814814815 0.5111111111111111 0.5740740740740741 0.5111111111111111 0.5703703703703704 0.5166666666666667 0.562962962962963 0.5166666666666667 0.5518518518518518 0.5333333333333333 0.5481481481481482 0.5333333333333333 0.5444444444444444 0.5388888888888889 0.5444444444444444 0.5444444444444444 0.5296296296296297 0.5666666666666667 0.5296296296296297 0.5722222222222222 0.4740740740740741 0.6555555555555556 0.46296296296296297 0.6555555555555556 0.45925925925925926 0.6611111111111111 0.45555555555555555 0.6555555555555556 0.44814814814814813 0.6555555555555556 0.4444444444444444 0.65 0.44074074074074077 0.65 0.43333333333333335 0.6388888888888888 0.42592592592592593 0.6388888888888888 0.4222222222222222 0.6333333333333333 0.4185185185185185 0.6333333333333333 0.4111111111111111 0.6222222222222222 0.4074074074074074 0.6222222222222222 0.40370370370370373 0.6166666666666667 0.4 0.6166666666666667 0.3962962962962963 0.6111111111111112 0.3925925925925926 0.6111111111111112 0.3888888888888889 0.6055555555555555 0.3851851851851852 0.6055555555555555 0.3814814814814815 0.6 0.37777777777777777 0.6 0.37407407407407406 0.5944444444444444 0.37037037037037035 0.5944444444444444 0.36666666666666664 0.5888888888888889 0.35555555555555557 0.5833333333333334 0.34814814814814815 0.5722222222222222 0.34444444444444444 0.5722222222222222 0.34074074074074073 0.5666666666666667 0.337037037037037 0.5666666666666667 0.3333333333333333 0.5611111111111111 0.3296296296296296 0.5611111111111111 0.32592592592592595 0.5555555555555556 0.3148148148148148 0.55 0.2962962962962963 0.5277777777777778 0.29259259259259257 0.5277777777777778 0.28888888888888886 0.5222222222222223 0.2814814814814815 0.5222222222222223 0.2777777777777778 0.5166666666666667 0.27037037037037037 0.5166666666666667 0.25925925925925924 0.5 0.25925925925925924 0.49444444444444446 0.26296296296296295 0.49444444444444446 0.27037037037037037 0.48333333333333334 0.2777777777777778 0.48333333333333334 0.2814814814814815 0.4777777777777778 0.2814814814814815 0.45555555555555555 0.2851851851851852 0.45 0.2851851851851852 0.4444444444444444
19 0.44074074074074077 0.7055555555555556 0.4444444444444444 0.7111111111111111 0.45185185185185184 0.7111111111111111 0.4666666666666667 0.7333333333333333 0.4666666666666667 0.75 0.45555555555555555 0.7666666666666667 0.45185185185185184 0.7666666666666667 0.44814814814814813 0.7722222222222223 0.42592592592592593 0.7722222222222223 0.4148148148148148 0.7611111111111111 0.4148148148148148 0.7166666666666667 0.42592592592592593 0.7055555555555556 0.43703703703703706 0.7055555555555556
19 0.7037037037037037 0.7388888888888889 0.7037037037037037 0.7444444444444445 0.7 0.75 0.7 0.7722222222222223 0.7037037037037037 0.7777777777777778 0.7037037037037037 0.7833333333333333 0.7 0.7888888888888889 0.6962962962962963 0.8055555555555556 0.6851851851851852 0.8222222222222222 0.6851851851851852 0.8277777777777777 0.6777777777777778 0.8444444444444444 0.6777777777777778 0.8555555555555555 0.674074074074074 0.8611111111111112 0.674074074074074 0.8722222222222222 0.6777777777777778 0.8777777777777778 0.674074074074074 0.8833333333333333 0.674074074074074 0.8888888888888888 0.662962962962963 0.9 0.6370370370370371 0.9 0.6296296296296297 0.8833333333333333 0.6296296296296297 0.8555555555555555 0.6333333333333333 0.85 0.6370370370370371 0.85 0.6444444444444445 0.8388888888888889 0.6407407407407407 0.8333333333333334 0.6370370370370371 0.8333333333333334 0.6407407407407407 0.8277777777777777 0.6407407407407407 0.8222222222222222 0.6481481481481481 0.8111111111111111 0.6481481481481481 0.8055555555555556 0.6592592592592592 0.7888888888888889 0.6592592592592592 0.7833333333333333 0.6703703703703704 0.7666666666666667 0.6703703703703704 0.7611111111111111 0.6888888888888889 0.7388888888888889 0.7 0.7388888888888889
19 0.48518518518518516 0.39444444444444443 0.4888888888888889 0.4 0.4888888888888889 0.4222222222222222 0.48148148148148145 0.43333333333333335 0.48148148148148145 0.4388888888888889 0.4888888888888889 0.45 0.48148148148148145 0.45 0.4740740740740741 0.46111111111111114 0.4703703703703704 0.46111111111111114 0.4666666666666667 0.4666666666666667 0.4444444444444444 0.4666666666666667 0.43703703703703706 0.4777777777777778 0.42962962962962964 0.4777777777777778 0.42592592592592593 0.4722222222222222 0.42592592592592593 0.45555555555555555 0.44814814814814813 0.4222222222222222 0.45185185185185184 0.4222222222222222 0.46296296296296297 0.40555555555555556 0.46296296296296297 0.4 0.4666666666666667 0.4 0.4703703703703704 0.39444444444444443 0.48148148148148145 0.39444444444444443
19 0.2777777777777778 0.5277777777777778 0.2814814814814815 0.5333333333333333 0.28888888888888886 0.5333333333333333 0.29259259259259257 0.5388888888888889 0.2962962962962963 0.5388888888888889 0.3037037037037037 0.55 0.2962962962962963 0.55 0.29259259259259257 0.5555555555555556 0.2777777777777778 0.5555555555555556 0.27037037037037037 0.5444444444444444 0.27037037037037037 0.5333333333333333 0.2740740740740741 0.5333333333333333
19 0.3814814814814815 0.31666666666666665 0.3851851851851852 0.31666666666666665 0.3925925925925926 0.3277777777777778 0.4074074074074074 0.3277777777777778 0.42592592592592593 0.35 0.43703703703703706 0.35 0.44814814814814813 0.3611111111111111 0.45555555555555555 0.3611111111111111 0.45925925925925926 0.36666666666666664 0.46296296296296297 0.36666666666666664 0.4666666666666667 0.37222222222222223 0.4777777777777778 0.37777777777777777 0.4740740740740741 0.38333333333333336 0.46296296296296297 0.3888888888888889 0.45185185185185184 0.40555555555555556 0.45185185185185184 0.4111111111111111 0.43703703703703706 0.43333333333333335 0.43333333333333335 0.43333333333333335 0.42592592592592593 0.4444444444444444 0.4074074074074074 0.4444444444444444 0.4 0.42777777777777776 0.3925925925925926 0.42777777777777776 0.3888888888888889 0.43333333333333335 0.3814814814814815 0.4222222222222222 0.37777777777777777 0.4222222222222222 0.37407407407407406 0.4166666666666667 0.35185185185185186 0.4166666666666667 0.34074074074074073 0.43333333333333335 0.337037037037037 0.43333333333333335 0.3333333333333333 0.4388888888888889 0.3296296296296296 0.43333333333333335 0.3037037037037037 0.43333333333333335 0.31851851851851853 0.4111111111111111 0.32222222222222224 0.4166666666666667 0.32592592592592595 0.4166666666666667 0.3333333333333333 0.40555555555555556 0.3333333333333333 0.39444444444444443 0.337037037037037 0.3888888888888889 0.337037037037037 0.38333333333333336 0.362962962962963 0.34444444444444444 0.37407407407407406 0.3388888888888889 0.3814814814814815 0.3277777777777778 0.3814814814814815 0.32222222222222224
19 0.5111111111111111 0.15555555555555556 0.5185185185185185 0.15555555555555556 0.5259259259259259 0.16666666666666666 0.5296296296296297 0.16666666666666666 0.5407407407407407 0.18333333333333332 0.5518518518518518 0.18333333333333332 0.5703703703703704 0.20555555555555555 0.5777777777777777 0.20555555555555555 0.5814814814814815 0.2111111111111111 0.5888888888888889 0.2111111111111111 0.5925925925925926 0.21666666666666667 0.5962962962962963 0.21666666666666667 0.6 0.2111111111111111 0.6037037037037037 0.21666666666666667 0.6074074074074074 0.21666666666666667 0.6111111111111112 0.2222222222222222 0.6185185185185185 0.2222222222222222 0.6222222222222222 0.22777777777777777 0.6407407407407407 0.22777777777777777 0.6444444444444445 0.23333333333333334 0.6703703703703704 0.23333333333333334 0.674074074074074 0.2388888888888889 0.6777777777777778 0.2388888888888889 0.6777777777777778 0.24444444444444444 0.6814814814814815 0.25 0.674074074074074 0.2611111111111111 0.674074074074074 0.26666666666666666 0.6777777777777778 0.2722222222222222 0.6777777777777778 0.2833333333333333 0.6592592592592592 0.2833333333333333 0.6592592592592592 0.26666666666666666 0.662962962962963 0.2722222222222222 0.6666666666666666 0.26666666666666666 0.6666666666666666 0.2611111111111111 0.6592592592592592 0.25 0.6555555555555556 0.25 0.6518518518518519 0.24444444444444444 0.6481481481481481 0.24444444444444444 0.6444444444444445 0.25 0.6444444444444445 0.26666666666666666 0.6481481481481481 0.2722222222222222 0.6518518518518519 0.26666666666666666 0.6444444444444445 0.2777777777777778 0.6481481481481481 0.2833333333333333 0.6518518518518519 0.2833333333333333 0.6518518518518519 0.28888888888888886 0.6555555555555556 0.29444444444444445 0.6592592592592592 0.29444444444444445 0.6592592592592592 0.3 0.6481481481481481 0.28888888888888886 0.6481481481481481 0.2833333333333333 0.6407407407407407 0.26666666666666666 0.6259259259259259 0.26666666666666666 0.6259259259259259 0.2611111111111111 0.6222222222222222 0.25555555555555554 0.6185185185185185 0.2611111111111111 0.6148148148148148 0.25555555555555554 0.6074074074074074 0.25555555555555554 0.6037037037037037 0.2611111111111111 0.6037037037037037 0.26666666666666666 0.6 0.26666666666666666 0.5962962962962963 0.2722222222222222 0.6 0.2777777777777778 0.6037037037037037 0.2777777777777778 0.6 0.2777777777777778 0.5925925925925926 0.28888888888888886 0.5962962962962963 0.29444444444444445 0.6 0.29444444444444445 0.5888888888888889 0.28888888888888886 0.5925925925925926 0.2833333333333333 0.5888888888888889 0.2777777777777778 0.5703703703703704 0.2777777777777778 0.5666666666666667 0.2722222222222222 0.562962962962963 0.2722222222222222 0.5518518518518518 0.25555555555555554 0.5481481481481482 0.25555555555555554 0.5407407407407407 0.2388888888888889 0.5259259259259259 0.2388888888888889 0.5222222222222223 0.23333333333333334 0.5185185185185185 0.2388888888888889 0.5148148148148148 0.23333333333333334 0.5111111111111111 0.23333333333333334 0.5111111111111111 0.22777777777777777 0.5074074074074074 0.2222222222222222 0.5037037037037037 0.2222222222222222 0.5074074074074074 0.21666666666666667 0.5037037037037037 0.2111111111111111 0.5 0.2111111111111111 0.4962962962962963 0.20555555555555555 0.4925925925925926 0.2111111111111111 0.4888888888888889 0.2111111111111111 0.4888888888888889 0.2 0.5037037037037037 0.2 0.5074074074074074 0.20555555555555555 0.5111111111111111 0.20555555555555555 0.5222222222222223 0.21666666666666667 0.5296296296296297 0.20555555555555555 0.5259259259259259 0.2 0.5296296296296297 0.19444444444444445 0.5296296296296297 0.18333333333333332 0.5333333333333333 0.17777777777777778 0.5296296296296297 0.17222222222222222 0.5111111111111111 0.17222222222222222 0.5074074074074074 0.16666666666666666 0.5074074074074074 0.16111111111111112
19 0.37407407407407406 0.12777777777777777 0.37777777777777777 0.13333333333333333 0.3814814814814815 0.13333333333333333 0.3925925925925926 0.15 0.3962962962962963 0.15 0.4 0.15555555555555556 0.4074074074074074 0.15555555555555556 0.4111111111111111 0.16111111111111112 0.42962962962962964 0.16111111111111112 0.43333333333333335 0.16666666666666666 0.45555555555555555 0.16666666666666666 0.45925925925925926 0.17222222222222222 0.46296296296296297 0.17222222222222222 0.4703703703703704 0.18333333333333332 0.4703703703703704 0.18888888888888888 0.4740740740740741 0.19444444444444445 0.4740740740740741 0.20555555555555555 0.4666666666666667 0.20555555555555555 0.45555555555555555 0.21666666666666667 0.44074074074074077 0.21666666666666667 0.43703703703703706 0.2222222222222222 0.42962962962962964 0.2222222222222222 0.4185185185185185 0.23333333333333334 0.4111111111111111 0.23333333333333334 0.4074074074074074 0.2388888888888889 0.40370370370370373 0.2388888888888889 0.4 0.24444444444444444 0.3962962962962963 0.24444444444444444 0.3851851851851852 0.25555555555555554 0.37407407407407406 0.25555555555555554 0.362962962962963 0.2722222222222222 0.362962962962963 0.2777777777777778 0.35555555555555557 0.29444444444444445 0.3592592592592593 0.3 0.362962962962963 0.3 0.36666666666666664 0.31666666666666665 0.37407407407407406 0.3277777777777778 0.37037037037037035 0.3333333333333333 0.362962962962963 0.3333333333333333 0.3592592592592593 0.3388888888888889 0.35555555555555557 0.3388888888888889 0.34814814814814815 0.35 0.337037037037037 0.35555555555555557 0.3333333333333333 0.3611111111111111 0.3296296296296296 0.35555555555555557 0.31851851851851853 0.36666666666666664 0.3148148148148148 0.3611111111111111 0.3074074074074074 0.37222222222222223 0.29259259259259257 0.37222222222222223 0.2851851851851852 0.38333333333333336 0.2777777777777778 0.38333333333333336 0.2740740740740741 0.37777777777777777 0.2740740740740741 0.37222222222222223 0.2777777777777778 0.36666666666666664 0.2777777777777778 0.35 0.2851851851851852 0.3333333333333333 0.2851851851851852 0.32222222222222224 0.28888888888888886 0.32222222222222224 0.29259259259259257 0.31666666666666665 0.29259259259259257 0.3055555555555556 0.28888888888888886 0.3 0.28888888888888886 0.2722222222222222 0.2814814814814815 0.2611111111111111 0.2777777777777778 0.2611111111111111 0.25555555555555554 0.22777777777777777 0.25555555555555554 0.2111111111111111 0.25925925925925924 0.20555555555555555 0.27037037037037037 0.2 0.2777777777777778 0.18888888888888888 0.2851851851851852 0.18888888888888888 0.28888888888888886 0.18333333333333332 0.3 0.17777777777777778 0.3037037037037037 0.17222222222222222 0.3148148148148148 0.16666666666666666 0.32222222222222224 0.15555555555555556 0.3296296296296296 0.15555555555555556 0.337037037037037 0.14444444444444443 0.34074074074074073 0.14444444444444443 0.34444444444444444 0.1388888888888889 0.34814814814814815 0.1388888888888889 0.3592592592592593 0.12777777777777777 0.37037037037037035 0.12777777777777777
19 0.23703703703703705 0.5055555555555555 0.24074074074074073 0.5111111111111111 0.24074074074074073 0.5222222222222223 0.23333333333333334 0.5388888888888889 0.21851851851851853 0.5388888888888889 0.21481481481481482 0.5333333333333333 0.2074074074074074 0.5333333333333333 0.2 0.5166666666666667 0.2074074074074074 0.5055555555555555 0.21481481481481482 0.5055555555555555 0.21851851851851853 0.5 0.22962962962962963 0.5 0.23333333333333334 0.5055555555555555
19 0.7518518518518519 0.32222222222222224 0.7555555555555555 0.3277777777777778 0.7592592592592593 0.3277777777777778 0.7592592592592593 0.3333333333333333 0.7666666666666667 0.35 0.7666666666666667 0.3611111111111111 0.774074074074074 0.37222222222222223 0.774074074074074 0.38333333333333336 0.7814814814814814 0.39444444444444443 0.7814814814814814 0.4 0.7851851851851852 0.40555555555555556 0.7851851851851852 0.4166666666666667 0.7777777777777778 0.4166666666666667 0.762962962962963 0.39444444444444443 0.762962962962963 0.38333333333333336 0.7555555555555555 0.36666666666666664 0.7555555555555555 0.35555555555555557 0.7481481481481481 0.34444444444444444 0.7481481481481481 0.3277777777777778
19 0.5444444444444444 0.6388888888888888 0.5481481481481482 0.6444444444444445 0.5518518518518518 0.6444444444444445 0.5703703703703704 0.6722222222222223 0.5703703703703704 0.6888888888888889 0.5592592592592592 0.7 0.5481481481481482 0.7 0.5370370370370371 0.6833333333333333 0.5370370370370371 0.6555555555555556 0.5407407407407407 0.65 0.5407407407407407 0.6444444444444445
19 0.7148148148148148 0.5222222222222223 0.7185185185185186 0.5222222222222223 0.7222222222222222 0.5166666666666667 0.7407407407407407 0.5166666666666667 0.7481481481481481 0.5333333333333333 0.7481481481481481 0.55 0.7444444444444445 0.5555555555555556 0.7444444444444445 0.5611111111111111 0.7296296296296296 0.5833333333333334 0.7185185185185186 0.5833333333333334 0.7185185185185186 0.5611111111111111 0.7148148148148148 0.5555555555555556 0.7148148148148148 0.5388888888888889 0.7111111111111111 0.5333333333333333 0.7148148148148148 0.5277777777777778
19 0.762962962962963 0.65 0.7666666666666667 0.6666666666666666 0.7592592592592593 0.6666666666666666 0.7555555555555555 0.6722222222222223 0.7555555555555555 0.6777777777777778 0.7481481481481481 0.6777777777777778 0.7407407407407407 0.6888888888888889 0.737037037037037 0.6888888888888889 0.7333333333333333 0.6944444444444444 0.7296296296296296 0.6888888888888889 0.725925925925926 0.6888888888888889 0.7222222222222222 0.6944444444444444 0.7185185185185186 0.6944444444444444 0.7148148148148148 0.7 0.7148148148148148 0.7055555555555556 0.7111111111111111 0.7055555555555556 0.7 0.7166666666666667 0.6962962962962963 0.7166666666666667 0.7 0.7 0.7037037037037037 0.7 0.7074074074074074 0.7055555555555556 0.7185185185185186 0.6944444444444444 0.7185185185185186 0.6833333333333333 0.7222222222222222 0.6888888888888889 0.725925925925926 0.6833333333333333 0.7333333333333333 0.6833333333333333 0.737037037037037 0.6777777777777778 0.7407407407407407 0.6777777777777778 0.7444444444444445 0.6722222222222223 0.7407407407407407 0.6666666666666666 0.7407407407407407 0.6611111111111111 0.7518518518518519 0.6611111111111111 0.7555555555555555 0.6555555555555556 0.7592592592592593 0.6555555555555556
19 0.3888888888888889 0.16666666666666666 0.3962962962962963 0.16666666666666666 0.4 0.16111111111111112 0.4111111111111111 0.16111111111111112 0.4148148148148148 0.16666666666666666 0.4222222222222222 0.16666666666666666 0.4148148148148148 0.16666666666666666 0.40370370370370373 0.17777777777777778 0.3962962962962963 0.17777777777777778 0.3888888888888889 0.18888888888888888 0.3888888888888889 0.19444444444444445 0.3925925925925926 0.2 0.4 0.2 0.4074074074074074 0.2111111111111111 0.42592592592592593 0.2111111111111111 0.43703703703703706 0.19444444444444445 0.43703703703703706 0.17222222222222222 0.43333333333333335 0.16666666666666666 0.42962962962962964 0.16666666666666666 0.44814814814814813 0.16666666666666666 0.45185185185185184 0.17222222222222222 0.45925925925925926 0.17222222222222222 0.4666666666666667 0.18333333333333332 0.4666666666666667 0.19444444444444445 0.45555555555555555 0.2111111111111111 0.45555555555555555 0.21666666666666667 0.44074074074074077 0.21666666666666667 0.43703703703703706 0.2222222222222222 0.42962962962962964 0.2222222222222222 0.42592592592592593 0.22777777777777777 0.4185185185185185 0.22777777777777777 0.4148148148148148 0.23333333333333334 0.4111111111111111 0.23333333333333334 0.4074074074074074 0.2388888888888889 0.3962962962962963 0.24444444444444444 0.3888888888888889 0.25555555555555554 0.37407407407407406 0.25555555555555554 0.3592592592592593 0.2777777777777778 0.3592592592592593 0.2833333333333333 0.34814814814814815 0.3 0.34444444444444444 0.29444444444444445 0.32222222222222224 0.29444444444444445 0.31851851851851853 0.3 0.29259259259259257 0.3 0.29259259259259257 0.2722222222222222 0.3 0.25555555555555554 0.3 0.24444444444444444 0.3074074074074074 0.23333333333333334 0.3074074074074074 0.2222222222222222 0.3111111111111111 0.21666666666666667 0.3111111111111111 0.2111111111111111 0.31851851851851853 0.2111111111111111 0.32222222222222224 0.21666666666666667 0.32592592592592595 0.21666666666666667 0.32592592592592595 0.22777777777777777 0.3296296296296296 0.23333333333333334 0.3333333333333333 0.23333333333333334 0.337037037037037 0.22777777777777777 0.3333333333333333 0.2222222222222222 0.337037037037037 0.2222222222222222 0.34074074074074073 0.21666666666666667 0.34444444444444444 0.2222222222222222 0.34814814814814815 0.21666666666666667 0.36666666666666664 0.21666666666666667 0.37037037037037035 0.2222222222222222 0.37407407407407406 0.2222222222222222 0.3851851851851852 0.20555555555555555 0.3851851851851852 0.19444444444444445 0.3814814814814815 0.18888888888888888 0.3814814814814815 0.18333333333333332 0.37777777777777777 0.17777777777777778 0.37407407407407406 0.18333333333333332 0.37037037037037035 0.17777777777777778 0.37037037037037035 0.17222222222222222 0.3814814814814815 0.17222222222222222 0.3851851851851852 0.17777777777777778 0.3888888888888889 0.17777777777777778 0.3925925925925926 0.17222222222222222
19 0.9592592592592593 0.40555555555555556 0.9703703703703703 0.4222222222222222 0.9703703703703703 0.42777777777777776 0.9592592592592593 0.4444444444444444 0.9555555555555556 0.4444444444444444 0.9518518518518518 0.45 0.9407407407407408 0.45 0.9296296296296296 0.43333333333333335 0.9259259259259259 0.43333333333333335 0.9259259259259259 0.42777777777777776 0.937037037037037 0.4111111111111111 0.9407407407407408 0.4111111111111111 0.9444444444444444 0.40555555555555556 0.9555555555555556 0.40555555555555556
19 0.762962962962963 0.65 0.762962962962963 0.6611111111111111 0.7666666666666667 0.6666666666666666 0.7592592592592593 0.6666666666666666 0.7555555555555555 0.6722222222222223 0.7555555555555555 0.6777777777777778 0.7444444444444445 0.6833333333333333 0.737037037037037 0.6944444444444444 0.725925925925926 0.6888888888888889 0.7222222222222222 0.6944444444444444 0.7185185185185186 0.6944444444444444 0.7148148148148148 0.7 0.7148148148148148 0.7055555555555556 0.7111111111111111 0.7055555555555556 0.7074074074074074 0.7111111111111111 0.7 0.7111111111111111 0.6962962962962963 0.7166666666666667 0.6962962962962963 0.7111111111111111 0.7 0.7055555555555556 0.7 0.6888888888888889 0.7 0.6944444444444444 0.7037037037037037 0.7 0.7148148148148148 0.7 0.7185185185185186 0.6944444444444444 0.7185185185185186 0.6833333333333333 0.7333333333333333 0.6833333333333333 0.737037037037037 0.6777777777777778 0.7333333333333333 0.6722222222222223 0.737037037037037 0.6722222222222223 0.7407407407407407 0.6666666666666666 0.7407407407407407 0.6611111111111111 0.7518518518518519 0.6611111111111111 0.7555555555555555 0.6555555555555556 0.7592592592592593 0.6555555555555556
19 0.6703703703703704 0.8555555555555555 0.674074074074074 0.8611111111111112 0.674074074074074 0.8722222222222222 0.6777777777777778 0.8777777777777778 0.674074074074074 0.8833333333333333 0.674074074074074 0.8888888888888888 0.6703703703703704 0.8944444444444445 0.6666666666666666 0.8944444444444445 0.662962962962963 0.9 0.6555555555555556 0.9 0.6518518518518519 0.9055555555555556 0.6481481481481481 0.9055555555555556 0.6444444444444445 0.9 0.6370370370370371 0.9 0.6296296296296297 0.8888888888888888 0.6296296296296297 0.8611111111111112 0.6333333333333333 0.8555555555555555 0.6666666666666666 0.8555555555555555
19 0.4222222222222222 0.36666666666666664 0.40370370370370373 0.3888888888888889 0.40370370370370373 0.4 0.4074074074074074 0.40555555555555556 0.4111111111111111 0.40555555555555556 0.4074074074074074 0.4111111111111111 0.4074074074074074 0.4222222222222222 0.4111111111111111 0.42777777777777776 0.4148148148148148 0.42777777777777776 0.4185185185185185 0.4222222222222222 0.42962962962962964 0.4166666666666667 0.43333333333333335 0.4111111111111111 0.43333333333333335 0.40555555555555556 0.44814814814814813 0.38333333333333336 0.45185185185185184 0.38333333333333336 0.46296296296296297 0.37222222222222223 0.4703703703703704 0.38333333333333336 0.4740740740740741 0.38333333333333336 0.4703703703703704 0.3888888888888889 0.4666666666666667 0.3888888888888889 0.45185185185185184 0.4111111111111111 0.44814814814814813 0.4111111111111111 0.4444444444444444 0.4166666666666667 0.4444444444444444 0.4222222222222222 0.43333333333333335 0.42777777777777776 0.42962962962962964 0.43333333333333335 0.42962962962962964 0.4388888888888889 0.4185185185185185 0.45555555555555555 0.4185185185185185 0.46111111111111114 0.4148148148148148 0.46111111111111114 0.4111111111111111 0.4666666666666667 0.4148148148148148 0.4722222222222222 0.4185185185185185 0.4722222222222222 0.42592592592592593 0.48333333333333334 0.43703703703703706 0.48333333333333334 0.44814814814814813 0.4722222222222222 0.45185185185185184 0.4777777777777778 0.46296296296296297 0.4777777777777778 0.4666666666666667 0.4722222222222222 0.4740740740740741 0.4722222222222222 0.4777777777777778 0.4666666666666667 0.48148148148148145 0.4666666666666667 0.4888888888888889 0.4777777777777778 0.5 0.4777777777777778 0.5037037037037037 0.48333333333333334 0.5111111111111111 0.48333333333333334 0.5148148148148148 0.4777777777777778 0.5222222222222223 0.4777777777777778 0.5259259259259259 0.4722222222222222 0.5259259259259259 0.4666666666666667 0.5296296296296297 0.46111111111111114 0.5296296296296297 0.45 0.5481481481481482 0.45 0.5555555555555556 0.4388888888888889 0.5740740740740741 0.4388888888888889 0.5777777777777777 0.4444444444444444 0.5851851851851851 0.4444444444444444 0.5888888888888889 0.45 0.5925925925925926 0.45 0.6 0.46111111111111114 0.6037037037037037 0.46111111111111114 0.6074074074074074 0.4666666666666667 0.6185185185185185 0.4722222222222222 0.6222222222222222 0.4777777777777778 0.6222222222222222 0.49444444444444446 0.6185185185185185 0.5 0.6 0.5 0.5962962962962963 0.5055555555555555 0.5888888888888889 0.5055555555555555 0.5851851851851851 0.5111111111111111 0.5777777777777777 0.5111111111111111 0.5740740740740741 0.5166666666666667 0.5666666666666667 0.5166666666666667 0.562962962962963 0.5222222222222223 0.5592592592592592 0.5222222222222223 0.5296296296296297 0.5666666666666667 0.5296296296296297 0.5722222222222222 0.4740740740740741 0.6555555555555556 0.44814814814814813 0.6555555555555556 0.4444444444444444 0.65 0.44074074074074077 0.65 0.43703703703703706 0.6444444444444445 0.43333333333333335 0.6444444444444445 0.42962962962962964 0.6388888888888888 0.4185185185185185 0.6333333333333333 0.4111111111111111 0.6222222222222222 0.4074074074074074 0.6222222222222222 0.40370370370370373 0.6166666666666667 0.4 0.6166666666666667 0.3962962962962963 0.6111111111111112 0.3925925925925926 0.6111111111111112 0.3888888888888889 0.6055555555555555 0.3851851851851852 0.6055555555555555 0.3814814814814815 0.6 0.37777777777777777 0.6 0.37407407407407406 0.5944444444444444 0.37037037037037035 0.5944444444444444 0.36666666666666664 0.5888888888888889 0.362962962962963 0.5888888888888889 0.3592592592592593 0.5833333333333334 0.34814814814814815 0.5777777777777777 0.34074074074074073 0.5666666666666667 0.337037037037037 0.5666666666666667 0.3333333333333333 0.5611111111111111 0.3296296296296296 0.5611111111111111 0.32592592592592595 0.5555555555555556 0.32222222222222224 0.5555555555555556 0.31851851851851853 0.55 0.3074074074074074 0.5444444444444444 0.3 0.5333333333333333 0.2962962962962963 0.5333333333333333 0.29259259259259257 0.5277777777777778 0.2851851851851852 0.5277777777777778 0.2814814814814815 0.5222222222222223 0.2777777777777778 0.5222222222222223 0.2740740740740741 0.5166666666666667 0.26296296296296295 0.5111111111111111 0.25555555555555554 0.5 0.2518518518518518 0.5 0.24444444444444444 0.4888888888888889 0.24074074074074073 0.4888888888888889 0.24074074074074073 0.48333333333333334 0.23703703703703705 0.4777777777777778 0.23703703703703705 0.4666666666666667 0.23333333333333334 0.46111111111111114 0.23333333333333334 0.45555555555555555 0.24074074074074073 0.4444444444444444 0.24814814814814815 0.4444444444444444 0.2518518518518518 0.4388888888888889 0.25925925925925924 0.4388888888888889 0.26296296296296295 0.43333333333333335 0.2777777777777778 0.43333333333333335 0.2814814814814815 0.4388888888888889 0.29259259259259257 0.4388888888888889 0.2962962962962963 0.4444444444444444 0.3 0.4444444444444444 0.3037037037037037 0.4388888888888889 0.3037037037037037 0.43333333333333335 0.3148148148148148 0.43333333333333335 0.31851851851851853 0.42777777777777776 0.31851851851851853 0.4166666666666667 0.32592592592592595 0.4166666666666667 0.337037037037037 0.43333333333333335 0.34074074074074073 0.43333333333333335 0.34444444444444444 0.42777777777777776 0.35185185185185186 0.42777777777777776 0.35555555555555557 0.4222222222222222 0.36666666666666664 0.4222222222222222 0.3592592592592593 0.4222222222222222 0.35555555555555557 0.42777777777777776 0.35555555555555557 0.4388888888888889 0.35185185185185186 0.4388888888888889 0.34444444444444444 0.45 0.34814814814814815 0.45555555555555555 0.35185185185185186 0.45555555555555555 0.35555555555555557 0.45 0.37037037037037035 0.45 0.37407407407407406 0.45555555555555555 0.3814814814814815 0.4388888888888889 0.3888888888888889 0.4388888888888889 0.3925925925925926 0.43333333333333335 0.3962962962962963 0.43333333333333335 0.4074074074074074 0.4166666666666667 0.4074074074074074 0.40555555555555556 0.40370370370370373 0.4 0.4 0.38333333333333336 0.4074074074074074 0.38333333333333336 0.4148148148148148 0.37222222222222223 0.4185185185185185 0.37222222222222223
19 0.7666666666666667 0.2833333333333333 0.774074074074074 0.2833333333333333 0.7777777777777778 0.28888888888888886 0.8 0.28888888888888886 0.8037037037037037 0.29444444444444445 0.825925925925926 0.29444444444444445 0.8296296296296296 0.3 0.8333333333333334 0.3 0.837037037037037 0.3055555555555556 0.8407407407407408 0.3055555555555556 0.8444444444444444 0.3111111111111111 0.8555555555555555 0.31666666666666665 0.8666666666666667 0.3333333333333333 0.8666666666666667 0.3611111111111111 0.8629629629629629 0.36666666666666664 0.8629629629629629 0.3888888888888889 0.8592592592592593 0.39444444444444443 0.8518518518518519 0.39444444444444443 0.8481481481481481 0.3888888888888889 0.8444444444444444 0.3888888888888889 0.837037037037037 0.37777777777777777 0.825925925925926 0.37222222222222223 0.8111111111111111 0.35 0.8074074074074075 0.3333333333333333 0.8 0.32222222222222224 0.7925925925925926 0.32222222222222224 0.7851851851851852 0.3111111111111111 0.7814814814814814 0.3111111111111111 0.7703703703703704 0.29444444444444445 0.7703703703703704 0.28888888888888886
19 0.4074074074074074 0.28888888888888886 0.05185185185185185 0.06666666666666667
19 0.5185185185185185 0.15 0.5370370370370371 0.17222222222222222 0.5407407407407407 0.17222222222222222 0.5444444444444444 0.17777777777777778 0.5555555555555556 0.18333333333333332 0.562962962962963 0.19444444444444445 0.5666666666666667 0.19444444444444445 0.5777777777777777 0.20555555555555555 0.5851851851851851 0.20555555555555555 0.5888888888888889 0.2111111111111111 0.6 0.2111111111111111 0.6037037037037037 0.21666666666666667 0.6111111111111112 0.21666666666666667 0.6148148148148148 0.2222222222222222 0.6259259259259259 0.2222222222222222 0.6296296296296297 0.22777777777777777 0.6444444444444445 0.22777777777777777 0.6481481481481481 0.23333333333333334 0.6703703703703704 0.23333333333333334 0.6777777777777778 0.24444444444444444 0.674074074074074 0.25 0.674074074074074 0.2611111111111111 0.6777777777777778 0.26666666666666666 0.6777777777777778 0.29444444444444445 0.674074074074074 0.3 0.674074074074074 0.3055555555555556 0.6703703703703704 0.3111111111111111 0.662962962962963 0.3111111111111111 0.6518518518518519 0.29444444444444445 0.6444444444444445 0.29444444444444445 0.6370370370370371 0.3055555555555556 0.6370370370370371 0.3111111111111111 0.6333333333333333 0.3111111111111111 0.6296296296296297 0.31666666666666665 0.6185185185185185 0.31666666666666665 0.6148148148148148 0.3111111111111111 0.6074074074074074 0.3111111111111111 0.6037037037037037 0.3055555555555556 0.6 0.3055555555555556 0.5925925925925926 0.29444444444444445 0.5814814814814815 0.28888888888888886 0.5740740740740741 0.2777777777777778 0.5666666666666667 0.2777777777777778 0.5518518518518518 0.25555555555555554 0.5481481481481482 0.25555555555555554 0.5481481481481482 0.25 0.5444444444444444 0.24444444444444444 0.5407407407407407 0.24444444444444444 0.5370370370370371 0.2388888888888889 0.5185185185185185 0.2388888888888889 0.5148148148148148 0.23333333333333334 0.5111111111111111 0.23333333333333334 0.5037037037037037 0.2222222222222222 0.5037037037037037 0.21666666666666667 0.4925925925925926 0.20555555555555555 0.4925925925925926 0.2 0.4962962962962963 0.20555555555555555 0.5037037037037037 0.18888888888888888 0.5037037037037037 0.15555555555555556 0.5148148148148148 0.15
19 0.4925925925925926 0.6944444444444444 0.4962962962962963 0.7 0.5037037037037037 0.7 0.5074074074074074 0.7055555555555556 0.5148148148148148 0.7055555555555556 0.5185185185185185 0.7111111111111111 0.5296296296296297 0.7111111111111111 0.5333333333333333 0.7166666666666667 0.5370370370370371 0.7166666666666667 0.5407407407407407 0.7222222222222222 0.5518518518518518 0.7277777777777777 0.5555555555555556 0.7333333333333333 0.5555555555555556 0.7388888888888889 0.5666666666666667 0.7555555555555555 0.5851851851851851 0.7555555555555555 0.5888888888888889 0.7611111111111111 0.5962962962962963 0.7611111111111111 0.6074074074074074 0.7722222222222223 0.6148148148148148 0.7722222222222223 0.6185185185185185 0.7777777777777778 0.6222222222222222 0.7777777777777778 0.6296296296296297 0.7888888888888889 0.6296296296296297 0.8 0.6259259259259259 0.8055555555555556 0.6148148148148148 0.8055555555555556 0.6111111111111112 0.8111111111111111 0.6074074074074074 0.8111111111111111 0.6037037037037037 0.8055555555555556 0.5777777777777777 0.8055555555555556 0.5666666666666667 0.7944444444444444 0.5592592592592592 0.7944444444444444 0.5555555555555556 0.7888888888888889 0.5481481481481482 0.7888888888888889 0.5444444444444444 0.7833333333333333 0.5407407407407407 0.7833333333333333 0.5296296296296297 0.7722222222222223 0.5222222222222223 0.7722222222222223 0.5185185185185185 0.7666666666666667 0.5111111111111111 0.7666666666666667 0.5074074074074074 0.7611111111111111 0.5037037037037037 0.7611111111111111 0.5 0.7555555555555555 0.4962962962962963 0.7555555555555555 0.4925925925925926 0.75 0.4888888888888889 0.75 0.48518518518518516 0.7444444444444445 0.4740740740740741 0.7388888888888889 0.4703703703703704 0.7333333333333333 0.4703703703703704 0.7277777777777777 0.45555555555555555 0.7055555555555556 0.4666666666666667 0.6888888888888889 0.4777777777777778 0.6888888888888889 0.48148148148148145 0.6944444444444444 0.4888888888888889 0.6944444444444444
19 0.6 0.8916666666666667 0.05925925925925926 0.08333333333333333
19 0.43333333333333335 0.23333333333333334 0.43703703703703706 0.23333333333333334 0.43333333333333335 0.23333333333333334 0.42962962962962964 0.2388888888888889 0.42962962962962964 0.25 0.42592592592592593 0.25 0.4222222222222222 0.25555555555555554 0.42592592592592593 0.2722222222222222 0.43333333333333335 0.2833333333333333 0.43703703703703706 0.2833333333333333 0.44074074074074077 0.28888888888888886 0.45185185185185184 0.28888888888888886 0.45555555555555555 0.2833333333333333 0.45925925925925926 0.2833333333333333 0.46296296296296297 0.28888888888888886 0.45925925925925926 0.29444444444444445 0.46296296296296297 0.3 0.45925925925925926 0.3055555555555556 0.45925925925925926 0.3111111111111111 0.4703703703703704 0.3277777777777778 0.4740740740740741 0.3277777777777778 0.4777777777777778 0.32222222222222224 0.4777777777777778 0.3055555555555556 0.48148148148148145 0.3055555555555556 0.48518518518518516 0.3111111111111111 0.4925925925925926 0.3111111111111111 0.4962962962962963 0.3055555555555556 0.5 0.3055555555555556 0.5037037037037037 0.3111111111111111 0.5111111111111111 0.3111111111111111 0.5148148148148148 0.3055555555555556 0.5185185185185185 0.3055555555555556 0.5259259259259259 0.29444444444444445 0.5185185185185185 0.2833333333333333 0.5185185185185185 0.2777777777777778 0.5074074074074074 0.2611111111111111 0.5037037037037037 0.2611111111111111 0.5111111111111111 0.2611111111111111 0.5148148148148148 0.25555555555555554 0.5185185185185185 0.25555555555555554 0.5222222222222223 0.2611111111111111 0.5296296296296297 0.2611111111111111 0.5333333333333333 0.25555555555555554 0.5370370370370371 0.2611111111111111 0.5407407407407407 0.2611111111111111 0.5444444444444444 0.26666666666666666 0.5555555555555556 0.2722222222222222 0.5555555555555556 0.2777777777777778 0.5592592592592592 0.2833333333333333 0.5666666666666667 0.2833333333333333 0.5740740740740741 0.29444444444444445 0.5777777777777777 0.29444444444444445 0.5814814814814815 0.3 0.5851851851851851 0.3 0.5888888888888889 0.3055555555555556 0.5925925925925926 0.3055555555555556 0.5962962962962963 0.3111111111111111 0.6 0.3111111111111111 0.6111111111111112 0.32222222222222224 0.6185185185185185 0.32222222222222224 0.6222222222222222 0.3277777777777778 0.6407407407407407 0.3277777777777778 0.6444444444444445 0.3333333333333333 0.6518518518518519 0.3333333333333333 0.6555555555555556 0.3277777777777778 0.662962962962963 0.3388888888888889 0.6666666666666666 0.3388888888888889 0.6703703703703704 0.3333333333333333 0.6777777777777778 0.3333333333333333 0.6814814814814815 0.3277777777777778 0.6777777777777778 0.32222222222222224 0.674074074074074 0.32222222222222224 0.674074074074074 0.31666666666666665 0.6851851851851852 0.31666666666666665 0.6925925925925925 0.3277777777777778 0.6925925925925925 0.3333333333333333 0.7 0.34444444444444444 0.7037037037037037 0.34444444444444444 0.7074074074074074 0.35 0.7074074074074074 0.3611111111111111 0.7037037037037037 0.3611111111111111 0.7 0.35555555555555557 0.7 0.34444444444444444 0.6962962962962963 0.3388888888888889 0.6925925925925925 0.34444444444444444 0.6888888888888889 0.34444444444444444 0.6851851851851852 0.3388888888888889 0.6777777777777778 0.3388888888888889 0.6703703703703704 0.35555555555555557 0.674074074074074 0.3611111111111111 0.6703703703703704 0.3611111111111111 0.662962962962963 0.37222222222222223 0.6666666666666666 0.3888888888888889 0.6592592592592592 0.4 0.6592592592592592 0.4111111111111111 0.662962962962963 0.4166666666666667 0.6777777777777778 0.4166666666666667 0.6888888888888889 0.42777777777777776 0.6962962962962963 0.42777777777777776 0.7 0.4222222222222222 0.7074074074074074 0.4222222222222222 0.7148148148148148 0.4111111111111111 0.7148148148148148 0.4 0.7185185185185186 0.39444444444444443 0.7185185185185186 0.37777777777777777 0.7222222222222222 0.38333333333333336 0.7222222222222222 0.3888888888888889 0.7296296296296296 0.4 0.7333333333333333 0.4 0.7333333333333333 0.4166666666666667 0.7296296296296296 0.4222222222222222 0.725925925925926 0.4388888888888889 0.7222222222222222 0.4388888888888889 0.7185185185185186 0.4444444444444444 0.7185185185185186 0.45 0.7148148148148148 0.45 0.6962962962962963 0.4722222222222222 0.6888888888888889 0.4722222222222222 0.6851851851851852 0.4777777777777778 0.6814814814814815 0.4777777777777778 0.6777777777777778 0.4722222222222222 0.6555555555555556 0.4722222222222222 0.6518518518518519 0.4666666666666667 0.6296296296296297 0.4666666666666667 0.6259259259259259 0.46111111111111114 0.6148148148148148 0.46111111111111114 0.6111111111111112 0.45555555555555555 0.6074074074074074 0.45555555555555555 0.6 0.4444444444444444 0.5962962962962963 0.4444444444444444 0.5925925925925926 0.4388888888888889 0.5888888888888889 0.4388888888888889 0.5777777777777777 0.42777777777777776 0.5666666666666667 0.42777777777777776 0.5555555555555556 0.4166666666666667 0.5481481481481482 0.4166666666666667 0.5370370370370371 0.40555555555555556 0.5296296296296297 0.40555555555555556 0.5259259259259259 0.4 0.5222222222222223 0.4 0.5111111111111111 0.3888888888888889 0.5037037037037037 0.3888888888888889 0.4962962962962963 0.37777777777777777 0.4888888888888889 0.37777777777777777 0.48518518518518516 0.37222222222222223 0.48148148148148145 0.37222222222222223 0.4703703703703704 0.3611111111111111 0.46296296296296297 0.3611111111111111 0.45925925925925926 0.35555555555555557 0.45555555555555555 0.35555555555555557 0.4444444444444444 0.34444444444444444 0.43703703703703706 0.34444444444444444 0.43333333333333335 0.3388888888888889 0.42962962962962964 0.3388888888888889 0.42592592592592593 0.3333333333333333 0.4148148148148148 0.3277777777777778 0.4074074074074074 0.31666666666666665 0.4 0.31666666666666665 0.3962962962962963 0.3111111111111111 0.3888888888888889 0.3111111111111111 0.3888888888888889 0.3055555555555556 0.37777777777777777 0.28888888888888886 0.37037037037037035 0.28888888888888886 0.37037037037037035 0.2833333333333333 0.36666666666666664 0.2777777777777778 0.37407407407407406 0.26666666666666666 0.3814814814814815 0.26666666666666666 0.3851851851851852 0.2611111111111111 0.3888888888888889 0.2611111111111111 0.3925925925925926 0.25555555555555554 0.3962962962962963 0.25555555555555554 0.4074074074074074 0.24444444444444444 0.4148148148148148 0.24444444444444444 0.4185185185185185 0.2388888888888889 0.42962962962962964 0.23333333333333334
19 0.7 0.7666666666666667 0.7 0.7944444444444444 0.6888888888888889 0.8111111111111111 0.6851851851851852 0.8277777777777777 0.6703703703703704 0.85 0.6555555555555556 0.85 0.6518518518518519 0.8444444444444444 0.6481481481481481 0.8444444444444444 0.6481481481481481 0.8111111111111111 0.6518518518518519 0.8055555555555556 0.6518518518518519 0.8 0.662962962962963 0.7833333333333333 0.662962962962963 0.7777777777777778 0.674074074074074 0.7611111111111111 0.6925925925925925 0.7611111111111111 0.6962962962962963 0.7666666666666667
19 0.42592592592592593 0.25555555555555554 0.43333333333333335 0.25555555555555554 0.42962962962962964 0.2611111111111111 0.43333333333333335 0.26666666666666666 0.4444444444444444 0.26666666666666666 0.45555555555555555 0.2777777777777778 0.45555555555555555 0.2833333333333333 0.45185185185185184 0.2833333333333333 0.44814814814814813 0.28888888888888886 0.4444444444444444 0.2833333333333333 0.43333333333333335 0.2777777777777778 0.42962962962962964 0.2833333333333333 0.42962962962962964 0.29444444444444445 0.42592592592592593 0.3 0.42592592592592593 0.3055555555555556 0.4185185185185185 0.3055555555555556 0.4185185185185185 0.3 0.4148148148148148 0.29444444444444445 0.40370370370370373 0.3055555555555556 0.4 0.3 0.3962962962962963 0.3 0.3962962962962963 0.28888888888888886 0.3925925925925926 0.2833333333333333 0.37777777777777777 0.2833333333333333 0.37407407407407406 0.2777777777777778 0.37037037037037035 0.2777777777777778 0.37037037037037035 0.2722222222222222 0.37407407407407406 0.26666666666666666 0.3851851851851852 0.26666666666666666 0.3814814814814815 0.26666666666666666 0.37777777777777777 0.2722222222222222 0.3814814814814815 0.2777777777777778 0.3888888888888889 0.2777777777777778 0.3925925925925926 0.2833333333333333 0.4 0.2833333333333333 0.40370370370370373 0.2777777777777778 0.4111111111111111 0.2777777777777778 0.4148148148148148 0.2833333333333333 0.4185185185185185 0.2777777777777778 0.4222222222222222 0.2777777777777778 0.42592592592592593 0.2833333333333333 0.42962962962962964 0.2833333333333333 0.43333333333333335 0.2777777777777778 0.42592592592592593 0.26666666666666666 0.42592592592592593 0.2611111111111111
19 0.674074074074074 0.5944444444444444 0.674074074074074 0.6277777777777778 0.6703703703703704 0.6333333333333333 0.6703703703703704 0.6388888888888888 0.662962962962963 0.65 0.6333333333333333 0.65 0.6259259259259259 0.6388888888888888 0.6259259259259259 0.6333333333333333 0.6222222222222222 0.6277777777777778 0.6222222222222222 0.6166666666666667 0.6259259259259259 0.6111111111111112 0.6259259259259259 0.6055555555555555 0.6370370370370371 0.5888888888888889 0.6407407407407407 0.5888888888888889 0.6444444444444445 0.5833333333333334 0.662962962962963 0.5833333333333334 0.6703703703703704 0.5944444444444444
19 0.7481481481481481 0.45 0.7518518518518519 0.45555555555555555 0.7592592592592593 0.45555555555555555 0.7703703703703704 0.4722222222222222 0.7703703703703704 0.4777777777777778 0.7814814814814814 0.49444444444444446 0.7851851851851852 0.5111111111111111 0.7925925925925926 0.5222222222222223 0.7925925925925926 0.5388888888888889 0.7851851851851852 0.55 0.774074074074074 0.55 0.7555555555555555 0.5222222222222223 0.7555555555555555 0.5166666666666667 0.7481481481481481 0.5055555555555555 0.7481481481481481 0.5 0.7444444444444445 0.49444444444444446 0.7444444444444445 0.48333333333333334 0.737037037037037 0.4722222222222222 0.737037037037037 0.45555555555555555 0.7407407407407407 0.45 0.7444444444444445 0.45
19 0.4222222222222222 0.35 0.42592592592592593 0.35 0.42962962962962964 0.35555555555555557 0.4444444444444444 0.35555555555555557 0.44814814814814813 0.3611111111111111 0.45185185185185184 0.3611111111111111 0.45555555555555555 0.36666666666666664 0.4666666666666667 0.37222222222222223 0.4740740740740741 0.38333333333333336 0.4703703703703704 0.38333333333333336 0.43703703703703706 0.43333333333333335 0.43333333333333335 0.43333333333333335 0.4185185185185185 0.45555555555555555 0.4185185185185185 0.4722222222222222 0.4148148148148148 0.4777777777777778 0.4111111111111111 0.4777777777777778 0.40370370370370373 0.4888888888888889 0.4074074074074074 0.49444444444444446 0.40370370370370373 0.49444444444444446 0.4 0.5 0.3925925925925926 0.4888888888888889 0.3851851851851852 0.4888888888888889 0.3814814814814815 0.49444444444444446 0.37777777777777777 0.49444444444444446 0.36666666666666664 0.5055555555555555 0.36666666666666664 0.5 0.362962962962963 0.49444444444444446 0.3814814814814815 0.49444444444444446 0.3851851851851852 0.4888888888888889 0.3851851851851852 0.46111111111111114 0.3814814814814815 0.45555555555555555 0.3592592592592593 0.45555555555555555 0.35555555555555557 0.46111111111111114 0.362962962962963 0.4722222222222222 0.36666666666666664 0.4666666666666667 0.37777777777777777 0.4666666666666667 0.37777777777777777 0.4722222222222222 0.362962962962963 0.4722222222222222 0.3592592592592593 0.4666666666666667 0.35555555555555557 0.4722222222222222 0.35555555555555557 0.48333333333333334 0.34444444444444444 0.48333333333333334 0.337037037037037 0.49444444444444446 0.3296296296296296 0.49444444444444446 0.32592592592592595 0.5 0.3296296296296296 0.49444444444444446 0.32592592592592595 0.4888888888888889 0.32222222222222224 0.4888888888888889 0.31851851851851853 0.49444444444444446 0.31851851851851853 0.5 0.3148148148148148 0.5 0.3148148148148148 0.49444444444444446 0.3111111111111111 0.4888888888888889 0.3074074074074074 0.49444444444444446 0.3037037037037037 0.49444444444444446 0.3 0.4888888888888889 0.3037037037037037 0.4888888888888889 0.3074074074074074 0.48333333333333334 0.3074074074074074 0.4777777777777778 0.29259259259259257 0.45555555555555555 0.28888888888888886 0.45555555555555555 0.2814814814814815 0.4722222222222222 0.2814814814814815 0.4777777777777778 0.2851851851851852 0.48333333333333334 0.28888888888888886 0.48333333333333334 0.2814814814814815 0.48333333333333334 0.2777777777777778 0.4888888888888889 0.27037037037037037 0.4888888888888889 0.26666666666666666 0.49444444444444446 0.26296296296296295 0.5111111111111111 0.26666666666666666 0.5166666666666667 0.2777777777777778 0.5166666666666667 0.2814814814814815 0.5222222222222223 0.28888888888888886 0.5222222222222223 0.29259259259259257 0.5166666666666667 0.28888888888888886 0.5222222222222223 0.2962962962962963 0.5333333333333333 0.3 0.5333333333333333 0.3037037037037037 0.5388888888888889 0.3 0.5388888888888889 0.29259259259259257 0.5277777777777778 0.2851851851851852 0.5277777777777778 0.2814814814814815 0.5222222222222223 0.2740740740740741 0.5222222222222223 0.27037037037037037 0.5166666666666667 0.26666666666666666 0.5166666666666667 0.25555555555555554 0.5 0.24814814814814815 0.5 0.24444444444444444 0.49444444444444446 0.24074074074074073 0.49444444444444446 0.24074074074074073 0.4888888888888889 0.23333333333333334 0.4722222222222222 0.23333333333333334 0.45 0.23703703703703705 0.4444444444444444 0.24074074074074073 0.4444444444444444 0.24444444444444444 0.4388888888888889 0.25555555555555554 0.4388888888888889 0.25925925925925924 0.43333333333333335 0.2814814814814815 0.43333333333333335 0.2851851851851852 0.4388888888888889 0.2962962962962963 0.4388888888888889 0.3074074074074074 0.4222222222222222 0.3111111111111111 0.4222222222222222 0.31851851851851853 0.4111111111111111 0.32592592592592595 0.4111111111111111 0.337037037037037 0.39444444444444443 0.34074074074074073 0.4 0.34074074074074073 0.40555555555555556 0.35185185185185186 0.4222222222222222 0.37037037037037035 0.4222222222222222 0.37777777777777777 0.43333333333333335 0.3814814814814815 0.43333333333333335 0.37777777777777777 0.43333333333333335 0.37407407407407406 0.4388888888888889 0.37777777777777777 0.4444444444444444 0.3851851851851852 0.4444444444444444 0.3888888888888889 0.45 0.3925925925925926 0.4444444444444444 0.3925925925925926 0.4388888888888889 0.40370370370370373 0.4222222222222222 0.40370370370370373 0.4 0.3962962962962963 0.3888888888888889 0.3962962962962963 0.37777777777777777 0.40370370370370373 0.37777777777777777 0.4222222222222222 0.35555555555555557
19 0.43703703703703706 0.22777777777777777 0.44814814814814813 0.22777777777777777 0.45185185185185184 0.23333333333333334 0.46296296296296297 0.2388888888888889 0.4666666666666667 0.24444444444444444 0.4666666666666667 0.25 0.4703703703703704 0.25555555555555554 0.4740740740740741 0.25555555555555554 0.4666666666666667 0.2722222222222222 0.46296296296296297 0.2722222222222222 0.45925925925925926 0.2777777777777778 0.44814814814814813 0.2777777777777778 0.4444444444444444 0.2833333333333333 0.44074074074074077 0.2777777777777778 0.43703703703703706 0.2777777777777778 0.42592592592592593 0.2611111111111111 0.42592592592592593 0.25555555555555554 0.42962962962962964 0.25555555555555554 0.43333333333333335 0.25 0.43333333333333335 0.2388888888888889 0.43703703703703706 0.23333333333333334
19 0.37407407407407406 0.3111111111111111 0.3814814814814815 0.3111111111111111 0.3814814814814815 0.3277777777777778 0.3925925925925926 0.3388888888888889 0.4148148148148148 0.3388888888888889 0.4185185185185185 0.34444444444444444 0.42592592592592593 0.34444444444444444 0.42962962962962964 0.35 0.4222222222222222 0.3611111111111111 0.4185185185185185 0.3611111111111111 0.4074074074074074 0.37222222222222223 0.4 0.37222222222222223 0.3962962962962963 0.37777777777777777 0.3888888888888889 0.37777777777777777 0.3851851851851852 0.37222222222222223 0.37407407407407406 0.37222222222222223 0.37037037037037035 0.36666666666666664 0.362962962962963 0.36666666666666664 0.362962962962963 0.35555555555555557 0.3851851851851852 0.3333333333333333 0.3814814814814815 0.3277777777777778 0.37777777777777777 0.3277777777777778 0.37407407407407406 0.32222222222222224 0.37407407407407406 0.31666666666666665