19 0.634020618556701 0.8301158301158301 0.6391752577319587 0.833976833976834 0.6443298969072165 0.833976833976834 0.6443298969072165 0.8532818532818532 0.6494845360824743 0.8571428571428571 0.6443298969072165 0.861003861003861 0.6391752577319587 0.8725868725868726 0.634020618556701 0.8687258687258688 0.6288659793814433 0.8725868725868726 0.6237113402061856 0.8725868725868726 0.6288659793814433 0.8687258687258688 0.6237113402061856 0.8648648648648649 0.6082474226804123 0.8687258687258688 0.5979381443298969 0.861003861003861 0.5824742268041238 0.861003861003861 0.5618556701030928 0.8455598455598455 0.5567010309278351 0.8455598455598455 0.5567010309278351 0.833976833976834 0.5670103092783505 0.8262548262548263 0.5773195876288659 0.8262548262548263 0.5824742268041238 0.8223938223938224 0.5876288659793815 0.8223938223938224 0.5979381443298969 0.8301158301158301 0.6288659793814433 0.8301158301158301
19 0.27835051546391754 0.444015444015444 0.29381443298969073 0.444015444015444 0.30412371134020616 0.4517374517374517 0.30927835051546393 0.4517374517374517 0.31443298969072164 0.44787644787644787 0.31958762886597936 0.4517374517374517 0.31958762886597936 0.4555984555984556 0.32989690721649484 0.4671814671814672 0.3556701030927835 0.4671814671814672 0.37628865979381443 0.4826254826254826 0.37628865979381443 0.4942084942084942 0.36082474226804123 0.5057915057915058 0.36082474226804123 0.5096525096525096 0.3556701030927835 0.5135135135135135 0.3556701030927835 0.525096525096525 0.34536082474226804 0.525096525096525 0.33505154639175255 0.5328185328185329 0.33505154639175255 0.5366795366795367 0.3247422680412371 0.5366795366795367 0.31958762886597936 0.5328185328185329 0.31443298969072164 0.5328185328185329 0.31443298969072164 0.5212355212355212 0.30927835051546393 0.5173745173745173 0.27319587628865977 0.5173745173745173 0.26804123711340205 0.5135135135135135 0.25257731958762886 0.5096525096525096 0.23711340206185566 0.4980694980694981 0.23711340206185566 0.49034749034749037 0.23195876288659795 0.4864864864864865 0.23195876288659795 0.47876447876447875 0.23711340206185566 0.4826254826254826 0.25257731958762886 0.47876447876447875 0.25773195876288657 0.4749034749034749 0.25773195876288657 0.47104247104247104 0.26804123711340205 0.46332046332046334 0.26804123711340205 0.4594594594594595 0.27835051546391754 0.44787644787644787
19 0.634020618556701 0.444015444015444 0.634020618556701 0.44787644787644787 0.6391752577319587 0.4517374517374517 0.6391752577319587 0.46332046332046334 0.6288659793814433 0.47104247104247104 0.6288659793814433 0.4749034749034749 0.6185567010309279 0.4826254826254826 0.6185567010309279 0.4864864864864865 0.6082474226804123 0.4942084942084942 0.6030927835051546 0.4942084942084942 0.5979381443298969 0.4980694980694981 0.5773195876288659 0.4980694980694981 0.5618556701030928 0.4864864864864865 0.5618556701030928 0.47104247104247104 0.5670103092783505 0.4671814671814672 0.5670103092783505 0.46332046332046334 0.5721649484536082 0.4594594594594595 0.5773195876288659 0.4594594594594595 0.5979381443298969 0.444015444015444 0.6030927835051546 0.444015444015444 0.6082474226804123 0.44015444015444016 0.6237113402061856 0.44015444015444016 0.6288659793814433 0.444015444015444
19 0.41237113402061853 0.42084942084942084 0.422680412371134 0.42084942084942084 0.4381443298969072 0.42857142857142855 0.4484536082474227 0.42857142857142855 0.4587628865979381 0.4362934362934363 0.4587628865979381 0.4671814671814672 0.4536082474226804 0.47104247104247104 0.4536082474226804 0.4749034749034749 0.42783505154639173 0.4942084942084942 0.42783505154639173 0.4980694980694981 0.422680412371134 0.5019305019305019 0.422680412371134 0.5135135135135135 0.41237113402061853 0.5212355212355212 0.41237113402061853 0.525096525096525 0.4072164948453608 0.528957528957529 0.4020618556701031 0.5405405405405406 0.3917525773195876 0.5482625482625483 0.38144329896907214 0.5482625482625483 0.36597938144329895 0.5366795366795367 0.36597938144329895 0.5328185328185329 0.36082474226804123 0.528957528957529 0.36082474226804123 0.525096525096525 0.36597938144329895 0.525096525096525 0.3711340206185567 0.528957528957529 0.3917525773195876 0.528957528957529 0.4020618556701031 0.5212355212355212 0.4020618556701031 0.5096525096525096 0.39690721649484534 0.5057915057915058 0.3917525773195876 0.5057915057915058 0.3865979381443299 0.5019305019305019 0.3711340206185567 0.5019305019305019 0.3711340206185567 0.4980694980694981 0.37628865979381443 0.4942084942084942 0.37628865979381443 0.4749034749034749 0.3711340206185567 0.47104247104247104 0.37628865979381443 0.4671814671814672 0.37628865979381443 0.4594594594594595 0.3711340206185567 0.4555984555984556 0.3711340206185567 0.44787644787644787 0.3711340206185567 0.4517374517374517 0.37628865979381443 0.4555984555984556 0.38144329896907214 0.4517374517374517 0.3865979381443299 0.4555984555984556 0.3917525773195876 0.4517374517374517 0.3917525773195876 0.44787644787644787 0.4020618556701031 0.44015444015444016 0.4020618556701031 0.4362934362934363 0.41237113402061853 0.42857142857142855 0.41237113402061853 0.4247104247104247
19 0.3556701030927835 0.33976833976833976 0.05154639175257732 0.04633204633204633
19 0.5670103092783505 0.39768339768339767 0.5773195876288659 0.39768339768339767 0.5824742268041238 0.4015444015444015 0.5927835051546392 0.4015444015444015 0.5979381443298969 0.40540540540540543 0.6134020618556701 0.4092664092664093 0.6185567010309279 0.41312741312741313 0.6185567010309279 0.416988416988417 0.6701030927835051 0.4555984555984556 0.6701030927835051 0.4594594594594595 0.6752577319587629 0.46332046332046334 0.6804123711340206 0.46332046332046334 0.6958762886597938 0.4749034749034749 0.6958762886597938 0.47876447876447875 0.7422680412371134 0.5135135135135135 0.7422680412371134 0.5173745173745173 0.7525773195876289 0.525096525096525 0.7525773195876289 0.528957528957529 0.7577319587628866 0.5328185328185329 0.7525773195876289 0.5444015444015444 0.7371134020618557 0.555984555984556 0.7319587628865979 0.555984555984556 0.7216494845360825 0.5637065637065637 0.7268041237113402 0.5521235521235521 0.7371134020618557 0.5521235521235521 0.7474226804123711 0.5405405405405406 0.7371134020618557 0.5328185328185329 0.7371134020618557 0.525096525096525 0.7268041237113402 0.5173745173745173 0.7216494845360825 0.5173745173745173 0.7164948453608248 0.5135135135135135 0.6907216494845361 0.5135135135135135 0.6855670103092784 0.5173745173745173 0.6907216494845361 0.5212355212355212 0.6649484536082474 0.5405405405405406 0.6649484536082474 0.5444015444015444 0.6701030927835051 0.5482625482625483 0.6649484536082474 0.5521235521235521 0.6649484536082474 0.5637065637065637 0.6597938144329897 0.5675675675675675 0.6649484536082474 0.5714285714285714 0.6752577319587629 0.5714285714285714 0.6855670103092784 0.5791505791505791 0.7010309278350515 0.5791505791505791 0.6958762886597938 0.583011583011583 0.6958762886597938 0.5868725868725869 0.6701030927835051 0.6061776061776062 0.6649484536082474 0.6061776061776062 0.5979381443298969 0.6563706563706564 0.5773195876288659 0.6563706563706564 0.5051546391752577 0.6023166023166023 0.5051546391752577 0.5984555984555985 0.4587628865979381 0.5637065637065637 0.4587628865979381 0.5598455598455598 0.4329896907216495 0.5444015444015444 0.4329896907216495 0.5405405405405406 0.422680412371134 0.5328185328185329 0.422680412371134 0.5212355212355212 0.42783505154639173 0.5173745173745173 0.42783505154639173 0.5135135135135135 0.4329896907216495 0.5173745173745173 0.4381443298969072 0.5173745173745173 0.44329896907216493 0.5135135135135135 0.44329896907216493 0.49034749034749037 0.44329896907216493 0.5057915057915058 0.4536082474226804 0.5135135135135135 0.4587628865979381 0.5096525096525096 0.4587628865979381 0.5057915057915058 0.4639175257731959 0.5057915057915058 0.4742268041237113 0.4980694980694981 0.4793814432989691 0.4980694980694981 0.4896907216494845 0.4864864864864865 0.4896907216494845 0.4826254826254826 0.4845360824742268 0.47876447876447875 0.4587628865979381 0.47876447876447875 0.4639175257731959 0.4749034749034749 0.4639175257731959 0.4671814671814672 0.4690721649484536 0.46332046332046334 0.4690721649484536 0.4517374517374517 0.4845360824742268 0.44787644787644787 0.5 0.4362934362934363 0.5 0.43243243243243246 0.5257731958762887 0.416988416988417 0.520618556701031 0.42084942084942084 0.520618556701031 0.42857142857142855 0.5257731958762887 0.43243243243243246 0.5257731958762887 0.444015444015444 0.5309278350515464 0.44787644787644787 0.5567010309278351 0.44787644787644787 0.5618556701030928 0.444015444015444 0.5515463917525774 0.4362934362934363 0.5515463917525774 0.43243243243243246 0.5567010309278351 0.43243243243243246 0.5618556701030928 0.4362934362934363 0.5773195876288659 0.42857142857142855 0.5773195876288659 0.4247104247104247 0.5721649484536082 0.42084942084942084 0.5670103092783505 0.42084942084942084 0.5721649484536082 0.416988416988417 0.5721649484536082 0.41312741312741313 0.5670103092783505 0.4092664092664093 0.5670103092783505 0.4015444015444015
19 0.5360824742268041 0.5096525096525096 0.5463917525773195 0.5173745173745173 0.5463917525773195 0.525096525096525 0.5412371134020618 0.528957528957529 0.5412371134020618 0.5328185328185329 0.5257731958762887 0.5444015444015444 0.5257731958762887 0.5482625482625483 0.520618556701031 0.5482625482625483 0.5051546391752577 0.5598455598455598 0.4845360824742268 0.5598455598455598 0.4742268041237113 0.5521235521235521 0.4742268041237113 0.5366795366795367 0.4845360824742268 0.528957528957529 0.4845360824742268 0.525096525096525 0.4896907216494845 0.525096525096525 0.5103092783505154 0.5096525096525096 0.5154639175257731 0.5096525096525096 0.520618556701031 0.5057915057915058 0.5257731958762887 0.5057915057915058 0.5309278350515464 0.5096525096525096
19 0.3865979381443299 0.26640926640926643 0.3917525773195876 0.26640926640926643 0.39690721649484534 0.2625482625482625 0.41237113402061853 0.2625482625482625 0.4175257731958763 0.26640926640926643 0.4175257731958763 0.2702702702702703 0.41237113402061853 0.27413127413127414 0.41237113402061853 0.2857142857142857 0.4072164948453608 0.28957528957528955 0.4072164948453608 0.2972972972972973 0.4020618556701031 0.30115830115830117 0.3865979381443299 0.30115830115830117 0.37628865979381443 0.29343629343629346 0.37628865979381443 0.277992277992278 0.3865979381443299 0.2702702702702703
19 0.26288659793814434 0.43243243243243246 0.26804123711340205 0.4362934362934363 0.27319587628865977 0.4362934362934363 0.27319587628865977 0.4517374517374517 0.26804123711340205 0.4555984555984556 0.26288659793814434 0.4671814671814672 0.24742268041237114 0.47876447876447875 0.23711340206185566 0.47876447876447875 0.2268041237113402 0.47104247104247104 0.2268041237113402 0.46332046332046334 0.23195876288659795 0.4594594594594595 0.23195876288659795 0.44787644787644787 0.25257731958762886 0.43243243243243246 0.25773195876288657 0.43243243243243246
19 0.5618556701030928 0.833976833976834 0.5670103092783505 0.8378378378378378 0.5773195876288659 0.8378378378378378 0.5721649484536082 0.8378378378378378 0.5670103092783505 0.8416988416988417 0.5824742268041238 0.8532818532818532 0.5876288659793815 0.8494208494208494 0.6030927835051546 0.8571428571428571 0.6288659793814433 0.8571428571428571 0.634020618556701 0.861003861003861 0.6391752577319587 0.8571428571428571 0.6443298969072165 0.861003861003861 0.6443298969072165 0.8725868725868726 0.6391752577319587 0.8764478764478765 0.634020618556701 0.888030888030888 0.6237113402061856 0.8957528957528957 0.5927835051546392 0.8957528957528957 0.5876288659793815 0.8918918918918919 0.5670103092783505 0.8918918918918919 0.5567010309278351 0.8841698841698842 0.5567010309278351 0.8803088803088803 0.5618556701030928 0.8764478764478765 0.5618556701030928 0.8648648648648649 0.5670103092783505 0.861003861003861 0.5670103092783505 0.8532818532818532 0.5618556701030928 0.8494208494208494 0.5618556701030928 0.8378378378378378
19 0.6082474226804123 0.806949806949807 0.6134020618556701 0.8108108108108109 0.6185567010309279 0.806949806949807 0.6237113402061856 0.806949806949807 0.634020618556701 0.8146718146718147 0.6443298969072165 0.8146718146718147 0.6443298969072165 0.8262548262548263 0.6391752577319587 0.8301158301158301 0.5979381443298969 0.8301158301158301 0.5876288659793815 0.8223938223938224 0.6030927835051546 0.8108108108108109
19 0.4639175257731959 0.35135135135135137 0.4639175257731959 0.3552123552123552 0.4690721649484536 0.3590733590733591 0.4690721649484536 0.37065637065637064 0.4639175257731959 0.3745173745173745 0.4639175257731959 0.38223938223938225 0.4587628865979381 0.3861003861003861 0.4587628865979381 0.38996138996138996 0.4484536082474227 0.39768339768339767 0.42783505154639173 0.39768339768339767 0.422680412371134 0.3938223938223938 0.422680412371134 0.3745173745173745 0.42783505154639173 0.37065637065637064 0.42783505154639173 0.3667953667953668 0.44329896907216493 0.3552123552123552 0.4587628865979381 0.35135135135135137
19 0.3479381443298969 0.40540540540540543 0.05670103092783505 0.0694980694980695
19 0.41237113402061853 0.42857142857142855 0.4175257731958763 0.43243243243243246 0.4175257731958763 0.4362934362934363 0.41237113402061853 0.4362934362934363 0.4072164948453608 0.44015444015444016 0.41237113402061853 0.444015444015444 0.41237113402061853 0.44787644787644787 0.4175257731958763 0.4517374517374517 0.422680412371134 0.4517374517374517 0.42783505154639173 0.44787644787644787 0.42783505154639173 0.44015444015444016 0.4329896907216495 0.44015444015444016 0.44329896907216493 0.4517374517374517 0.4536082474226804 0.4517374517374517 0.4536082474226804 0.4594594594594595 0.4484536082474227 0.46332046332046334 0.44329896907216493 0.4749034749034749 0.4381443298969072 0.4749034749034749 0.4329896907216495 0.47876447876447875 0.4329896907216495 0.4826254826254826 0.42783505154639173 0.4826254826254826 0.4175257731958763 0.49034749034749037 0.4175257731958763 0.4980694980694981 0.41237113402061853 0.5019305019305019 0.41237113402061853 0.525096525096525 0.4020618556701031 0.5328185328185329 0.39690721649484534 0.5444015444015444 0.3865979381443299 0.5521235521235521 0.38144329896907214 0.5482625482625483 0.3711340206185567 0.5482625482625483 0.3711340206185567 0.5444015444015444 0.36597938144329895 0.5405405405405406 0.36082474226804123 0.5405405405405406 0.36082474226804123 0.5366795366795367 0.3556701030927835 0.5328185328185329 0.34536082474226804 0.5328185328185329 0.33505154639175255 0.5405405405405406 0.32989690721649484 0.5366795366795367 0.31958762886597936 0.5366795366795367 0.30412371134020616 0.525096525096525 0.30412371134020616 0.5212355212355212 0.29896907216494845 0.5173745173745173 0.28350515463917525 0.5173745173745173 0.27835051546391754 0.5135135135135135 0.26804123711340205 0.5135135135135135 0.26288659793814434 0.5096525096525096 0.25773195876288657 0.5096525096525096 0.24742268041237114 0.5019305019305019 0.24742268041237114 0.49034749034749037 0.25773195876288657 0.49034749034749037 0.26288659793814434 0.4864864864864865 0.25773195876288657 0.4826254826254826 0.25773195876288657 0.4749034749034749 0.27319587628865977 0.4671814671814672 0.27319587628865977 0.4594594594594595 0.28350515463917525 0.44787644787644787 0.31958762886597936 0.44787644787644787 0.31958762886597936 0.4555984555984556 0.32989690721649484 0.46332046332046334 0.34536082474226804 0.46332046332046334 0.35051546391752575 0.4594594594594595 0.3556701030927835 0.4594594594594595 0.36082474226804123 0.46332046332046334 0.3711340206185567 0.46332046332046334 0.37628865979381443 0.4594594594594595 0.3711340206185567 0.4555984555984556 0.37628865979381443 0.4594594594594595 0.38144329896907214 0.4555984555984556 0.3865979381443299 0.4555984555984556 0.41237113402061853 0.4362934362934363 0.41237113402061853 0.43243243243243246
19 0.30412371134020616 0.3996138996138996 0.041237113402061855 0.04247104247104247
19 0.4020618556701031 0.4864864864864865 0.4072164948453608 0.49034749034749037 0.4072164948453608 0.5173745173745173 0.4020618556701031 0.5212355212355212 0.4020618556701031 0.528957528957529 0.3917525773195876 0.5366795366795367 0.3711340206185567 0.5366795366795367 0.36597938144329895 0.5328185328185329 0.36597938144329895 0.5096525096525096 0.3865979381443299 0.4942084942084942 0.3917525773195876 0.4942084942084942 0.39690721649484534 0.49034749034749037
19 0.41237113402061853 0.42857142857142855 0.4175257731958763 0.42857142857142855 0.4175257731958763 0.44015444015444016 0.41237113402061853 0.444015444015444 0.41237113402061853 0.4594594594594595 0.4072164948453608 0.46332046332046334 0.4072164948453608 0.4671814671814672 0.4175257731958763 0.4749034749034749 0.422680412371134 0.47104247104247104 0.422680412371134 0.4555984555984556 0.42783505154639173 0.4594594594594595 0.44329896907216493 0.4555984555984556 0.4484536082474227 0.4594594594594595 0.4484536082474227 0.46332046332046334 0.44329896907216493 0.4671814671814672 0.44329896907216493 0.4749034749034749 0.4329896907216495 0.4749034749034749 0.42783505154639173 0.47876447876447875 0.4329896907216495 0.4826254826254826 0.42783505154639173 0.4826254826254826 0.4175257731958763 0.4942084942084942 0.4175257731958763 0.5135135135135135 0.41237113402061853 0.5173745173745173 0.41237113402061853 0.525096525096525 0.4072164948453608 0.528957528957529 0.4020618556701031 0.5405405405405406 0.3865979381443299 0.5521235521235521 0.36597938144329895 0.5521235521235521 0.35051546391752575 0.5444015444015444 0.3402061855670103 0.5444015444015444 0.33505154639175255 0.5405405405405406 0.31958762886597936 0.5366795366795367 0.29381443298969073 0.5212355212355212 0.28865979381443296 0.5212355212355212 0.28350515463917525 0.5173745173745173 0.27835051546391754 0.5173745173745173 0.27319587628865977 0.5135135135135135 0.25773195876288657 0.5096525096525096 0.23711340206185566 0.4942084942084942 0.23711340206185566 0.49034749034749037 0.23195876288659795 0.4864864864864865 0.23195876288659795 0.47876447876447875 0.25257731958762886 0.47876447876447875 0.26804123711340205 0.4671814671814672 0.26804123711340205 0.46332046332046334 0.27835051546391754 0.4517374517374517 0.27835051546391754 0.444015444015444 0.28350515463917525 0.44015444015444016 0.29896907216494845 0.44787644787644787 0.30412371134020616 0.44787644787644787 0.31443298969072164 0.44015444015444016 0.31958762886597936 0.44015444015444016 0.31958762886597936 0.444015444015444 0.3247422680412371 0.44787644787644787 0.3247422680412371 0.4555984555984556 0.32989690721649484 0.4594594594594595 0.34536082474226804 0.4594594594594595 0.35051546391752575 0.4555984555984556 0.36082474226804123 0.4555984555984556 0.36597938144329895 0.4517374517374517 0.36597938144329895 0.4362934362934363 0.36597938144329895 0.44787644787644787 0.37628865979381443 0.4555984555984556 0.3865979381443299 0.4555984555984556 0.4020618556701031 0.444015444015444 0.4020618556701031 0.44015444015444016 0.4072164948453608 0.44015444015444016 0.41237113402061853 0.4362934362934363 0.41237113402061853 0.43243243243243246
19 0.5 0.37065637065637064 0.5103092783505154 0.3783783783783784 0.5103092783505154 0.38996138996138996 0.5051546391752577 0.3938223938223938 0.5051546391752577 0.4015444015444015 0.5 0.40540540540540543 0.5 0.4092664092664093 0.4948453608247423 0.4092664092664093 0.4845360824742268 0.416988416988417 0.4690721649484536 0.416988416988417 0.4690721649484536 0.41312741312741313 0.4639175257731959 0.4092664092664093 0.4639175257731959 0.39768339768339767 0.4690721649484536 0.3938223938223938 0.4742268041237113 0.38223938223938225 0.4793814432989691 0.38223938223938225 0.4845360824742268 0.3783783783783784 0.4845360824742268 0.3745173745173745 0.4948453608247423 0.3745173745173745
19 0.29381443298969073 0.3783783783783784 0.29896907216494845 0.3783783783783784 0.30412371134020616 0.3745173745173745 0.3247422680412371 0.3745173745173745 0.32989690721649484 0.37065637065637064 0.34536082474226804 0.37065637065637064 0.34536082474226804 0.3745173745173745 0.36597938144329895 0.3938223938223938 0.36597938144329895 0.42084942084942084 0.36082474226804123 0.4247104247104247 0.36082474226804123 0.42857142857142855 0.34536082474226804 0.4362934362934363 0.32989690721649484 0.4362934362934363 0.3247422680412371 0.43243243243243246 0.3247422680412371 0.4247104247104247 0.31443298969072164 0.416988416988417 0.29896907216494845 0.416988416988417 0.29381443298969073 0.42084942084942084 0.28865979381443296 0.416988416988417 0.28350515463917525 0.416988416988417 0.28350515463917525 0.38996138996138996 0.29381443298969073 0.38223938223938225
19 0.35051546391752575 0.30115830115830117 0.34536082474226804 0.305019305019305 0.36082474226804123 0.3166023166023166 0.36597938144329895 0.3166023166023166 0.36597938144329895 0.3204633204633205 0.37628865979381443 0.3281853281853282 0.37628865979381443 0.3359073359073359 0.3711340206185567 0.33976833976833976 0.3711340206185567 0.3474903474903475 0.36597938144329895 0.3474903474903475 0.34536082474226804 0.36293436293436293 0.35051546391752575 0.3667953667953668 0.35051546391752575 0.3745173745173745 0.3556701030927835 0.3783783783783784 0.3556701030927835 0.38223938223938225 0.36597938144329895 0.38996138996138996 0.36597938144329895 0.4092664092664093 0.3711340206185567 0.41312741312741313 0.3711340206185567 0.416988416988417 0.36082474226804123 0.4247104247104247 0.36082474226804123 0.43243243243243246 0.3556701030927835 0.4362934362934363 0.34536082474226804 0.4362934362934363 0.3402061855670103 0.44015444015444016 0.34536082474226804 0.444015444015444 0.3402061855670103 0.4555984555984556 0.34536082474226804 0.4594594594594595 0.35051546391752575 0.4594594594594595 0.35051546391752575 0.47104247104247104 0.34536082474226804 0.47104247104247104 0.33505154639175255 0.47876447876447875 0.33505154639175255 0.4826254826254826 0.3247422680412371 0.49034749034749037 0.3247422680412371 0.4942084942084942 0.31958762886597936 0.4980694980694981 0.31958762886597936 0.5135135135135135 0.32989690721649484 0.5212355212355212 0.3402061855670103 0.5135135135135135 0.34536082474226804 0.5173745173745173 0.3402061855670103 0.528957528957529 0.33505154639175255 0.5328185328185329 0.3247422680412371 0.5328185328185329 0.31958762886597936 0.528957528957529 0.31443298969072164 0.528957528957529 0.30927835051546393 0.525096525096525 0.30412371134020616 0.525096525096525 0.28865979381443296 0.5173745173745173 0.27835051546391754 0.5173745173745173 0.27319587628865977 0.5135135135135135 0.26804123711340205 0.5135135135135135 0.25773195876288657 0.5057915057915058 0.25257731958762886 0.5057915057915058 0.2268041237113402 0.49034749034749037 0.211340206185567 0.4864864864864865 0.20618556701030927 0.4826254826254826 0.20618556701030927 0.4671814671814672 0.211340206185567 0.46332046332046334 0.211340206185567 0.4594594594594595 0.22164948453608246 0.4517374517374517 0.2268041237113402 0.44015444015444016 0.2422680412371134 0.42857142857142855 0.2422680412371134 0.4247104247104247 0.24742268041237114 0.42084942084942084 0.25257731958762886 0.4092664092664093 0.27319587628865977 0.38996138996138996 0.27835051546391754 0.3783783783783784 0.29381443298969073 0.3667953667953668 0.29381443298969073 0.36293436293436293 0.30412371134020616 0.3552123552123552 0.30927835051546393 0.3436293436293436 0.3247422680412371 0.33204633204633205 0.3247422680412371 0.3359073359073359 0.32989690721649484 0.33976833976833976 0.33505154639175255 0.3359073359073359 0.33505154639175255 0.3281853281853282 0.3402061855670103 0.32432432432432434 0.3402061855670103 0.3088803088803089 0.34536082474226804 0.305019305019305
19 0.4381443298969072 0.4575289575289575 0.05154639175257732 0.05019305019305019
19 0.538659793814433 0.33976833976833976 0.04639175257731959 0.04633204633204633
19 0.36597938144329895 0.4015444015444015 0.3711340206185567 0.40540540540540543 0.3711340206185567 0.416988416988417 0.36597938144329895 0.42084942084942084 0.36597938144329895 0.4247104247104247 0.35051546391752575 0.4362934362934363 0.32989690721649484 0.4362934362934363 0.3247422680412371 0.43243243243243246 0.3247422680412371 0.4092664092664093 0.33505154639175255 0.4092664092664093 0.34536082474226804 0.4015444015444015 0.36082474226804123 0.4015444015444015
19 0.4020618556701031 0.4092664092664093 0.41237113402061853 0.416988416988417 0.41237113402061853 0.43243243243243246 0.4072164948453608 0.4362934362934363 0.4072164948453608 0.444015444015444 0.4020618556701031 0.44787644787644787 0.4020618556701031 0.4517374517374517 0.3917525773195876 0.4594594594594595 0.38144329896907214 0.4594594594594595 0.37628865979381443 0.4555984555984556 0.3711340206185567 0.4555984555984556 0.3711340206185567 0.43243243243243246 0.37628865979381443 0.42857142857142855 0.38144329896907214 0.416988416988417 0.3865979381443299 0.41312741312741313 0.39690721649484534 0.41312741312741313
19 0.32989690721649484 0.47876447876447875 0.33505154639175255 0.47876447876447875 0.3402061855670103 0.4749034749034749 0.36597938144329895 0.4749034749034749 0.36597938144329895 0.49034749034749037 0.36082474226804123 0.4942084942084942 0.36082474226804123 0.5019305019305019 0.3402061855670103 0.5212355212355212 0.32989690721649484 0.5212355212355212 0.31958762886597936 0.5096525096525096 0.31958762886597936 0.5019305019305019 0.3247422680412371 0.4980694980694981 0.3247422680412371 0.4864864864864865 0.32989690721649484 0.4826254826254826
19 0.422680412371134 0.4517374517374517 0.4381443298969072 0.4594594594594595 0.44329896907216493 0.4555984555984556 0.4484536082474227 0.4594594594594595 0.4484536082474227 0.4671814671814672 0.4329896907216495 0.47876447876447875 0.422680412371134 0.47876447876447875 0.41237113402061853 0.4671814671814672 0.41237113402061853 0.46332046332046334 0.422680412371134 0.4555984555984556
19 0.30412371134020616 0.3783783783783784 0.30927835051546393 0.38223938223938225 0.31443298969072164 0.3783783783783784 0.31443298969072164 0.38223938223938225 0.30927835051546393 0.3861003861003861 0.30927835051546393 0.38996138996138996 0.31443298969072164 0.3938223938223938 0.31443298969072164 0.40540540540540543 0.29896907216494845 0.416988416988417 0.29381443298969073 0.416988416988417 0.29381443298969073 0.41312741312741313 0.29896907216494845 0.4092664092664093 0.29381443298969073 0.39768339768339767 0.29896907216494845 0.39768339768339767 0.30412371134020616 0.3938223938223938 0.30927835051546393 0.38223938223938225
19 0.27319587628865977 0.4942084942084942 0.27319587628865977 0.47104247104247104 0.27835051546391754 0.4671814671814672 0.27835051546391754 0.4594594594594595 0.28865979381443296 0.4517374517374517 0.29381443298969073 0.4517374517374517 0.29896907216494845 0.44787644787644787 0.31443298969072164 0.44787644787644787 0.31958762886597936 0.4517374517374517 0.31958762886597936 0.4749034749034749 0.31443298969072164 0.47876447876447875 0.30927835051546393 0.49034749034749037 0.29896907216494845 0.4980694980694981 0.28350515463917525 0.4980694980694981 0.27835051546391754 0.4942084942084942
19 0.5824742268041238 0.8957528957528957 0.5876288659793815 0.8996138996138996 0.6134020618556701 0.8996138996138996 0.6185567010309279 0.9034749034749034 0.6237113402061856 0.9034749034749034 0.6237113402061856 0.918918918918919 0.6134020618556701 0.9266409266409267 0.6134020618556701 0.9305019305019305 0.5927835051546392 0.9305019305019305 0.5876288659793815 0.9343629343629344 0.5721649484536082 0.9343629343629344 0.5670103092783505 0.9305019305019305 0.5567010309278351 0.9305019305019305 0.5515463917525774 0.9266409266409267 0.5412371134020618 0.9266409266409267 0.5412371134020618 0.918918918918919 0.5463917525773195 0.915057915057915 0.5515463917525774 0.9034749034749034 0.5618556701030928 0.8957528957528957 0.5773195876288659 0.8957528957528957
19 0.6572164948453608 0.5096525096525096 0.08762886597938144 0.0694980694980695
19 0.5 0.27413127413127414 0.5 0.28185328185328185 0.5051546391752577 0.2857142857142857 0.5154639175257731 0.2857142857142857 0.5154639175257731 0.28957528957528955 0.5103092783505154 0.29343629343629346 0.5103092783505154 0.30115830115830117 0.5154639175257731 0.305019305019305 0.520618556701031 0.30115830115830117 0.5154639175257731 0.305019305019305 0.5103092783505154 0.30115830115830117 0.5 0.3088803088803089 0.5 0.3127413127413127 0.4948453608247423 0.3127413127413127 0.4896907216494845 0.3166023166023166 0.4845360824742268 0.3281853281853282 0.4793814432989691 0.3281853281853282 0.4742268041237113 0.33204633204633205 0.4742268041237113 0.3474903474903475 0.4793814432989691 0.35135135135135137 0.4845360824742268 0.35135135135135137 0.4948453608247423 0.33976833976833976 0.5 0.3436293436293436 0.5103092783505154 0.33204633204633205 0.5103092783505154 0.32432432432432434 0.5103092783505154 0.35135135135135137 0.5051546391752577 0.3552123552123552 0.5051546391752577 0.3590733590733591 0.5103092783505154 0.36293436293436293 0.5154639175257731 0.36293436293436293 0.520618556701031 0.3590733590733591 0.5257731958762887 0.3590733590733591 0.5309278350515464 0.3552123552123552 0.5309278350515464 0.35135135135135137 0.5309278350515464 0.3552123552123552 0.5360824742268041 0.3590733590733591 0.5412371134020618 0.3590733590733591 0.5412371134020618 0.37065637065637064 0.5360824742268041 0.37065637065637064 0.5257731958762887 0.3783783783783784 0.5257731958762887 0.38223938223938225 0.520618556701031 0.3861003861003861 0.520618556701031 0.3938223938223938 0.5103092783505154 0.4015444015444015 0.5051546391752577 0.4015444015444015 0.5051546391752577 0.39768339768339767 0.5154639175257731 0.38996138996138996 0.5154639175257731 0.3783783783783784 0.5103092783505154 0.3745173745173745 0.4896907216494845 0.3745173745173745 0.4793814432989691 0.38223938223938225 0.4742268041237113 0.38223938223938225 0.4690721649484536 0.3861003861003861 0.4690721649484536 0.38996138996138996 0.4639175257731959 0.3938223938223938 0.4639175257731959 0.4092664092664093 0.4793814432989691 0.42084942084942084 0.4896907216494845 0.42084942084942084 0.4948453608247423 0.416988416988417 0.4948453608247423 0.41312741312741313 0.4948453608247423 0.4247104247104247 0.4896907216494845 0.42857142857142855 0.4896907216494845 0.4362934362934363 0.4948453608247423 0.44015444015444016 0.5 0.4362934362934363 0.5 0.43243243243243246 0.5154639175257731 0.4247104247104247 0.5103092783505154 0.42857142857142855 0.5103092783505154 0.43243243243243246 0.5154639175257731 0.4362934362934363 0.5257731958762887 0.4362934362934363 0.5154639175257731 0.444015444015444 0.520618556701031 0.44787644787644787 0.5360824742268041 0.44787644787644787 0.5412371134020618 0.444015444015444 0.5412371134020618 0.43243243243243246 0.5515463917525774 0.42084942084942084 0.5567010309278351 0.42084942084942084 0.5618556701030928 0.4247104247104247 0.5670103092783505 0.42084942084942084 0.5721649484536082 0.4247104247104247 0.5824742268041238 0.416988416988417 0.5721649484536082 0.4092664092664093 0.5670103092783505 0.4092664092664093 0.5670103092783505 0.40540540540540543 0.5721649484536082 0.4015444015444015 0.5876288659793815 0.4015444015444015 0.5927835051546392 0.40540540540540543 0.6082474226804123 0.4092664092664093 0.6237113402061856 0.42084942084942084 0.6237113402061856 0.4247104247104247 0.7268041237113402 0.5019305019305019 0.7268041237113402 0.5057915057915058 0.7525773195876289 0.525096525096525 0.7525773195876289 0.5405405405405406 0.711340206185567 0.5714285714285714 0.711340206185567 0.5637065637065637 0.7216494845360825 0.555984555984556 0.7216494845360825 0.5521235521235521 0.7268041237113402 0.5521235521235521 0.7319587628865979 0.5482625482625483 0.7319587628865979 0.5444015444015444 0.7371134020618557 0.5405405405405406 0.7371134020618557 0.5366795366795367 0.7319587628865979 0.5328185328185329 0.7371134020618557 0.528957528957529 0.7371134020618557 0.525096525096525 0.7268041237113402 0.5173745173745173 0.7216494845360825 0.5212355212355212 0.7216494845360825 0.5173745173745173 0.7164948453608248 0.5135135135135135 0.7061855670103093 0.5135135135135135 0.7010309278350515 0.5173745173745173 0.7061855670103093 0.5212355212355212 0.7010309278350515 0.5173745173745173 0.6958762886597938 0.5173745173745173 0.6855670103092784 0.525096525096525 0.6855670103092784 0.5212355212355212 0.6804123711340206 0.5173745173745173 0.6752577319587629 0.5173745173745173 0.6701030927835051 0.5212355212355212 0.6752577319587629 0.525096525096525 0.6701030927835051 0.528957528957529 0.6701030927835051 0.5405405405405406 0.6649484536082474 0.5444015444015444 0.6701030927835051 0.5482625482625483 0.6701030927835051 0.5637065637065637 0.6855670103092784 0.5714285714285714 0.7010309278350515 0.5714285714285714 0.6958762886597938 0.5752895752895753 0.7010309278350515 0.5791505791505791 0.6030927835051546 0.6525096525096525 0.5979381443298969 0.6525096525096525 0.5927835051546392 0.6563706563706564 0.5824742268041238 0.6563706563706564 0.5773195876288659 0.6525096525096525 0.5721649484536082 0.6525096525096525 0.5412371134020618 0.6293436293436293 0.5412371134020618 0.6254826254826255 0.4845360824742268 0.583011583011583 0.4845360824742268 0.5791505791505791 0.4587628865979381 0.5598455598455598 0.4587628865979381 0.555984555984556 0.4484536082474227 0.5482625482625483 0.44329896907216493 0.5482625482625483 0.4381443298969072 0.5444015444015444 0.44329896907216493 0.5405405405405406 0.44329896907216493 0.5366795366795367 0.4381443298969072 0.5328185328185329 0.4329896907216495 0.5366795366795367 0.42783505154639173 0.5328185328185329 0.42783505154639173 0.5173745173745173 0.4536082474226804 0.5173745173745173 0.4639175257731959 0.5096525096525096 0.4690721649484536 0.5096525096525096 0.4793814432989691 0.4980694980694981 0.4845360824742268 0.4980694980694981 0.4896907216494845 0.4942084942084942 0.4896907216494845 0.4864864864864865 0.4948453608247423 0.4826254826254826 0.4948453608247423 0.47876447876447875 0.4793814432989691 0.4671814671814672 0.4639175257731959 0.47104247104247104 0.44329896907216493 0.4864864864864865 0.44329896907216493 0.49034749034749037 0.42783505154639173 0.4980694980694981 0.42783505154639173 0.5057915057915058 0.4072164948453608 0.525096525096525 0.4072164948453608 0.528957528957529 0.4020618556701031 0.5328185328185329 0.4020618556701031 0.5405405405405406 0.3865979381443299 0.5521235521235521 0.36597938144329895 0.5521235521235521 0.36082474226804123 0.5482625482625483 0.3556701030927835 0.5482625482625483 0.35051546391752575 0.5444015444015444 0.33505154639175255 0.5405405405405406 0.3247422680412371 0.5328185328185329 0.31443298969072164 0.5328185328185329 0.30412371134020616 0.525096525096525 0.28865979381443296 0.5212355212355212 0.27835051546391754 0.5135135135135135 0.26804123711340205 0.5135135135135135 0.2422680412371134 0.4980694980694981 0.2268041237113402 0.4942084942084942 0.21649484536082475 0.4864864864864865 0.211340206185567 0.4864864864864865 0.211340206185567 0.4826254826254826 0.20618556701030927 0.47876447876447875 0.20618556701030927 0.47104247104247104 0.211340206185567 0.4671814671814672 0.211340206185567 0.4594594594594595 0.23195876288659795 0.44015444015444016 0.23711340206185566 0.42857142857142855 0.25773195876288657 0.4092664092664093 0.26288659793814434 0.39768339768339767 0.27835051546391754 0.3861003861003861 0.27835051546391754 0.38223938223938225 0.28865979381443296 0.3745173745173745 0.28865979381443296 0.37065637065637064 0.30412371134020616 0.3590733590733591 0.30412371134020616 0.3552123552123552 0.30927835051546393 0.35135135135135137 0.30927835051546393 0.3474903474903475 0.31958762886597936 0.33976833976833976 0.31958762886597936 0.3359073359073359 0.3247422680412371 0.3359073359073359 0.32989690721649484 0.33976833976833976 0.33505154639175255 0.3359073359073359 0.3402061855670103 0.33976833976833976 0.35051546391752575 0.33204633204633205 0.34536082474226804 0.3281853281853282 0.33505154639175255 0.3281853281853282 0.33505154639175255 0.3204633204633205 0.3402061855670103 0.3166023166023166 0.3402061855670103 0.3127413127413127 0.35051546391752575 0.30115830115830117 0.35051546391752575 0.305019305019305 0.36597938144329895 0.3127413127413127 0.36597938144329895 0.32432432432432434 0.3711340206185567 0.3281853281853282 0.38144329896907214 0.3281853281853282 0.3917525773195876 0.3204633204633205 0.3917525773195876 0.3127413127413127 0.3865979381443299 0.3088803088803089 0.3917525773195876 0.305019305019305 0.3917525773195876 0.30115830115830117 0.4020618556701031 0.30115830115830117 0.4020618556701031 0.3088803088803089 0.4072164948453608 0.3127413127413127 0.41237113402061853 0.32432432432432434 0.4175257731958763 0.3281853281853282 0.422680412371134 0.3281853281853282 0.4329896907216495 0.3359073359073359 0.4381443298969072 0.3359073359073359 0.44329896907216493 0.33204633204633205 0.44329896907216493 0.3359073359073359 0.4484536082474227 0.33976833976833976 0.4536082474226804 0.3359073359073359 0.4536082474226804 0.33204633204633205 0.4690721649484536 0.3204633204633205 0.4690721649484536 0.3166023166023166 0.4845360824742268 0.3166023166023166 0.4896907216494845 0.3127413127413127 0.4896907216494845 0.30115830115830117 0.5 0.28957528957528955 0.5 0.277992277992278
19 0.5824742268041238 0.5482625482625483 0.5876288659793815 0.5521235521235521 0.5927835051546392 0.5521235521235521 0.5927835051546392 0.5714285714285714 0.5773195876288659 0.583011583011583 0.5773195876288659 0.5868725868725869 0.5670103092783505 0.5945945945945946 0.5618556701030928 0.5945945945945946 0.5567010309278351 0.5984555984555985 0.5309278350515464 0.5984555984555985 0.5257731958762887 0.5945945945945946 0.5257731958762887 0.5868725868725869 0.520618556701031 0.583011583011583 0.5257731958762887 0.5791505791505791 0.5257731958762887 0.5752895752895753 0.5463917525773195 0.5598455598455598 0.5463917525773195 0.555984555984556 0.5515463917525774 0.5521235521235521 0.5567010309278351 0.5521235521235521 0.5618556701030928 0.5482625482625483 0.5773195876288659 0.5482625482625483
19 0.6855670103092784 0.5173745173745173 0.6958762886597938 0.5173745173745173 0.7010309278350515 0.5135135135135135 0.7164948453608248 0.5135135135135135 0.7216494845360825 0.5173745173745173 0.7268041237113402 0.5173745173745173 0.7422680412371134 0.528957528957529 0.7422680412371134 0.5444015444015444 0.7371134020618557 0.5482625482625483 0.7371134020618557 0.5521235521235521 0.7216494845360825 0.5637065637065637 0.7216494845360825 0.5675675675675675 0.7164948453608248 0.5675675675675675 0.7010309278350515 0.5791505791505791 0.6855670103092784 0.5791505791505791 0.6804123711340206 0.5752895752895753 0.6649484536082474 0.5714285714285714 0.6649484536082474 0.5675675675675675 0.6597938144329897 0.5637065637065637 0.6597938144329897 0.5482625482625483 0.6649484536082474 0.5444015444015444 0.6649484536082474 0.5405405405405406 0.6804123711340206 0.528957528957529 0.6804123711340206 0.525096525096525 0.6855670103092784 0.5212355212355212
19 0.4896907216494845 0.4671814671814672 0.4896907216494845 0.47104247104247104 0.4948453608247423 0.4749034749034749 0.5 0.4749034749034749 0.5103092783505154 0.4826254826254826 0.520618556701031 0.4826254826254826 0.520618556701031 0.4864864864864865 0.5257731958762887 0.49034749034749037 0.5309278350515464 0.49034749034749037 0.5309278350515464 0.4980694980694981 0.5257731958762887 0.5019305019305019 0.5257731958762887 0.5057915057915058 0.520618556701031 0.5057915057915058 0.5103092783505154 0.5135135135135135 0.5051546391752577 0.5135135135135135 0.4845360824742268 0.528957528957529 0.4845360824742268 0.5328185328185329 0.4793814432989691 0.5328185328185329 0.4690721649484536 0.5405405405405406 0.4690721649484536 0.5482625482625483 0.4845360824742268 0.5598455598455598 0.5103092783505154 0.5598455598455598 0.5154639175257731 0.555984555984556 0.5154639175257731 0.5521235521235521 0.520618556701031 0.5521235521235521 0.5309278350515464 0.5444015444015444 0.5309278350515464 0.5405405405405406 0.5515463917525774 0.525096525096525 0.5463917525773195 0.5212355212355212 0.5567010309278351 0.5096525096525096 0.5567010309278351 0.5135135135135135 0.5618556701030928 0.5173745173745173 0.5927835051546392 0.5173745173745173 0.6082474226804123 0.528957528957529 0.6082474226804123 0.5328185328185329 0.6237113402061856 0.5444015444015444 0.6288659793814433 0.5444015444015444 0.6288659793814433 0.5482625482625483 0.634020618556701 0.5521235521235521 0.6494845360824743 0.5521235521235521 0.6494845360824743 0.555984555984556 0.654639175257732 0.5598455598455598 0.654639175257732 0.5675675675675675 0.6701030927835051 0.5791505791505791 0.6752577319587629 0.5791505791505791 0.6907216494845361 0.5868725868725869 0.5979381443298969 0.6563706563706564 0.5773195876288659 0.6563706563706564 0.520618556701031 0.6138996138996139 0.520618556701031 0.61003861003861 0.4587628865979381 0.5637065637065637 0.4587628865979381 0.5598455598455598 0.4329896907216495 0.5444015444015444 0.4329896907216495 0.5405405405405406 0.422680412371134 0.5328185328185329 0.422680412371134 0.5212355212355212 0.42783505154639173 0.5173745173745173 0.4329896907216495 0.5212355212355212 0.4484536082474227 0.5212355212355212 0.4536082474226804 0.5173745173745173 0.4587628865979381 0.5173745173745173 0.4793814432989691 0.5019305019305019 0.4845360824742268 0.5019305019305019 0.4948453608247423 0.4942084942084942 0.4948453608247423 0.4749034749034749 0.4896907216494845 0.47104247104247104
19 0.4845360824742268 0.47104247104247104 0.4948453608247423 0.47876447876447875 0.4948453608247423 0.49034749034749037 0.4896907216494845 0.4942084942084942 0.4896907216494845 0.4980694980694981 0.4845360824742268 0.5019305019305019 0.4793814432989691 0.5019305019305019 0.4536082474226804 0.5212355212355212 0.4381443298969072 0.5212355212355212 0.42783505154639173 0.5135135135135135 0.42783505154639173 0.5096525096525096 0.4329896907216495 0.5057915057915058 0.4329896907216495 0.4980694980694981 0.4381443298969072 0.4942084942084942 0.4381443298969072 0.49034749034749037 0.4690721649484536 0.4671814671814672 0.4742268041237113 0.4671814671814672 0.4793814432989691 0.47104247104247104
19 0.5515463917525774 0.7297297297297297 0.5567010309278351 0.7297297297297297 0.5618556701030928 0.7258687258687259 0.6082474226804123 0.7258687258687259 0.6134020618556701 0.7297297297297297 0.654639175257732 0.7297297297297297 0.6597938144329897 0.7335907335907336 0.6649484536082474 0.7335907335907336 0.6701030927835051 0.7374517374517374 0.6855670103092784 0.7413127413127413 0.6855670103092784 0.7683397683397684 0.6701030927835051 0.7799227799227799 0.6649484536082474 0.7760617760617761 0.6597938144329897 0.7799227799227799 0.6494845360824743 0.7799227799227799 0.6443298969072165 0.7837837837837838 0.6288659793814433 0.7837837837837838 0.6237113402061856 0.7799227799227799 0.6134020618556701 0.7799227799227799 0.6082474226804123 0.7837837837837838 0.5721649484536082 0.7837837837837838 0.5670103092783505 0.7799227799227799 0.5618556701030928 0.7799227799227799 0.5567010309278351 0.7837837837837838 0.5463917525773195 0.7837837837837838 0.5463917525773195 0.7567567567567568 0.5515463917525774 0.752895752895753 0.5515463917525774 0.7335907335907336
19 0.4175257731958763 0.33204633204633205 0.42783505154639173 0.33976833976833976 0.42783505154639173 0.35135135135135137 0.4175257731958763 0.3590733590733591 0.4175257731958763 0.36293436293436293 0.39690721649484534 0.3783783783783784 0.38144329896907214 0.3783783783783784 0.37628865979381443 0.3745173745173745 0.37628865979381443 0.35135135135135137 0.3865979381443299 0.3436293436293436 0.3917525773195876 0.3436293436293436 0.39690721649484534 0.33976833976833976 0.41237113402061853 0.3359073359073359
19 0.5721649484536082 0.3938223938223938 0.5773195876288659 0.39768339768339767 0.5824742268041238 0.39768339768339767 0.5927835051546392 0.4092664092664093 0.5927835051546392 0.416988416988417 0.5876288659793815 0.42084942084942084 0.5876288659793815 0.42857142857142855 0.5824742268041238 0.43243243243243246 0.5824742268041238 0.4362934362934363 0.5721649484536082 0.444015444015444 0.5670103092783505 0.444015444015444 0.5515463917525774 0.4555984555984556 0.5412371134020618 0.4555984555984556 0.5360824742268041 0.4594594594594595 0.520618556701031 0.4555984555984556 0.5103092783505154 0.44787644787644787 0.5103092783505154 0.43243243243243246 0.5154639175257731 0.42857142857142855 0.5154639175257731 0.42084942084942084 0.520618556701031 0.42084942084942084 0.5412371134020618 0.4015444015444015 0.5463917525773195 0.4015444015444015 0.5515463917525774 0.39768339768339767 0.5670103092783505 0.3938223938223938
19 0.6237113402061856 0.803088803088803 0.6288659793814433 0.806949806949807 0.634020618556701 0.803088803088803 0.6391752577319587 0.803088803088803 0.6443298969072165 0.806949806949807 0.6494845360824743 0.803088803088803 0.6597938144329897 0.803088803088803 0.6752577319587629 0.8108108108108109 0.6752577319587629 0.8455598455598455 0.6701030927835051 0.8494208494208494 0.6701030927835051 0.861003861003861 0.6649484536082474 0.8648648648648649 0.6649484536082474 0.8725868725868726 0.6597938144329897 0.8764478764478765 0.6597938144329897 0.9034749034749034 0.654639175257732 0.9073359073359073 0.654639175257732 0.9343629343629344 0.6494845360824743 0.9382239382239382 0.6494845360824743 0.9575289575289575 0.6443298969072165 0.9613899613899614 0.6443298969072165 0.9806949806949807 0.6391752577319587 0.9845559845559846 0.6391752577319587 0.9922779922779923 0.634020618556701 0.9961389961389961 0.6185567010309279 0.9961389961389961 0.6134020618556701 0.9922779922779923 0.5412371134020618 0.9922779922779923 0.5360824742268041 0.9884169884169884 0.520618556701031 0.9884169884169884 0.5154639175257731 0.9845559845559846 0.5103092783505154 0.9845559845559846 0.5 0.9768339768339769 0.5 0.9536679536679536 0.5051546391752577 0.9498069498069498 0.5051546391752577 0.9382239382239382 0.5103092783505154 0.9343629343629344 0.5103092783505154 0.9111969111969112 0.5154639175257731 0.9073359073359073 0.5154639175257731 0.8841698841698842 0.520618556701031 0.8803088803088803 0.520618556701031 0.8648648648648649 0.5257731958762887 0.861003861003861 0.5257731958762887 0.8455598455598455 0.5309278350515464 0.8416988416988417 0.5309278350515464 0.8301158301158301 0.5360824742268041 0.8262548262548263 0.5360824742268041 0.8185328185328186 0.5412371134020618 0.8146718146718147 0.5412371134020618 0.8108108108108109 0.5567010309278351 0.8108108108108109 0.5618556701030928 0.806949806949807 0.6185567010309279 0.806949806949807
19 0.6391752577319587 0.5868725868725869 0.6391752577319587 0.5907335907335908 0.6443298969072165 0.5945945945945946 0.6443298969072165 0.6023166023166023 0.6391752577319587 0.6061776061776062 0.634020618556701 0.6177606177606177 0.6185567010309279 0.6293436293436293 0.6134020618556701 0.6293436293436293 0.6030927835051546 0.637065637065637 0.5824742268041238 0.637065637065637 0.5721649484536082 0.6254826254826255 0.5721649484536082 0.6138996138996139 0.5824742268041238 0.6061776061776062 0.5824742268041238 0.6023166023166023 0.6082474226804123 0.5868725868725869 0.634020618556701 0.5868725868725869
19 0.5412371134020618 0.9227799227799228 0.5463917525773195 0.9227799227799228 0.5463917525773195 0.9305019305019305 0.5515463917525774 0.9343629343629344 0.5773195876288659 0.9343629343629344 0.5824742268041238 0.9382239382239382 0.5876288659793815 0.9382239382239382 0.5927835051546392 0.9343629343629344 0.5979381443298969 0.9382239382239382 0.6030927835051546 0.9343629343629344 0.6030927835051546 0.9266409266409267 0.6030927835051546 0.9305019305019305 0.6082474226804123 0.9343629343629344 0.6082474226804123 0.9459459459459459 0.6134020618556701 0.9498069498069498 0.6185567010309279 0.9498069498069498 0.6288659793814433 0.9613899613899614 0.6237113402061856 0.9575289575289575 0.6082474226804123 0.9691119691119691 0.6134020618556701 0.972972972972973 0.6134020618556701 0.9884169884169884 0.6185567010309279 0.9922779922779923 0.6185567010309279 0.9961389961389961 0.6134020618556701 0.9961389961389961 0.6134020618556701 0.9884169884169884 0.6082474226804123 0.9845559845559846 0.6030927835051546 0.9884169884169884 0.6030927835051546 0.9922779922779923 0.5721649484536082 0.9922779922779923 0.5670103092783505 0.9884169884169884 0.5618556701030928 0.9922779922779923 0.5567010309278351 0.9884169884169884 0.5412371134020618 0.9922779922779923 0.5360824742268041 0.9884169884169884 0.5309278350515464 0.9884169884169884 0.520618556701031 0.9768339768339769 0.5360824742268041 0.9652509652509652 0.5360824742268041 0.9305019305019305 0.5412371134020618 0.9266409266409267
19 0.5257731958762887 0.28185328185328185 0.5309278350515464 0.2857142857142857 0.5360824742268041 0.2857142857142857 0.5412371134020618 0.28957528957528955 0.5567010309278351 0.29343629343629346 0.5670103092783505 0.30115830115830117 0.5824742268041238 0.305019305019305 0.5824742268041238 0.32432432432432434 0.5773195876288659 0.3281853281853282 0.5773195876288659 0.33204633204633205 0.5670103092783505 0.33976833976833976 0.5670103092783505 0.3436293436293436 0.5618556701030928 0.3474903474903475 0.5567010309278351 0.3590733590733591 0.5360824742268041 0.3783783783783784 0.5309278350515464 0.38996138996138996 0.520618556701031 0.39768339768339767 0.520618556701031 0.4015444015444015 0.5103092783505154 0.4092664092664093 0.5103092783505154 0.41312741312741313 0.4896907216494845 0.43243243243243246 0.4896907216494845 0.4362934362934363 0.4639175257731959 0.4517374517374517 0.4639175257731959 0.46332046332046334 0.4536082474226804 0.47104247104247104 0.4536082474226804 0.4749034749034749 0.42783505154639173 0.4942084942084942 0.42783505154639173 0.5019305019305019 0.422680412371134 0.5057915057915058 0.422680412371134 0.5096525096525096 0.4175257731958763 0.5135135135135135 0.4175257731958763 0.5173745173745173 0.41237113402061853 0.5212355212355212 0.41237113402061853 0.525096525096525 0.4072164948453608 0.528957528957529 0.4020618556701031 0.5405405405405406 0.3917525773195876 0.5482625482625483 0.3917525773195876 0.5521235521235521 0.36082474226804123 0.5521235521235521 0.3556701030927835 0.5482625482625483 0.35051546391752575 0.5482625482625483 0.34536082474226804 0.5444015444015444 0.3402061855670103 0.5444015444015444 0.33505154639175255 0.5405405405405406 0.31958762886597936 0.5366795366795367 0.30927835051546393 0.528957528957529 0.30412371134020616 0.528957528957529 0.29896907216494845 0.525096525096525 0.28350515463917525 0.5212355212355212 0.27319587628865977 0.5135135135135135 0.25773195876288657 0.5096525096525096 0.24742268041237114 0.5019305019305019 0.23195876288659795 0.4980694980694981 0.20618556701030927 0.4826254826254826 0.20618556701030927 0.4671814671814672 0.211340206185567 0.46332046332046334 0.211340206185567 0.4594594594594595 0.21649484536082475 0.4555984555984556 0.22164948453608246 0.444015444015444 0.23195876288659795 0.4362934362934363 0.23195876288659795 0.43243243243243246 0.25257731958762886 0.41312741312741313 0.25773195876288657 0.4015444015444015 0.26804123711340205 0.3938223938223938 0.26804123711340205 0.38996138996138996 0.27835051546391754 0.38223938223938225 0.27835051546391754 0.3783783783783784 0.28865979381443296 0.37065637065637064 0.28865979381443296 0.3667953667953668 0.29896907216494845 0.3590733590733591 0.29896907216494845 0.3552123552123552 0.30927835051546393 0.3474903474903475 0.30927835051546393 0.3436293436293436 0.32989690721649484 0.32432432432432434 0.33505154639175255 0.3127413127413127 0.34536082474226804 0.305019305019305 0.35051546391752575 0.29343629343629346 0.3711340206185567 0.27413127413127414 0.37628865979381443 0.2625482625482625 0.3917525773195876 0.25096525096525096 0.3917525773195876 0.2471042471042471 0.4020618556701031 0.23938223938223938 0.4175257731958763 0.23552123552123552 0.42783505154639173 0.24324324324324326 0.42783505154639173 0.2471042471042471 0.422680412371134 0.25096525096525096 0.422680412371134 0.2548262548262548 0.41237113402061853 0.26640926640926643 0.41237113402061853 0.27413127413127414 0.4072164948453608 0.277992277992278 0.4072164948453608 0.305019305019305 0.4175257731958763 0.3127413127413127 0.422680412371134 0.3127413127413127 0.42783505154639173 0.3166023166023166 0.4484536082474227 0.3166023166023166 0.4536082474226804 0.3127413127413127 0.4587628865979381 0.3166023166023166 0.4639175257731959 0.3127413127413127 0.4639175257731959 0.3088803088803089 0.4690721649484536 0.3088803088803089 0.4793814432989691 0.30115830115830117 0.4793814432989691 0.2972972972972973 0.4896907216494845 0.2857142857142857 0.4896907216494845 0.277992277992278 0.4948453608247423 0.27413127413127414 0.5103092783505154 0.27413127413127414 0.520618556701031 0.28185328185328185
19 0.5876288659793815 0.8223938223938224 0.5876288659793815 0.8262548262548263 0.5927835051546392 0.8301158301158301 0.6288659793814433 0.8301158301158301 0.634020618556701 0.833976833976834 0.6391752577319587 0.833976833976834 0.6443298969072165 0.8301158301158301 0.6443298969072165 0.833976833976834 0.6494845360824743 0.8378378378378378 0.6494845360824743 0.8648648648648649 0.6443298969072165 0.8687258687258688 0.6443298969072165 0.8725868725868726 0.6391752577319587 0.8764478764478765 0.634020618556701 0.8764478764478765 0.6237113402061856 0.888030888030888 0.6237113402061856 0.8841698841698842 0.6134020618556701 0.8764478764478765 0.5979381443298969 0.8764478764478765 0.5979381443298969 0.8725868725868726 0.5927835051546392 0.8687258687258688 0.5876288659793815 0.8687258687258688 0.5670103092783505 0.8532818532818532 0.5670103092783505 0.8494208494208494 0.5618556701030928 0.8455598455598455 0.5567010309278351 0.8455598455598455 0.5567010309278351 0.833976833976834 0.5670103092783505 0.8262548262548263 0.5824742268041238 0.8223938223938224
19 0.37628865979381443 0.47876447876447875 0.38144329896907214 0.4826254826254826 0.3865979381443299 0.47876447876447875 0.3865979381443299 0.4864864864864865 0.3917525773195876 0.49034749034749037 0.39690721649484534 0.49034749034749037 0.38144329896907214 0.5019305019305019 0.38144329896907214 0.5057915057915058 0.37628865979381443 0.5057915057915058 0.36597938144329895 0.5135135135135135 0.36597938144329895 0.5212355212355212 0.36082474226804123 0.525096525096525 0.36597938144329895 0.528957528957529 0.3711340206185567 0.5405405405405406 0.3711340206185567 0.5366795366795367 0.36597938144329895 0.5328185328185329 0.34536082474226804 0.5328185328185329 0.33505154639175255 0.5405405405405406 0.32989690721649484 0.5366795366795367 0.31958762886597936 0.5366795366795367 0.31443298969072164 0.5328185328185329 0.31443298969072164 0.5057915057915058 0.31958762886597936 0.5019305019305019 0.31958762886597936 0.4942084942084942 0.3247422680412371 0.49034749034749037 0.3247422680412371 0.47876447876447875 0.32989690721649484 0.4749034749034749 0.33505154639175255 0.4749034749034749 0.34536082474226804 0.4671814671814672 0.36082474226804123 0.4671814671814672 0.3711340206185567 0.47876447876447875
19 0.4845360824742268 0.2857142857142857 0.4896907216494845 0.28957528957528955 0.4896907216494845 0.3088803088803089 0.4639175257731959 0.3281853281853282 0.4536082474226804 0.3281853281853282 0.44329896907216493 0.3204633204633205 0.4484536082474227 0.3088803088803089 0.4536082474226804 0.305019305019305 0.4587628865979381 0.305019305019305 0.4793814432989691 0.28957528957528955