19 0.46987951807228917 0.4388888888888889 0.4738955823293173 0.4444444444444444 0.4779116465863454 0.4444444444444444 0.4859437751004016 0.45555555555555555 0.4899598393574297 0.45555555555555555 0.4979919678714859 0.4666666666666667 0.4979919678714859 0.4722222222222222 0.5100401606425703 0.4888888888888889 0.5140562248995983 0.4888888888888889 0.5180722891566265 0.49444444444444446 0.5180722891566265 0.5 0.5220883534136547 0.5055555555555555 0.5220883534136547 0.5444444444444444 0.5261044176706827 0.55 0.5261044176706827 0.5611111111111111 0.5301204819277109 0.5666666666666667 0.5301204819277109 0.5944444444444444 0.5180722891566265 0.6055555555555555 0.5100401606425703 0.6055555555555555 0.4979919678714859 0.6166666666666667 0.4899598393574297 0.6166666666666667 0.4859437751004016 0.6222222222222222 0.4779116465863454 0.6222222222222222 0.4738955823293173 0.6277777777777778 0.46586345381526106 0.6277777777777778 0.46184738955823296 0.6333333333333333 0.4578313253012048 0.6333333333333333 0.4538152610441767 0.6388888888888888 0.4457831325301205 0.6388888888888888 0.43373493975903615 0.65 0.40963855421686746 0.65 0.39759036144578314 0.6388888888888888 0.39759036144578314 0.6222222222222222 0.39357429718875503 0.6166666666666667 0.39357429718875503 0.6055555555555555 0.3895582329317269 0.6 0.3895582329317269 0.5888888888888889 0.3855421686746988 0.5833333333333334 0.3855421686746988 0.5388888888888889 0.3895582329317269 0.5333333333333333 0.3895582329317269 0.5222222222222223 0.3855421686746988 0.5166666666666667 0.3855421686746988 0.49444444444444446 0.3895582329317269 0.49444444444444446 0.39357429718875503 0.4888888888888889 0.40160642570281124 0.4888888888888889 0.40562248995983935 0.48333333333333334 0.41365461847389556 0.48333333333333334 0.41767068273092367 0.4777777777777778 0.42168674698795183 0.4777777777777778 0.44176706827309237 0.45 0.4538152610441767 0.45 0.46184738955823296 0.4388888888888889 0.46586345381526106 0.4388888888888889
19 0.6024096385542169 0.3388888888888889 0.606425702811245 0.3388888888888889 0.6144578313253012 0.35 0.6224899598393574 0.35 0.6265060240963856 0.35555555555555557 0.6345381526104418 0.35555555555555557 0.6385542168674698 0.35 0.6586345381526104 0.35 0.6626506024096386 0.34444444444444444 0.6626506024096386 0.3388888888888889 0.678714859437751 0.3388888888888889 0.6907630522088354 0.35 0.6907630522088354 0.3611111111111111 0.6947791164658634 0.36666666666666664 0.6987951807228916 0.3611111111111111 0.7068273092369478 0.3611111111111111 0.714859437751004 0.37777777777777777 0.7188755020080321 0.37222222222222223 0.7188755020080321 0.36666666666666664 0.7269076305220884 0.36666666666666664 0.7269076305220884 0.37222222222222223 0.7309236947791165 0.37777777777777777 0.7349397590361446 0.37222222222222223 0.7349397590361446 0.37777777777777777 0.7389558232931727 0.38333333333333336 0.7389558232931727 0.39444444444444443 0.7429718875502008 0.4 0.7429718875502008 0.40555555555555556 0.7469879518072289 0.4111111111111111 0.7469879518072289 0.4222222222222222 0.751004016064257 0.42777777777777776 0.751004016064257 0.4444444444444444 0.7469879518072289 0.45 0.7389558232931727 0.45 0.7269076305220884 0.46111111111111114 0.7188755020080321 0.46111111111111114 0.714859437751004 0.4666666666666667 0.7068273092369478 0.4666666666666667 0.6947791164658634 0.4777777777777778 0.6867469879518072 0.4777777777777778 0.6746987951807228 0.4888888888888889 0.6666666666666666 0.4888888888888889 0.6626506024096386 0.49444444444444446 0.6586345381526104 0.49444444444444446 0.6546184738955824 0.5 0.6546184738955824 0.5055555555555555 0.642570281124498 0.5222222222222223 0.6385542168674698 0.5166666666666667 0.6345381526104418 0.5166666666666667 0.6345381526104418 0.5055555555555555 0.6385542168674698 0.5 0.6385542168674698 0.4722222222222222 0.6265060240963856 0.45555555555555555 0.6224899598393574 0.45555555555555555 0.6144578313253012 0.4444444444444444 0.6224899598393574 0.42777777777777776 0.6224899598393574 0.4111111111111111 0.6265060240963856 0.40555555555555556 0.6224899598393574 0.4 0.6224899598393574 0.39444444444444443 0.6024096385542169 0.36666666666666664 0.606425702811245 0.36666666666666664 0.6104417670682731 0.3611111111111111 0.6104417670682731 0.34444444444444444 0.606425702811245 0.3388888888888889
19 0.46586345381526106 0.2 0.4779116465863454 0.2111111111111111 0.4939759036144578 0.2111111111111111 0.4979919678714859 0.21666666666666667 0.5180722891566265 0.21666666666666667 0.5220883534136547 0.2222222222222222 0.5301204819277109 0.2222222222222222 0.5341365461847389 0.22777777777777777 0.5461847389558233 0.22777777777777777 0.5502008032128514 0.23333333333333334 0.5582329317269076 0.23333333333333334 0.570281124497992 0.24444444444444444 0.5823293172690763 0.24444444444444444 0.5823293172690763 0.25 0.5783132530120482 0.25555555555555554 0.5783132530120482 0.2777777777777778 0.5863453815261044 0.29444444444444445 0.5863453815261044 0.3111111111111111 0.5823293172690763 0.31666666666666665 0.5783132530120482 0.31666666666666665 0.5662650602409639 0.3277777777777778 0.5622489959839357 0.32222222222222224 0.5582329317269076 0.32222222222222224 0.5502008032128514 0.3111111111111111 0.5461847389558233 0.3111111111111111 0.5060240963855421 0.25555555555555554 0.5020080321285141 0.25555555555555554 0.4939759036144578 0.24444444444444444 0.46987951807228917 0.24444444444444444 0.46586345381526106 0.25 0.46184738955823296 0.25 0.4538152610441767 0.2611111111111111 0.4497991967871486 0.2611111111111111 0.4457831325301205 0.26666666666666666 0.4457831325301205 0.2722222222222222 0.43775100401606426 0.2833333333333333 0.43373493975903615 0.2833333333333333 0.41365461847389556 0.3111111111111111 0.40963855421686746 0.3111111111111111 0.40562248995983935 0.31666666666666665 0.40160642570281124 0.31666666666666665 0.39759036144578314 0.3111111111111111 0.3654618473895582 0.3111111111111111 0.3614457831325301 0.3055555555555556 0.357429718875502 0.3055555555555556 0.357429718875502 0.28888888888888886 0.3614457831325301 0.2833333333333333 0.3614457831325301 0.2777777777777778 0.3654618473895582 0.2722222222222222 0.3654618473895582 0.26666666666666666 0.36947791164658633 0.2611111111111111 0.36947791164658633 0.25555555555555554 0.37349397590361444 0.25 0.37349397590361444 0.24444444444444444 0.39759036144578314 0.2111111111111111 0.40160642570281124 0.2111111111111111 0.42168674698795183 0.18333333333333332 0.42570281124497994 0.18333333333333332 0.43373493975903615 0.19444444444444445 0.44176706827309237 0.19444444444444445 0.4457831325301205 0.2 0.46184738955823296 0.2
19 0.4738955823293173 0.2111111111111111 0.4859437751004016 0.2111111111111111 0.4899598393574297 0.21666666666666667 0.5180722891566265 0.21666666666666667 0.5301204819277109 0.22777777777777777 0.5461847389558233 0.22777777777777777 0.5502008032128514 0.23333333333333334 0.5582329317269076 0.23333333333333334 0.570281124497992 0.24444444444444444 0.5863453815261044 0.24444444444444444 0.5863453815261044 0.25 0.5783132530120482 0.2611111111111111 0.5783132530120482 0.2722222222222222 0.5823293172690763 0.2777777777777778 0.5823293172690763 0.28888888888888886 0.5863453815261044 0.29444444444444445 0.5863453815261044 0.31666666666666665 0.5823293172690763 0.31666666666666665 0.570281124497992 0.3277777777777778 0.5622489959839357 0.3277777777777778 0.5542168674698795 0.31666666666666665 0.5502008032128514 0.31666666666666665 0.5341365461847389 0.29444444444444445 0.5301204819277109 0.29444444444444445 0.4939759036144578 0.24444444444444444 0.4899598393574297 0.24444444444444444 0.4819277108433735 0.23333333333333334 0.4819277108433735 0.21666666666666667 0.4779116465863454 0.2111111111111111
19 0.3534136546184739 0.29444444444444445 0.36947791164658633 0.31666666666666665 0.3654618473895582 0.32222222222222224 0.357429718875502 0.32222222222222224 0.3534136546184739 0.3277777777777778 0.3453815261044177 0.3277777777777778 0.3453815261044177 0.31666666666666665 0.3493975903614458 0.3111111111111111 0.3493975903614458 0.3
19 0.42570281124497994 0.38333333333333336 0.43373493975903615 0.39444444444444443 0.44176706827309237 0.39444444444444443 0.44176706827309237 0.4 0.4457831325301205 0.40555555555555556 0.4497991967871486 0.40555555555555556 0.46184738955823296 0.4222222222222222 0.46184738955823296 0.42777777777777776 0.4738955823293173 0.4388888888888889 0.46184738955823296 0.4388888888888889 0.4538152610441767 0.45 0.4457831325301205 0.45 0.44176706827309237 0.45555555555555555 0.43775100401606426 0.45 0.43373493975903615 0.45555555555555555 0.43373493975903615 0.4444444444444444 0.42971887550200805 0.4388888888888889 0.42971887550200805 0.43333333333333335 0.42168674698795183 0.4166666666666667 0.42168674698795183 0.40555555555555556 0.41365461847389556 0.39444444444444443 0.41365461847389556 0.3888888888888889 0.41767068273092367 0.38333333333333336 0.42168674698795183 0.38333333333333336
19 0.6265060240963856 0.5333333333333333 0.6385542168674698 0.5333333333333333 0.6465863453815262 0.5444444444444444 0.6506024096385542 0.5444444444444444 0.6546184738955824 0.55 0.6586345381526104 0.55 0.6666666666666666 0.5611111111111111 0.6706827309236948 0.5611111111111111 0.6746987951807228 0.5666666666666667 0.678714859437751 0.5666666666666667 0.6907630522088354 0.5833333333333334 0.6907630522088354 0.5888888888888889 0.6867469879518072 0.5944444444444444 0.6867469879518072 0.6 0.6827309236947792 0.6055555555555555 0.6827309236947792 0.6111111111111112 0.678714859437751 0.6166666666666667 0.678714859437751 0.6222222222222222 0.6706827309236948 0.6333333333333333 0.6706827309236948 0.6388888888888888 0.6666666666666666 0.6444444444444445 0.6666666666666666 0.65 0.6586345381526104 0.6611111111111111 0.6586345381526104 0.6666666666666666 0.6506024096385542 0.6777777777777778 0.6506024096385542 0.6833333333333333 0.6465863453815262 0.6888888888888889 0.6465863453815262 0.6944444444444444 0.6345381526104418 0.7111111111111111 0.6265060240963856 0.7111111111111111 0.6224899598393574 0.7055555555555556 0.6144578313253012 0.7055555555555556 0.606425702811245 0.6944444444444444 0.6024096385542169 0.6944444444444444 0.5983935742971888 0.6888888888888889 0.5943775100401606 0.6888888888888889 0.5863453815261044 0.6777777777777778 0.5823293172690763 0.6777777777777778 0.5742971887550201 0.6666666666666666 0.5742971887550201 0.6277777777777778 0.5823293172690763 0.6277777777777778 0.5863453815261044 0.6222222222222222 0.5903614457831325 0.6222222222222222 0.5983935742971888 0.6111111111111112 0.5983935742971888 0.6055555555555555 0.6024096385542169 0.6 0.6024096385542169 0.5944444444444444 0.6144578313253012 0.5777777777777777 0.6144578313253012 0.5666666666666667 0.6184738955823293 0.5611111111111111 0.6184738955823293 0.5555555555555556 0.6265060240963856 0.5388888888888889
19 0.357429718875502 0.2833333333333333 0.357429718875502 0.29444444444444445 0.36947791164658633 0.3111111111111111 0.3815261044176707 0.3111111111111111 0.39357429718875503 0.3277777777777778 0.3895582329317269 0.3277777777777778 0.37751004016064255 0.31666666666666665 0.3654618473895582 0.3277777777777778 0.3493975903614458 0.3277777777777778 0.3453815261044177 0.3333333333333333 0.3413654618473896 0.3333333333333333 0.3413654618473896 0.3277777777777778 0.3493975903614458 0.3111111111111111 0.3493975903614458 0.3 0.3534136546184739 0.29444444444444445 0.3534136546184739 0.28888888888888886
19 0.40562248995983935 0.7277777777777777 0.40963855421686746 0.7333333333333333 0.41767068273092367 0.7333333333333333 0.42168674698795183 0.7277777777777777 0.42570281124497994 0.7277777777777777 0.43373493975903615 0.7166666666666667 0.4457831325301205 0.7166666666666667 0.4497991967871486 0.7222222222222222 0.46184738955823296 0.7222222222222222 0.46586345381526106 0.7166666666666667 0.4738955823293173 0.7166666666666667 0.4779116465863454 0.7111111111111111 0.4979919678714859 0.7111111111111111 0.5020080321285141 0.7055555555555556 0.5220883534136547 0.7055555555555556 0.5261044176706827 0.7111111111111111 0.5301204819277109 0.7055555555555556 0.5421686746987951 0.7055555555555556 0.5502008032128514 0.6944444444444444 0.570281124497992 0.6944444444444444 0.570281124497992 0.7 0.5742971887550201 0.7055555555555556 0.5742971887550201 0.7222222222222222 0.5783132530120482 0.7277777777777777 0.5783132530120482 0.7722222222222223 0.5742971887550201 0.7777777777777778 0.5662650602409639 0.7777777777777778 0.5622489959839357 0.7833333333333333 0.5502008032128514 0.7833333333333333 0.5461847389558233 0.7888888888888889 0.5301204819277109 0.7888888888888889 0.5261044176706827 0.7944444444444444 0.5060240963855421 0.7944444444444444 0.5020080321285141 0.8 0.4819277108433735 0.8 0.4779116465863454 0.8055555555555556 0.4578313253012048 0.8055555555555556 0.4538152610441767 0.8111111111111111 0.42971887550200805 0.8111111111111111 0.42570281124497994 0.8166666666666667 0.40963855421686746 0.8166666666666667 0.40562248995983935 0.8222222222222222 0.39357429718875503 0.8222222222222222 0.3895582329317269 0.8166666666666667 0.3895582329317269 0.8111111111111111 0.3855421686746988 0.8055555555555556 0.3855421686746988 0.7777777777777778 0.3815261044176707 0.7722222222222223 0.3815261044176707 0.7444444444444445 0.3895582329317269 0.7333333333333333 0.39357429718875503 0.7333333333333333 0.39759036144578314 0.7277777777777777 0.40160642570281124 0.7277777777777777
19 0.5903614457831325 0.31666666666666665 0.5943775100401606 0.32222222222222224 0.5983935742971888 0.32222222222222224 0.6104417670682731 0.3333333333333333 0.6104417670682731 0.3388888888888889 0.6144578313253012 0.34444444444444444 0.6144578313253012 0.35555555555555557 0.6104417670682731 0.3611111111111111 0.6104417670682731 0.37222222222222223 0.6024096385542169 0.37222222222222223 0.5983935742971888 0.36666666666666664 0.5943775100401606 0.36666666666666664 0.5823293172690763 0.35 0.5783132530120482 0.35 0.5662650602409639 0.3333333333333333 0.570281124497992 0.3333333333333333 0.5742971887550201 0.3277777777777778 0.5783132530120482 0.3277777777777778 0.5823293172690763 0.32222222222222224 0.5863453815261044 0.32222222222222224
19 0.26907630522088355 0.46111111111111114 0.27309236947791166 0.46111111111111114 0.27710843373493976 0.45555555555555555 0.28112449799196787 0.45555555555555555 0.2931726907630522 0.4444444444444444 0.30120481927710846 0.4444444444444444 0.30522088353413657 0.4388888888888889 0.321285140562249 0.4388888888888889 0.3413654618473896 0.4111111111111111 0.3453815261044177 0.4111111111111111 0.3493975903614458 0.40555555555555556 0.3534136546184739 0.40555555555555556 0.357429718875502 0.4 0.3614457831325301 0.4 0.3654618473895582 0.39444444444444443 0.36947791164658633 0.39444444444444443 0.37751004016064255 0.38333333333333336 0.3895582329317269 0.38333333333333336 0.39357429718875503 0.37777777777777777 0.40562248995983935 0.37777777777777777 0.41365461847389556 0.3888888888888889 0.42168674698795183 0.3888888888888889 0.42168674698795183 0.4166666666666667 0.42570281124497994 0.4222222222222222 0.42570281124497994 0.42777777777777776 0.43373493975903615 0.4444444444444444 0.43373493975903615 0.45 0.42570281124497994 0.46111111111111114 0.42570281124497994 0.4666666666666667 0.42168674698795183 0.4666666666666667 0.41767068273092367 0.4722222222222222 0.41365461847389556 0.4722222222222222 0.40160642570281124 0.48333333333333334 0.39357429718875503 0.48333333333333334 0.3895582329317269 0.4888888888888889 0.3815261044176707 0.4888888888888889 0.37751004016064255 0.49444444444444446 0.3654618473895582 0.49444444444444446 0.3614457831325301 0.4888888888888889 0.3373493975903614 0.4888888888888889 0.3333333333333333 0.48333333333333334 0.3172690763052209 0.48333333333333334 0.30522088353413657 0.4722222222222222 0.2891566265060241 0.4722222222222222 0.285140562248996 0.4666666666666667 0.27710843373493976 0.4666666666666667 0.27309236947791166 0.46111111111111114
19 0.321285140562249 0.4083333333333333 0.2248995983935743 0.18333333333333332
19 0.42570281124497994 0.38333333333333336 0.43373493975903615 0.39444444444444443 0.43775100401606426 0.39444444444444443 0.4538152610441767 0.4166666666666667 0.4578313253012048 0.4166666666666667 0.4578313253012048 0.4222222222222222 0.46987951807228917 0.4388888888888889 0.4738955823293173 0.4388888888888889 0.4738955823293173 0.4444444444444444 0.46987951807228917 0.4444444444444444 0.46586345381526106 0.45 0.46184738955823296 0.45 0.4578313253012048 0.4444444444444444 0.4497991967871486 0.45555555555555555 0.43373493975903615 0.45555555555555555 0.42971887550200805 0.45 0.42971887550200805 0.4388888888888889 0.42168674698795183 0.4222222222222222 0.42168674698795183 0.4111111111111111 0.41365461847389556 0.4 0.41365461847389556 0.3888888888888889 0.41767068273092367 0.38333333333333336 0.42168674698795183 0.38333333333333336
19 0.5020080321285141 0.2611111111111111 0.5341365461847389 0.3055555555555556 0.5381526104417671 0.3055555555555556 0.5582329317269076 0.3333333333333333 0.5622489959839357 0.3333333333333333 0.5783132530120482 0.35555555555555557 0.5823293172690763 0.35555555555555557 0.5943775100401606 0.37222222222222223 0.5983935742971888 0.37222222222222223 0.606425702811245 0.38333333333333336 0.6104417670682731 0.38333333333333336 0.6184738955823293 0.4 0.6184738955823293 0.4222222222222222 0.6104417670682731 0.43333333333333335 0.6104417670682731 0.4388888888888889 0.5903614457831325 0.4666666666666667 0.5903614457831325 0.4722222222222222 0.570281124497992 0.5 0.570281124497992 0.5055555555555555 0.5582329317269076 0.5166666666666667 0.5502008032128514 0.5166666666666667 0.5461847389558233 0.5111111111111111 0.5421686746987951 0.5111111111111111 0.5381526104417671 0.5055555555555555 0.5341365461847389 0.5055555555555555 0.5140562248995983 0.4777777777777778 0.5100401606425703 0.4777777777777778 0.5020080321285141 0.4666666666666667 0.5020080321285141 0.46111111111111114 0.4939759036144578 0.45 0.4899598393574297 0.45 0.4859437751004016 0.4444444444444444 0.4819277108433735 0.4444444444444444 0.46987951807228917 0.42777777777777776 0.46586345381526106 0.42777777777777776 0.46586345381526106 0.4222222222222222 0.4538152610441767 0.40555555555555556 0.4497991967871486 0.40555555555555556 0.43373493975903615 0.38333333333333336 0.42971887550200805 0.38333333333333336 0.42168674698795183 0.37222222222222223 0.41767068273092367 0.37222222222222223 0.41365461847389556 0.36666666666666664 0.41365461847389556 0.3611111111111111 0.40963855421686746 0.35555555555555557 0.40963855421686746 0.35 0.40562248995983935 0.34444444444444444 0.40562248995983935 0.3388888888888889 0.41365461847389556 0.3277777777777778 0.41767068273092367 0.3277777777777778 0.42168674698795183 0.32222222222222224 0.42168674698795183 0.31666666666666665 0.44176706827309237 0.28888888888888886 0.44176706827309237 0.2833333333333333 0.4538152610441767 0.26666666666666666 0.4578313253012048 0.26666666666666666 0.46184738955823296 0.2611111111111111 0.46586345381526106 0.2611111111111111 0.4779116465863454 0.25 0.4819277108433735 0.25 0.4859437751004016 0.25555555555555554 0.4939759036144578 0.25555555555555554 0.4979919678714859 0.2611111111111111
19 0.42168674698795183 0.18333333333333332 0.42971887550200805 0.19444444444444445 0.43775100401606426 0.19444444444444445 0.44176706827309237 0.2 0.4497991967871486 0.2 0.4538152610441767 0.20555555555555555 0.4578313253012048 0.20555555555555555 0.46184738955823296 0.2111111111111111 0.46586345381526106 0.2111111111111111 0.46987951807228917 0.21666666666666667 0.46987951807228917 0.2222222222222222 0.4779116465863454 0.2388888888888889 0.4738955823293173 0.2388888888888889 0.46586345381526106 0.25 0.46184738955823296 0.25 0.4578313253012048 0.25555555555555554 0.4538152610441767 0.25555555555555554 0.4457831325301205 0.26666666666666666 0.4457831325301205 0.2722222222222222 0.43775100401606426 0.2833333333333333 0.43373493975903615 0.2833333333333333 0.42168674698795183 0.3 0.42168674698795183 0.3055555555555556 0.41767068273092367 0.3111111111111111 0.41365461847389556 0.3111111111111111 0.40963855421686746 0.31666666666666665 0.39357429718875503 0.31666666666666665 0.3895582329317269 0.3111111111111111 0.3654618473895582 0.3111111111111111 0.357429718875502 0.3 0.357429718875502 0.2833333333333333 0.3614457831325301 0.2777777777777778 0.3614457831325301 0.2722222222222222 0.3654618473895582 0.26666666666666666 0.3654618473895582 0.2611111111111111 0.37349397590361444 0.25 0.37349397590361444 0.24444444444444444 0.37751004016064255 0.2388888888888889 0.37751004016064255 0.23333333333333334 0.3815261044176707 0.23333333333333334 0.3855421686746988 0.22777777777777777 0.3855421686746988 0.2222222222222222 0.3895582329317269 0.2222222222222222 0.40160642570281124 0.20555555555555555 0.40562248995983935 0.20555555555555555 0.41767068273092367 0.18888888888888888
19 0.5863453815261044 0.25555555555555554 0.5903614457831325 0.25555555555555554 0.5943775100401606 0.25 0.5983935742971888 0.25 0.6024096385542169 0.24444444444444444 0.606425702811245 0.24444444444444444 0.6104417670682731 0.2388888888888889 0.6144578313253012 0.2388888888888889 0.6224899598393574 0.22777777777777777 0.6265060240963856 0.22777777777777777 0.6305220883534136 0.2222222222222222 0.6385542168674698 0.2222222222222222 0.642570281124498 0.21666666666666667 0.6506024096385542 0.21666666666666667 0.6546184738955824 0.2111111111111111 0.6626506024096386 0.2111111111111111 0.6746987951807228 0.2 0.6867469879518072 0.2 0.6907630522088354 0.20555555555555555 0.6907630522088354 0.2111111111111111 0.6947791164658634 0.21666666666666667 0.6947791164658634 0.2222222222222222 0.7028112449799196 0.2388888888888889 0.7028112449799196 0.25 0.7108433734939759 0.26666666666666666 0.7108433734939759 0.2777777777777778 0.714859437751004 0.2833333333333333 0.714859437751004 0.29444444444444445 0.7188755020080321 0.3 0.714859437751004 0.3055555555555556 0.7028112449799196 0.3055555555555556 0.6987951807228916 0.3111111111111111 0.6867469879518072 0.3111111111111111 0.678714859437751 0.32222222222222224 0.6746987951807228 0.32222222222222224 0.6706827309236948 0.3277777777777778 0.6586345381526104 0.3277777777777778 0.6546184738955824 0.3333333333333333 0.6546184738955824 0.3388888888888889 0.642570281124498 0.3388888888888889 0.6305220883534136 0.35 0.6265060240963856 0.34444444444444444 0.6224899598393574 0.34444444444444444 0.606425702811245 0.32222222222222224 0.6024096385542169 0.32222222222222224 0.5943775100401606 0.3111111111111111 0.5943775100401606 0.3 0.5863453815261044 0.2833333333333333 0.5863453815261044 0.2611111111111111
19 0.42168674698795183 0.38333333333333336 0.42570281124497994 0.3888888888888889 0.42971887550200805 0.3888888888888889 0.4457831325301205 0.4111111111111111 0.4497991967871486 0.4111111111111111 0.4578313253012048 0.4222222222222222 0.4578313253012048 0.42777777777777776 0.46184738955823296 0.43333333333333335 0.46184738955823296 0.4388888888888889 0.4578313253012048 0.4388888888888889 0.4497991967871486 0.45 0.43775100401606426 0.45 0.42168674698795183 0.4722222222222222 0.41767068273092367 0.4722222222222222 0.41365461847389556 0.4777777777777778 0.40562248995983935 0.4777777777777778 0.40160642570281124 0.48333333333333334 0.39357429718875503 0.48333333333333334 0.3815261044176707 0.49444444444444446 0.3654618473895582 0.49444444444444446 0.3614457831325301 0.4888888888888889 0.3493975903614458 0.4888888888888889 0.3453815261044177 0.48333333333333334 0.321285140562249 0.48333333333333334 0.3172690763052209 0.4777777777777778 0.3092369477911647 0.4777777777777778 0.30522088353413657 0.4722222222222222 0.2891566265060241 0.4722222222222222 0.285140562248996 0.4666666666666667 0.27710843373493976 0.4666666666666667 0.27710843373493976 0.46111111111111114 0.28112449799196787 0.45555555555555555 0.285140562248996 0.45555555555555555 0.2891566265060241 0.45 0.2971887550200803 0.45 0.3092369477911647 0.4388888888888889 0.321285140562249 0.4388888888888889 0.3253012048192771 0.43333333333333335 0.3293172690763052 0.43333333333333335 0.3493975903614458 0.40555555555555556 0.3534136546184739 0.40555555555555556 0.357429718875502 0.4 0.3614457831325301 0.4 0.3654618473895582 0.39444444444444443 0.36947791164658633 0.39444444444444443 0.37751004016064255 0.38333333333333336 0.3895582329317269 0.38333333333333336 0.39357429718875503 0.37777777777777777 0.40562248995983935 0.37777777777777777 0.40963855421686746 0.38333333333333336 0.41767068273092367 0.38333333333333336
19 0.3855421686746988 0.6055555555555555 0.3855421686746988 0.6222222222222222 0.3895582329317269 0.6277777777777778 0.3895582329317269 0.65 0.3815261044176707 0.6666666666666666 0.3815261044176707 0.7 0.37751004016064255 0.7 0.36947791164658633 0.7111111111111111 0.3534136546184739 0.7111111111111111 0.3493975903614458 0.7055555555555556 0.3413654618473896 0.7055555555555556 0.3373493975903614 0.7 0.3253012048192771 0.7 0.321285140562249 0.6944444444444444 0.3132530120481928 0.6944444444444444 0.3092369477911647 0.6888888888888889 0.30120481927710846 0.6888888888888889 0.2971887550200803 0.6833333333333333 0.2931726907630522 0.6833333333333333 0.285140562248996 0.6722222222222223 0.285140562248996 0.6611111111111111 0.2891566265060241 0.6555555555555556 0.2891566265060241 0.6444444444444445 0.30522088353413657 0.6444444444444445 0.3092369477911647 0.65 0.3253012048192771 0.65 0.3293172690763052 0.6555555555555556 0.357429718875502 0.6555555555555556 0.36947791164658633 0.6444444444444445 0.36947791164658633 0.6333333333333333 0.37349397590361444 0.6277777777777778 0.37349397590361444 0.6111111111111112 0.37751004016064255 0.6055555555555555 0.3815261044176707 0.6055555555555555
19 0.44176706827309237 0.12222222222222222 0.46184738955823296 0.12222222222222222 0.46586345381526106 0.12777777777777777 0.4819277108433735 0.12777777777777777 0.4859437751004016 0.13333333333333333 0.4979919678714859 0.13333333333333333 0.5100401606425703 0.14444444444444443 0.5261044176706827 0.14444444444444443 0.5301204819277109 0.15 0.5381526104417671 0.15 0.5421686746987951 0.15555555555555556 0.5542168674698795 0.15555555555555556 0.5582329317269076 0.16111111111111112 0.5662650602409639 0.16111111111111112 0.570281124497992 0.16666666666666666 0.5823293172690763 0.16666666666666666 0.5863453815261044 0.17222222222222222 0.5943775100401606 0.17222222222222222 0.5983935742971888 0.17777777777777778 0.6104417670682731 0.17777777777777778 0.6144578313253012 0.18333333333333332 0.6184738955823293 0.18333333333333332 0.6265060240963856 0.19444444444444445 0.6265060240963856 0.20555555555555555 0.6224899598393574 0.2111111111111111 0.6224899598393574 0.2222222222222222 0.6184738955823293 0.22777777777777777 0.6144578313253012 0.22777777777777777 0.6104417670682731 0.23333333333333334 0.6024096385542169 0.23333333333333334 0.5783132530120482 0.25555555555555554 0.5783132530120482 0.2833333333333333 0.5823293172690763 0.28888888888888886 0.5823293172690763 0.3111111111111111 0.5742971887550201 0.32222222222222224 0.5582329317269076 0.32222222222222224 0.5421686746987951 0.3 0.5381526104417671 0.3 0.5020080321285141 0.25 0.4979919678714859 0.25 0.4859437751004016 0.2388888888888889 0.4738955823293173 0.2388888888888889 0.46987951807228917 0.24444444444444444 0.46586345381526106 0.24444444444444444 0.4578313253012048 0.25555555555555554 0.4538152610441767 0.25555555555555554 0.43373493975903615 0.2833333333333333 0.42971887550200805 0.2833333333333333 0.40963855421686746 0.3111111111111111 0.39357429718875503 0.3111111111111111 0.3895582329317269 0.3055555555555556 0.3614457831325301 0.3055555555555556 0.3614457831325301 0.3 0.357429718875502 0.29444444444444445 0.357429718875502 0.28888888888888886 0.3614457831325301 0.2833333333333333 0.3614457831325301 0.2777777777777778 0.3654618473895582 0.2722222222222222 0.3654618473895582 0.26666666666666666 0.36947791164658633 0.2611111111111111 0.36947791164658633 0.25555555555555554 0.37349397590361444 0.25 0.37349397590361444 0.24444444444444444 0.39759036144578314 0.2111111111111111 0.40160642570281124 0.2111111111111111 0.42168674698795183 0.18333333333333332 0.42570281124497994 0.18333333333333332 0.43373493975903615 0.17222222222222222 0.43373493975903615 0.15 0.43775100401606426 0.14444444444444443 0.43775100401606426 0.13333333333333333 0.44176706827309237 0.12777777777777777
19 0.6385542168674698 0.48333333333333334 0.642570281124498 0.4888888888888889 0.6546184738955824 0.4888888888888889 0.6546184738955824 0.5111111111111111 0.6465863453815262 0.5222222222222223 0.6345381526104418 0.5222222222222223 0.6345381526104418 0.5 0.6385542168674698 0.49444444444444446 0.6385542168674698 0.4888888888888889
19 0.5542168674698795 0.6111111111111112 0.5582329317269076 0.6166666666666667 0.5622489959839357 0.6166666666666667 0.5622489959839357 0.6222222222222222 0.570281124497992 0.6388888888888888 0.570281124497992 0.6722222222222223 0.5662650602409639 0.6777777777777778 0.5662650602409639 0.6833333333333333 0.5622489959839357 0.6833333333333333 0.5582329317269076 0.6888888888888889 0.5502008032128514 0.6888888888888889 0.5381526104417671 0.7 0.4819277108433735 0.7 0.4738955823293173 0.7111111111111111 0.43373493975903615 0.7111111111111111 0.42570281124497994 0.7222222222222222 0.39759036144578314 0.7222222222222222 0.39357429718875503 0.7277777777777777 0.3815261044176707 0.7277777777777777 0.3815261044176707 0.7222222222222222 0.37751004016064255 0.7166666666666667 0.37751004016064255 0.7055555555555556 0.3855421686746988 0.6944444444444444 0.3855421686746988 0.6722222222222223 0.3895582329317269 0.6666666666666666 0.3895582329317269 0.6555555555555556 0.43373493975903615 0.6555555555555556 0.43775100401606426 0.65 0.4457831325301205 0.65 0.4497991967871486 0.6444444444444445 0.4538152610441767 0.6444444444444445 0.46586345381526106 0.6333333333333333 0.4738955823293173 0.6333333333333333 0.4779116465863454 0.6277777777777778 0.4859437751004016 0.6277777777777778 0.4899598393574297 0.6222222222222222 0.4979919678714859 0.6222222222222222 0.5020080321285141 0.6166666666666667 0.5100401606425703 0.6166666666666667 0.5140562248995983 0.6111111111111112 0.5220883534136547 0.6111111111111112 0.5261044176706827 0.6055555555555555 0.5461847389558233 0.6055555555555555 0.5502008032128514 0.6111111111111112
19 0.5502008032128514 0.6111111111111112 0.5542168674698795 0.6166666666666667 0.5582329317269076 0.6166666666666667 0.5662650602409639 0.6277777777777778 0.5662650602409639 0.6444444444444445 0.570281124497992 0.65 0.570281124497992 0.6722222222222223 0.5622489959839357 0.6888888888888889 0.5742971887550201 0.7055555555555556 0.5742971887550201 0.7277777777777777 0.5783132530120482 0.7333333333333333 0.5783132530120482 0.7722222222222223 0.5742971887550201 0.7722222222222223 0.570281124497992 0.7777777777777778 0.5622489959839357 0.7777777777777778 0.5582329317269076 0.7833333333333333 0.5421686746987951 0.7833333333333333 0.5381526104417671 0.7888888888888889 0.5261044176706827 0.7888888888888889 0.5220883534136547 0.7944444444444444 0.5020080321285141 0.7944444444444444 0.4979919678714859 0.8 0.4779116465863454 0.8 0.4738955823293173 0.8055555555555556 0.4538152610441767 0.8055555555555556 0.4497991967871486 0.8111111111111111 0.42570281124497994 0.8111111111111111 0.42168674698795183 0.8166666666666667 0.40562248995983935 0.8166666666666667 0.40160642570281124 0.8222222222222222 0.39759036144578314 0.8166666666666667 0.3895582329317269 0.8166666666666667 0.3895582329317269 0.8111111111111111 0.3855421686746988 0.8055555555555556 0.3855421686746988 0.7777777777777778 0.3815261044176707 0.7722222222222223 0.3815261044176707 0.7444444444444445 0.3855421686746988 0.7388888888888889 0.3855421686746988 0.7333333333333333 0.3815261044176707 0.7277777777777777 0.3815261044176707 0.7222222222222222 0.37751004016064255 0.7166666666666667 0.37751004016064255 0.7111111111111111 0.3855421686746988 0.7 0.3855421686746988 0.6777777777777778 0.3895582329317269 0.6722222222222223 0.3895582329317269 0.6611111111111111 0.39357429718875503 0.6555555555555556 0.40562248995983935 0.6555555555555556 0.40963855421686746 0.6611111111111111 0.42971887550200805 0.6611111111111111 0.43373493975903615 0.6555555555555556 0.43775100401606426 0.6555555555555556 0.4497991967871486 0.6444444444444445 0.4578313253012048 0.6444444444444445 0.46987951807228917 0.6333333333333333 0.4779116465863454 0.6333333333333333 0.4819277108433735 0.6277777777777778 0.4899598393574297 0.6277777777777778 0.4939759036144578 0.6222222222222222 0.5060240963855421 0.6222222222222222 0.5100401606425703 0.6166666666666667 0.5140562248995983 0.6166666666666667 0.5180722891566265 0.6111111111111112 0.5261044176706827 0.6111111111111112 0.5301204819277109 0.6055555555555555 0.5421686746987951 0.6055555555555555 0.5461847389558233 0.6111111111111112
19 0.46184738955823296 0.12222222222222222 0.46586345381526106 0.12777777777777777 0.4819277108433735 0.12777777777777777 0.4859437751004016 0.13333333333333333 0.4979919678714859 0.13333333333333333 0.5100401606425703 0.14444444444444443 0.5261044176706827 0.14444444444444443 0.5301204819277109 0.15 0.5381526104417671 0.15 0.5421686746987951 0.15555555555555556 0.5542168674698795 0.15555555555555556 0.5582329317269076 0.16111111111111112 0.5662650602409639 0.16111111111111112 0.570281124497992 0.16666666666666666 0.5783132530120482 0.16666666666666666 0.5823293172690763 0.17222222222222222 0.5903614457831325 0.17222222222222222 0.5943775100401606 0.17777777777777778 0.606425702811245 0.17777777777777778 0.6104417670682731 0.18333333333333332 0.6184738955823293 0.18333333333333332 0.6265060240963856 0.19444444444444445 0.6265060240963856 0.2 0.6224899598393574 0.20555555555555555 0.6224899598393574 0.2222222222222222 0.6265060240963856 0.22777777777777777 0.6345381526104418 0.22777777777777777 0.6385542168674698 0.2222222222222222 0.6465863453815262 0.2222222222222222 0.6506024096385542 0.21666666666666667 0.6586345381526104 0.21666666666666667 0.6626506024096386 0.2111111111111111 0.6666666666666666 0.2111111111111111 0.6706827309236948 0.20555555555555555 0.678714859437751 0.20555555555555555 0.6827309236947792 0.2 0.6867469879518072 0.20555555555555555 0.6907630522088354 0.20555555555555555 0.6907630522088354 0.2111111111111111 0.6947791164658634 0.21666666666666667 0.6947791164658634 0.2222222222222222 0.7028112449799196 0.2388888888888889 0.7028112449799196 0.25 0.7068273092369478 0.25555555555555554 0.7068273092369478 0.26666666666666666 0.7108433734939759 0.2722222222222222 0.7108433734939759 0.2777777777777778 0.7188755020080321 0.29444444444444445 0.7188755020080321 0.3055555555555556 0.7228915662650602 0.3111111111111111 0.7228915662650602 0.32222222222222224 0.7269076305220884 0.3277777777777778 0.7269076305220884 0.3388888888888889 0.7309236947791165 0.34444444444444444 0.7309236947791165 0.3611111111111111 0.7349397590361446 0.36666666666666664 0.7349397590361446 0.37777777777777777 0.7429718875502008 0.39444444444444443 0.7429718875502008 0.40555555555555556 0.7469879518072289 0.4111111111111111 0.7469879518072289 0.4222222222222222 0.751004016064257 0.42777777777777776 0.751004016064257 0.4388888888888889 0.7429718875502008 0.45 0.7349397590361446 0.45 0.7309236947791165 0.45555555555555555 0.7269076305220884 0.45555555555555555 0.7228915662650602 0.46111111111111114 0.714859437751004 0.46111111111111114 0.7028112449799196 0.4722222222222222 0.6947791164658634 0.4722222222222222 0.6907630522088354 0.4777777777777778 0.6827309236947792 0.4777777777777778 0.6706827309236948 0.4888888888888889 0.6626506024096386 0.4888888888888889 0.6506024096385542 0.5055555555555555 0.6506024096385542 0.5111111111111111 0.6465863453815262 0.5166666666666667 0.6305220883534136 0.5166666666666667 0.6265060240963856 0.5222222222222223 0.6265060240963856 0.5277777777777778 0.6305220883534136 0.5333333333333333 0.6345381526104418 0.5333333333333333 0.6385542168674698 0.5388888888888889 0.642570281124498 0.5388888888888889 0.6465863453815262 0.5444444444444444 0.6506024096385542 0.5444444444444444 0.6586345381526104 0.5555555555555556 0.6626506024096386 0.5555555555555556 0.6706827309236948 0.5666666666666667 0.6746987951807228 0.5666666666666667 0.6867469879518072 0.5777777777777777 0.6867469879518072 0.5944444444444444 0.6827309236947792 0.6 0.6827309236947792 0.6055555555555555 0.678714859437751 0.6111111111111112 0.678714859437751 0.6166666666666667 0.6746987951807228 0.6222222222222222 0.6746987951807228 0.6277777777777778 0.6706827309236948 0.6333333333333333 0.6706827309236948 0.6388888888888888 0.6626506024096386 0.65 0.6626506024096386 0.6555555555555556 0.6586345381526104 0.6611111111111111 0.6586345381526104 0.6666666666666666 0.6465863453815262 0.6833333333333333 0.6465863453815262 0.6888888888888889 0.6385542168674698 0.7055555555555556 0.6345381526104418 0.7055555555555556 0.6305220883534136 0.7111111111111111 0.6265060240963856 0.7111111111111111 0.6224899598393574 0.7055555555555556 0.6184738955823293 0.7055555555555556 0.6144578313253012 0.7 0.6104417670682731 0.7 0.6024096385542169 0.6888888888888889 0.5983935742971888 0.6888888888888889 0.5943775100401606 0.6833333333333333 0.5903614457831325 0.6833333333333333 0.5742971887550201 0.6611111111111111 0.570281124497992 0.6611111111111111 0.5662650602409639 0.6666666666666666 0.5662650602409639 0.6777777777777778 0.5622489959839357 0.6833333333333333 0.5662650602409639 0.6888888888888889 0.5662650602409639 0.6944444444444444 0.5742971887550201 0.7111111111111111 0.5742971887550201 0.7388888888888889 0.5783132530120482 0.7444444444444445 0.5783132530120482 0.7666666666666667 0.5742971887550201 0.7722222222222223 0.570281124497992 0.7722222222222223 0.5662650602409639 0.7777777777777778 0.5582329317269076 0.7777777777777778 0.5542168674698795 0.7833333333333333 0.5381526104417671 0.7833333333333333 0.5341365461847389 0.7888888888888889 0.5220883534136547 0.7888888888888889 0.5180722891566265 0.7944444444444444 0.4939759036144578 0.7944444444444444 0.4899598393574297 0.8 0.4738955823293173 0.8 0.46987951807228917 0.8055555555555556 0.4497991967871486 0.8055555555555556 0.4457831325301205 0.8111111111111111 0.42570281124497994 0.8111111111111111 0.42168674698795183 0.8166666666666667 0.39357429718875503 0.8166666666666667 0.3895582329317269 0.8111111111111111 0.3895582329317269 0.8055555555555556 0.3855421686746988 0.8 0.3855421686746988 0.7722222222222223 0.3815261044176707 0.7666666666666667 0.3815261044176707 0.75 0.3855421686746988 0.7444444444444445 0.3855421686746988 0.7333333333333333 0.3815261044176707 0.7277777777777777 0.3815261044176707 0.7222222222222222 0.37349397590361444 0.7055555555555556 0.36947791164658633 0.7111111111111111 0.3614457831325301 0.7111111111111111 0.357429718875502 0.7055555555555556 0.3453815261044177 0.7055555555555556 0.3413654618473896 0.7 0.3333333333333333 0.7 0.3293172690763052 0.6944444444444444 0.3172690763052209 0.6944444444444444 0.3132530120481928 0.6888888888888889 0.30120481927710846 0.6888888888888889 0.2971887550200803 0.6833333333333333 0.2931726907630522 0.6833333333333333 0.2891566265060241 0.6777777777777778 0.2891566265060241 0.65 0.2931726907630522 0.6444444444444445 0.285140562248996 0.6333333333333333 0.28112449799196787 0.6333333333333333 0.27710843373493976 0.6277777777777778 0.26104417670682734 0.6277777777777778 0.2570281124497992 0.6222222222222222 0.24096385542168675 0.6222222222222222 0.23694779116465864 0.6166666666666667 0.22088353413654618 0.6166666666666667 0.21686746987951808 0.6111111111111112 0.20481927710843373 0.6111111111111112 0.1927710843373494 0.6 0.18473895582329317 0.6 0.18473895582329317 0.5666666666666667 0.18875502008032127 0.5611111111111111 0.18875502008032127 0.55 0.1927710843373494 0.5444444444444444 0.1927710843373494 0.5277777777777778 0.19678714859437751 0.5222222222222223 0.19678714859437751 0.5055555555555555 0.20080321285140562 0.5 0.20080321285140562 0.4777777777777778 0.20883534136546184 0.46111111111111114 0.21686746987951808 0.46111111111111114 0.22088353413654618 0.45555555555555555 0.21285140562248997 0.4444444444444444 0.21285140562248997 0.42777777777777776 0.2248995983935743 0.4166666666666667 0.2248995983935743 0.4111111111111111 0.22088353413654618 0.40555555555555556 0.2248995983935743 0.4111111111111111 0.2289156626506024 0.4111111111111111 0.2289156626506024 0.4222222222222222 0.23293172690763053 0.42777777777777776 0.24096385542168675 0.42777777777777776 0.24899598393574296 0.4166666666666667 0.25301204819277107 0.4166666666666667 0.2570281124497992 0.4222222222222222 0.26506024096385544 0.4111111111111111 0.26506024096385544 0.40555555555555556 0.26104417670682734 0.4 0.25301204819277107 0.4 0.24899598393574296 0.39444444444444443 0.24096385542168675 0.4111111111111111 0.24096385542168675 0.40555555555555556 0.23694779116465864 0.4 0.23293172690763053 0.4 0.23694779116465864 0.4 0.24096385542168675 0.39444444444444443 0.24497991967871485 0.39444444444444443 0.2570281124497992 0.37777777777777777 0.25301204819277107 0.37222222222222223 0.23694779116465864 0.37222222222222223 0.23293172690763053 0.36666666666666664 0.23293172690763053 0.35 0.23694779116465864 0.34444444444444444 0.23694779116465864 0.3388888888888889 0.23293172690763053 0.3333333333333333 0.2289156626506024 0.3333333333333333 0.22088353413654618 0.32222222222222224 0.2248995983935743 0.31666666666666665 0.2248995983935743 0.3111111111111111 0.2289156626506024 0.3055555555555556 0.2289156626506024 0.3 0.23694779116465864 0.28888888888888886 0.23694779116465864 0.2833333333333333 0.24096385542168675 0.2777777777777778 0.24096385542168675 0.26666666666666666 0.24497991967871485 0.2611111111111111 0.24497991967871485 0.25555555555555554 0.25301204819277107 0.24444444444444444 0.25301204819277107 0.23333333333333334 0.2570281124497992 0.22777777777777777 0.2570281124497992 0.2222222222222222 0.26506024096385544 0.2111111111111111 0.26506024096385544 0.20555555555555555 0.26907630522088355 0.2 0.26907630522088355 0.19444444444444445 0.27309236947791166 0.18888888888888888 0.27309236947791166 0.18333333333333332 0.27710843373493976 0.17777777777777778 0.27710843373493976 0.17222222222222222 0.28112449799196787 0.16666666666666666 0.28112449799196787 0.16111111111111112 0.285140562248996 0.15555555555555556 0.285140562248996 0.15 0.2931726907630522 0.1388888888888889 0.30522088353413657 0.1388888888888889 0.3092369477911647 0.14444444444444443 0.3172690763052209 0.14444444444444443 0.3253012048192771 0.15555555555555556 0.3333333333333333 0.15555555555555556 0.3453815261044177 0.16666666666666666 0.3534136546184739 0.16666666666666666 0.357429718875502 0.17222222222222222 0.3614457831325301 0.17222222222222222 0.3654618473895582 0.17777777777777778 0.36947791164658633 0.17777777777777778 0.37349397590361444 0.18333333333333332 0.37751004016064255 0.18333333333333332 0.3815261044176707 0.18888888888888888 0.3815261044176707 0.21666666666666667 0.37349397590361444 0.23333333333333334 0.37751004016064255 0.2388888888888889 0.37751004016064255 0.24444444444444444 0.36947791164658633 0.25555555555555554 0.36947791164658633 0.2722222222222222 0.3654618473895582 0.2777777777777778 0.3654618473895582 0.28888888888888886 0.36947791164658633 0.29444444444444445 0.37349397590361444 0.29444444444444445 0.37751004016064255 0.28888888888888886 0.3815261044176707 0.28888888888888886 0.3815261044176707 0.29444444444444445 0.3895582329317269 0.3055555555555556 0.39357429718875503 0.3055555555555556 0.39759036144578314 0.3111111111111111 0.40562248995983935 0.3 0.40562248995983935 0.29444444444444445 0.39759036144578314 0.2833333333333333 0.40160642570281124 0.2777777777777778 0.40160642570281124 0.2722222222222222 0.3895582329317269 0.25555555555555554 0.3815261044176707 0.25555555555555554 0.3855421686746988 0.25 0.3855421686746988 0.23333333333333334 0.3895582329317269 0.23333333333333334 0.39357429718875503 0.22777777777777777 0.39357429718875503 0.2222222222222222 0.40963855421686746 0.2 0.41365461847389556 0.2 0.42971887550200805 0.17777777777777778 0.42971887550200805 0.17222222222222222 0.43373493975903615 0.16666666666666666 0.43373493975903615 0.15 0.43775100401606426 0.14444444444444443 0.43775100401606426 0.13333333333333333 0.4457831325301205 0.12222222222222222 0.4578313253012048 0.12222222222222222
19 0.20481927710843373 0.46111111111111114 0.2289156626506024 0.46111111111111114 0.23293172690763053 0.4666666666666667 0.24899598393574296 0.4666666666666667 0.25301204819277107 0.4722222222222222 0.26907630522088355 0.4722222222222222 0.27309236947791166 0.4777777777777778 0.2931726907630522 0.4777777777777778 0.2971887550200803 0.48333333333333334 0.3092369477911647 0.48333333333333334 0.3132530120481928 0.4888888888888889 0.321285140562249 0.4888888888888889 0.3253012048192771 0.49444444444444446 0.3534136546184739 0.49444444444444446 0.357429718875502 0.5 0.3654618473895582 0.5 0.36947791164658633 0.5055555555555555 0.37751004016064255 0.5055555555555555 0.3815261044176707 0.5111111111111111 0.3815261044176707 0.55 0.37751004016064255 0.5555555555555556 0.37751004016064255 0.5777777777777777 0.37349397590361444 0.5833333333333334 0.37349397590361444 0.5944444444444444 0.36947791164658633 0.6 0.36947791164658633 0.6222222222222222 0.3654618473895582 0.6277777777777778 0.3654618473895582 0.6388888888888888 0.357429718875502 0.65 0.3333333333333333 0.65 0.3293172690763052 0.6444444444444445 0.3092369477911647 0.6444444444444445 0.30522088353413657 0.6388888888888888 0.2891566265060241 0.6388888888888888 0.285140562248996 0.6333333333333333 0.27309236947791166 0.6333333333333333 0.26907630522088355 0.6277777777777778 0.2570281124497992 0.6277777777777778 0.25301204819277107 0.6222222222222222 0.24096385542168675 0.6222222222222222 0.23694779116465864 0.6166666666666667 0.21686746987951808 0.6166666666666667 0.21285140562248997 0.6111111111111112 0.20481927710843373 0.6111111111111112 0.20080321285140562 0.6055555555555555 0.1927710843373494 0.6055555555555555 0.18072289156626506 0.5944444444444444 0.18072289156626506 0.5833333333333334 0.18473895582329317 0.5777777777777777 0.18473895582329317 0.5666666666666667 0.18875502008032127 0.5611111111111111 0.18875502008032127 0.5444444444444444 0.1927710843373494 0.5388888888888889 0.1927710843373494 0.5222222222222223 0.19678714859437751 0.5166666666666667 0.19678714859437751 0.5 0.20080321285140562 0.49444444444444446 0.20080321285140562 0.4777777777777778 0.20481927710843373 0.4722222222222222 0.20481927710843373 0.4666666666666667
19 0.6867469879518072 0.2 0.6907630522088354 0.20555555555555555 0.6907630522088354 0.2111111111111111 0.6947791164658634 0.21666666666666667 0.6947791164658634 0.2222222222222222 0.7028112449799196 0.2388888888888889 0.7028112449799196 0.25 0.7108433734939759 0.26666666666666666 0.7108433734939759 0.2777777777777778 0.714859437751004 0.2833333333333333 0.714859437751004 0.28888888888888886 0.7188755020080321 0.29444444444444445 0.7188755020080321 0.3055555555555556 0.7269076305220884 0.32222222222222224 0.7269076305220884 0.3388888888888889 0.7309236947791165 0.34444444444444444 0.7309236947791165 0.35555555555555557 0.7349397590361446 0.3611111111111111 0.7349397590361446 0.37222222222222223 0.7429718875502008 0.3888888888888889 0.7429718875502008 0.40555555555555556 0.7469879518072289 0.4111111111111111 0.7469879518072289 0.4222222222222222 0.751004016064257 0.42777777777777776 0.751004016064257 0.4444444444444444 0.7469879518072289 0.45 0.7389558232931727 0.45 0.7269076305220884 0.46111111111111114 0.7188755020080321 0.46111111111111114 0.714859437751004 0.4666666666666667 0.7068273092369478 0.4666666666666667 0.6947791164658634 0.4777777777777778 0.6867469879518072 0.4777777777777778 0.6827309236947792 0.48333333333333334 0.6746987951807228 0.48333333333333334 0.6706827309236948 0.4888888888888889 0.6626506024096386 0.4888888888888889 0.6586345381526104 0.49444444444444446 0.6546184738955824 0.4888888888888889 0.6506024096385542 0.4888888888888889 0.6465863453815262 0.48333333333333334 0.642570281124498 0.48333333333333334 0.642570281124498 0.46111111111111114 0.6224899598393574 0.43333333333333335 0.6305220883534136 0.4222222222222222 0.6305220883534136 0.40555555555555556 0.6586345381526104 0.40555555555555556 0.6586345381526104 0.4166666666666667 0.6546184738955824 0.4222222222222222 0.6586345381526104 0.42777777777777776 0.6666666666666666 0.42777777777777776 0.6706827309236948 0.4222222222222222 0.6666666666666666 0.4166666666666667 0.6666666666666666 0.4111111111111111 0.6706827309236948 0.40555555555555556 0.6626506024096386 0.39444444444444443 0.6586345381526104 0.39444444444444443 0.6546184738955824 0.3888888888888889 0.6506024096385542 0.3888888888888889 0.6465863453815262 0.39444444444444443 0.6265060240963856 0.39444444444444443 0.6144578313253012 0.37777777777777777 0.6184738955823293 0.37222222222222223 0.6184738955823293 0.34444444444444444 0.6144578313253012 0.3388888888888889 0.6144578313253012 0.3333333333333333 0.606425702811245 0.32222222222222224 0.6024096385542169 0.32222222222222224 0.5943775100401606 0.3111111111111111 0.5943775100401606 0.3 0.5903614457831325 0.29444444444444445 0.5903614457831325 0.2833333333333333 0.5863453815261044 0.2777777777777778 0.5863453815261044 0.2611111111111111 0.5903614457831325 0.25555555555555554 0.5983935742971888 0.25555555555555554 0.606425702811245 0.24444444444444444 0.6104417670682731 0.24444444444444444 0.6144578313253012 0.2388888888888889 0.6184738955823293 0.2388888888888889 0.6265060240963856 0.22777777777777777 0.6305220883534136 0.22777777777777777 0.6345381526104418 0.2222222222222222 0.642570281124498 0.2222222222222222 0.6465863453815262 0.21666666666666667 0.6546184738955824 0.21666666666666667 0.6666666666666666 0.20555555555555555 0.6746987951807228 0.20555555555555555 0.678714859437751 0.2 0.6827309236947792 0.2
19 0.4497991967871486 0.11666666666666667 0.4538152610441767 0.12222222222222222 0.46586345381526106 0.12222222222222222 0.46987951807228917 0.12777777777777777 0.4819277108433735 0.12777777777777777 0.4859437751004016 0.13333333333333333 0.4979919678714859 0.13333333333333333 0.5020080321285141 0.1388888888888889 0.5100401606425703 0.1388888888888889 0.5140562248995983 0.14444444444444443 0.5261044176706827 0.14444444444444443 0.5301204819277109 0.15 0.5421686746987951 0.15 0.5461847389558233 0.15555555555555556 0.5542168674698795 0.15555555555555556 0.5582329317269076 0.16111111111111112 0.570281124497992 0.16111111111111112 0.5742971887550201 0.16666666666666666 0.5823293172690763 0.16666666666666666 0.5863453815261044 0.17222222222222222 0.5943775100401606 0.17222222222222222 0.5983935742971888 0.17777777777777778 0.6104417670682731 0.17777777777777778 0.6144578313253012 0.18333333333333332 0.6224899598393574 0.18333333333333332 0.6265060240963856 0.18888888888888888 0.6265060240963856 0.2111111111111111 0.6224899598393574 0.21666666666666667 0.6224899598393574 0.2222222222222222 0.6184738955823293 0.22777777777777777 0.6144578313253012 0.22777777777777777 0.6024096385542169 0.2388888888888889 0.570281124497992 0.2388888888888889 0.5662650602409639 0.23333333333333334 0.5622489959839357 0.23333333333333334 0.5582329317269076 0.22777777777777777 0.5502008032128514 0.22777777777777777 0.5461847389558233 0.2222222222222222 0.5301204819277109 0.2222222222222222 0.5261044176706827 0.21666666666666667 0.5140562248995983 0.21666666666666667 0.5100401606425703 0.2111111111111111 0.4939759036144578 0.2111111111111111 0.4899598393574297 0.20555555555555555 0.4779116465863454 0.20555555555555555 0.4738955823293173 0.2 0.46586345381526106 0.2 0.46184738955823296 0.19444444444444445 0.4497991967871486 0.19444444444444445 0.4457831325301205 0.18888888888888888 0.43775100401606426 0.18888888888888888 0.43373493975903615 0.18333333333333332 0.42971887550200805 0.18333333333333332 0.42971887550200805 0.17222222222222222 0.43373493975903615 0.16666666666666666 0.43373493975903615 0.14444444444444443 0.43775100401606426 0.1388888888888889 0.43775100401606426 0.12777777777777777 0.44176706827309237 0.12222222222222222 0.4457831325301205 0.12222222222222222
19 0.4979919678714859 0.2222222222222222 0.5060240963855421 0.2222222222222222 0.5100401606425703 0.22777777777777777 0.5180722891566265 0.22777777777777777 0.5060240963855421 0.22777777777777777 0.5020080321285141 0.23333333333333334 0.5060240963855421 0.2388888888888889 0.5502008032128514 0.2388888888888889 0.5542168674698795 0.24444444444444444 0.5622489959839357 0.24444444444444444 0.5662650602409639 0.25 0.5783132530120482 0.25 0.5783132530120482 0.2722222222222222 0.5823293172690763 0.2777777777777778 0.5823293172690763 0.28888888888888886 0.5863453815261044 0.29444444444444445 0.5863453815261044 0.31666666666666665 0.5823293172690763 0.31666666666666665 0.570281124497992 0.3277777777777778 0.5622489959839357 0.3277777777777778 0.5542168674698795 0.31666666666666665 0.5502008032128514 0.31666666666666665 0.5341365461847389 0.29444444444444445 0.5301204819277109 0.29444444444444445 0.5100401606425703 0.26666666666666666 0.5100401606425703 0.2611111111111111 0.4979919678714859 0.24444444444444444 0.4899598393574297 0.24444444444444444 0.4899598393574297 0.2388888888888889 0.4979919678714859 0.22777777777777777
19 0.5983935742971888 0.32222222222222224 0.6184738955823293 0.35 0.6224899598393574 0.35 0.6265060240963856 0.35555555555555557 0.6345381526104418 0.35555555555555557 0.6465863453815262 0.34444444444444444 0.6586345381526104 0.34444444444444444 0.6626506024096386 0.3388888888888889 0.6626506024096386 0.3333333333333333 0.6666666666666666 0.3333333333333333 0.6706827309236948 0.3388888888888889 0.678714859437751 0.3388888888888889 0.6907630522088354 0.35 0.6907630522088354 0.3611111111111111 0.6947791164658634 0.36666666666666664 0.6987951807228916 0.3611111111111111 0.7028112449799196 0.36666666666666664 0.7028112449799196 0.37222222222222223 0.6987951807228916 0.37222222222222223 0.6947791164658634 0.37777777777777777 0.7028112449799196 0.3888888888888889 0.7068273092369478 0.3888888888888889 0.7108433734939759 0.38333333333333336 0.714859437751004 0.38333333333333336 0.7188755020080321 0.3888888888888889 0.7228915662650602 0.38333333333333336 0.7309236947791165 0.38333333333333336 0.7349397590361446 0.37777777777777777 0.7349397590361446 0.37222222222222223 0.7349397590361446 0.37777777777777777 0.7389558232931727 0.38333333333333336 0.7389558232931727 0.39444444444444443 0.7429718875502008 0.4 0.7429718875502008 0.4111111111111111 0.751004016064257 0.42777777777777776 0.751004016064257 0.4444444444444444 0.7469879518072289 0.4444444444444444 0.7429718875502008 0.45 0.7389558232931727 0.45 0.7269076305220884 0.46111111111111114 0.714859437751004 0.46111111111111114 0.7108433734939759 0.4666666666666667 0.7068273092369478 0.4666666666666667 0.6947791164658634 0.4777777777777778 0.6867469879518072 0.4777777777777778 0.6827309236947792 0.48333333333333334 0.6746987951807228 0.48333333333333334 0.6706827309236948 0.4888888888888889 0.6666666666666666 0.4888888888888889 0.6626506024096386 0.49444444444444446 0.6586345381526104 0.49444444444444446 0.6546184738955824 0.5 0.6546184738955824 0.5055555555555555 0.642570281124498 0.5222222222222223 0.6385542168674698 0.5222222222222223 0.6345381526104418 0.5166666666666667 0.6345381526104418 0.5055555555555555 0.6385542168674698 0.5 0.6385542168674698 0.4722222222222222 0.6265060240963856 0.45555555555555555 0.6224899598393574 0.45555555555555555 0.6144578313253012 0.4444444444444444 0.6144578313253012 0.4388888888888889 0.6224899598393574 0.42777777777777776 0.6224899598393574 0.4111111111111111 0.6265060240963856 0.40555555555555556 0.6224899598393574 0.4 0.6224899598393574 0.39444444444444443 0.6024096385542169 0.36666666666666664 0.5983935742971888 0.36666666666666664 0.5903614457831325 0.35555555555555557 0.5863453815261044 0.35555555555555557 0.5742971887550201 0.3388888888888889 0.5742971887550201 0.3333333333333333 0.5823293172690763 0.32222222222222224 0.5943775100401606 0.32222222222222224
19 0.30120481927710846 0.13333333333333333 0.30522088353413657 0.1388888888888889 0.3092369477911647 0.1388888888888889 0.3132530120481928 0.14444444444444443 0.3172690763052209 0.14444444444444443 0.321285140562249 0.15 0.3253012048192771 0.15 0.3293172690763052 0.15555555555555556 0.3373493975903614 0.15555555555555556 0.3493975903614458 0.16666666666666666 0.357429718875502 0.16666666666666666 0.3614457831325301 0.17222222222222222 0.3654618473895582 0.17222222222222222 0.36947791164658633 0.17777777777777778 0.37349397590361444 0.17777777777777778 0.37751004016064255 0.18333333333333332 0.3815261044176707 0.18333333333333332 0.3855421686746988 0.18888888888888888 0.3855421686746988 0.2 0.3815261044176707 0.20555555555555555 0.3815261044176707 0.21666666666666667 0.37751004016064255 0.2222222222222222 0.37751004016064255 0.22777777777777777 0.36947791164658633 0.2388888888888889 0.36947791164658633 0.24444444444444444 0.3654618473895582 0.25 0.3654618473895582 0.25555555555555554 0.3614457831325301 0.2611111111111111 0.3614457831325301 0.26666666666666666 0.357429718875502 0.2722222222222222 0.357429718875502 0.2777777777777778 0.3534136546184739 0.2833333333333333 0.3534136546184739 0.28888888888888886 0.3493975903614458 0.29444444444444445 0.3493975903614458 0.3 0.3453815261044177 0.3055555555555556 0.3453815261044177 0.3111111111111111 0.3413654618473896 0.31666666666666665 0.3413654618473896 0.32222222222222224 0.3333333333333333 0.3333333333333333 0.3293172690763052 0.3333333333333333 0.3253012048192771 0.3388888888888889 0.321285140562249 0.3388888888888889 0.3092369477911647 0.35 0.2971887550200803 0.35 0.2931726907630522 0.35555555555555557 0.285140562248996 0.35555555555555557 0.28112449799196787 0.3611111111111111 0.27309236947791166 0.3611111111111111 0.26907630522088355 0.36666666666666664 0.26104417670682734 0.36666666666666664 0.2570281124497992 0.37222222222222223 0.23694779116465864 0.37222222222222223 0.24096385542168675 0.36666666666666664 0.24096385542168675 0.3611111111111111 0.23293172690763053 0.35 0.23694779116465864 0.34444444444444444 0.23694779116465864 0.3388888888888889 0.2248995983935743 0.32222222222222224 0.2248995983935743 0.3055555555555556 0.2289156626506024 0.3 0.2289156626506024 0.29444444444444445 0.23694779116465864 0.2833333333333333 0.23694779116465864 0.2777777777777778 0.24096385542168675 0.2722222222222222 0.24096385542168675 0.2611111111111111 0.24899598393574296 0.25 0.24899598393574296 0.24444444444444444 0.25301204819277107 0.2388888888888889 0.25301204819277107 0.23333333333333334 0.2570281124497992 0.22777777777777777 0.2570281124497992 0.2222222222222222 0.26104417670682734 0.21666666666666667 0.26104417670682734 0.2111111111111111 0.26506024096385544 0.20555555555555555 0.26506024096385544 0.2 0.26907630522088355 0.19444444444444445 0.26907630522088355 0.18888888888888888 0.27309236947791166 0.18333333333333332 0.27309236947791166 0.17777777777777778 0.27710843373493976 0.17222222222222222 0.27710843373493976 0.16666666666666666 0.285140562248996 0.15 0.285140562248996 0.14444444444444443 0.2931726907630522 0.13333333333333333 0.2971887550200803 0.13333333333333333
19 0.3855421686746988 0.32222222222222224 0.3895582329317269 0.3277777777777778 0.3895582329317269 0.3388888888888889 0.39357429718875503 0.34444444444444444 0.39357429718875503 0.35 0.39759036144578314 0.35555555555555557 0.39759036144578314 0.36666666666666664 0.40160642570281124 0.37222222222222223 0.39759036144578314 0.37777777777777777 0.3855421686746988 0.37777777777777777 0.3815261044176707 0.38333333333333336 0.37349397590361444 0.38333333333333336 0.36947791164658633 0.3888888888888889 0.3654618473895582 0.3888888888888889 0.357429718875502 0.4 0.3534136546184739 0.4 0.3413654618473896 0.4166666666666667 0.3373493975903614 0.4166666666666667 0.3253012048192771 0.43333333333333335 0.3172690763052209 0.43333333333333335 0.30522088353413657 0.4444444444444444 0.2971887550200803 0.4444444444444444 0.2931726907630522 0.45 0.2891566265060241 0.45 0.27710843373493976 0.46111111111111114 0.24899598393574296 0.46111111111111114 0.24497991967871485 0.45555555555555555 0.22088353413654618 0.45555555555555555 0.21686746987951808 0.45 0.21285140562248997 0.45 0.21285140562248997 0.4388888888888889 0.20883534136546184 0.43333333333333335 0.20883534136546184 0.4111111111111111 0.21285140562248997 0.4111111111111111 0.2248995983935743 0.4 0.23293172690763053 0.4 0.24096385542168675 0.3888888888888889 0.24497991967871485 0.3888888888888889 0.2570281124497992 0.37777777777777777 0.26506024096385544 0.37777777777777777 0.26907630522088355 0.37222222222222223 0.27710843373493976 0.37222222222222223 0.28112449799196787 0.36666666666666664 0.2891566265060241 0.36666666666666664 0.30120481927710846 0.35555555555555557 0.3132530120481928 0.35555555555555557 0.3172690763052209 0.35 0.321285140562249 0.35 0.3333333333333333 0.3388888888888889 0.3453815261044177 0.3388888888888889 0.3493975903614458 0.3333333333333333 0.3534136546184739 0.3333333333333333 0.357429718875502 0.3277777777777778 0.3654618473895582 0.3277777777777778 0.36947791164658633 0.32222222222222224 0.3815261044176707 0.32222222222222224
19 0.6184738955823293 0.35 0.6224899598393574 0.35555555555555557 0.6385542168674698 0.35555555555555557 0.642570281124498 0.3611111111111111 0.6506024096385542 0.3611111111111111 0.6586345381526104 0.37222222222222223 0.6626506024096386 0.37222222222222223 0.6666666666666666 0.37777777777777777 0.678714859437751 0.37777777777777777 0.6867469879518072 0.3888888888888889 0.6907630522088354 0.3888888888888889 0.6907630522088354 0.4 0.6867469879518072 0.40555555555555556 0.6867469879518072 0.4222222222222222 0.6827309236947792 0.4222222222222222 0.6746987951807228 0.4388888888888889 0.678714859437751 0.4444444444444444 0.678714859437751 0.45555555555555555 0.6746987951807228 0.46111111111111114 0.6746987951807228 0.4777777777777778 0.6706827309236948 0.4777777777777778 0.6666666666666666 0.48333333333333334 0.6666666666666666 0.4888888888888889 0.6626506024096386 0.4888888888888889 0.6546184738955824 0.5 0.6546184738955824 0.5055555555555555 0.642570281124498 0.5222222222222223 0.6385542168674698 0.5166666666666667 0.6345381526104418 0.5166666666666667 0.6345381526104418 0.5 0.6385542168674698 0.49444444444444446 0.6385542168674698 0.4722222222222222 0.6265060240963856 0.45555555555555555 0.6224899598393574 0.45555555555555555 0.6144578313253012 0.4444444444444444 0.6184738955823293 0.4388888888888889 0.6184738955823293 0.43333333333333335 0.6224899598393574 0.42777777777777776 0.6224899598393574 0.4166666666666667 0.6265060240963856 0.4111111111111111 0.6265060240963856 0.4 0.6184738955823293 0.3888888888888889 0.6184738955823293 0.38333333333333336 0.6144578313253012 0.37777777777777777 0.6144578313253012 0.35555555555555557
19 0.7188755020080321 0.3111111111111111 0.7269076305220884 0.3277777777777778 0.7269076305220884 0.34444444444444444 0.7309236947791165 0.35 0.7309236947791165 0.3611111111111111 0.7349397590361446 0.36666666666666664 0.7349397590361446 0.37222222222222223 0.7429718875502008 0.3888888888888889 0.7429718875502008 0.4 0.7469879518072289 0.40555555555555556 0.7469879518072289 0.4166666666666667 0.751004016064257 0.4222222222222222 0.751004016064257 0.4444444444444444 0.7469879518072289 0.45 0.7389558232931727 0.45 0.7349397590361446 0.45555555555555555 0.7309236947791165 0.45555555555555555 0.7188755020080321 0.4666666666666667 0.7108433734939759 0.4666666666666667 0.7068273092369478 0.4722222222222222 0.6987951807228916 0.4722222222222222 0.6947791164658634 0.4777777777777778 0.6867469879518072 0.4777777777777778 0.6746987951807228 0.4888888888888889 0.6586345381526104 0.4888888888888889 0.6586345381526104 0.48333333333333334 0.6626506024096386 0.4777777777777778 0.6626506024096386 0.4722222222222222 0.6706827309236948 0.46111111111111114 0.6706827309236948 0.45 0.6746987951807228 0.4444444444444444 0.6746987951807228 0.43333333333333335 0.678714859437751 0.42777777777777776 0.678714859437751 0.4166666666666667 0.6867469879518072 0.40555555555555556 0.6867469879518072 0.39444444444444443 0.6827309236947792 0.3888888888888889 0.678714859437751 0.3888888888888889 0.6706827309236948 0.37777777777777777 0.6626506024096386 0.37777777777777777 0.6546184738955824 0.36666666666666664 0.6506024096385542 0.36666666666666664 0.6465863453815262 0.3611111111111111 0.6385542168674698 0.3611111111111111 0.6345381526104418 0.35555555555555557 0.6385542168674698 0.35555555555555557 0.642570281124498 0.35 0.6506024096385542 0.35 0.6546184738955824 0.34444444444444444 0.6586345381526104 0.34444444444444444 0.6626506024096386 0.3388888888888889 0.6626506024096386 0.3333333333333333 0.678714859437751 0.3333333333333333 0.6907630522088354 0.31666666666666665 0.714859437751004 0.31666666666666665
19 0.30120481927710846 0.6444444444444445 0.30522088353413657 0.65 0.321285140562249 0.65 0.3253012048192771 0.6555555555555556 0.3614457831325301 0.6555555555555556 0.3654618473895582 0.65 0.37751004016064255 0.65 0.3815261044176707 0.6555555555555556 0.3815261044176707 0.6722222222222223 0.37751004016064255 0.6777777777777778 0.37751004016064255 0.6888888888888889 0.3815261044176707 0.6944444444444444 0.36947791164658633 0.7111111111111111 0.3534136546184739 0.7111111111111111 0.3493975903614458 0.7055555555555556 0.3413654618473896 0.7055555555555556 0.3373493975903614 0.7 0.3253012048192771 0.7 0.321285140562249 0.6944444444444444 0.3132530120481928 0.6944444444444444 0.3092369477911647 0.6888888888888889 0.30120481927710846 0.6888888888888889 0.2971887550200803 0.6833333333333333 0.2931726907630522 0.6833333333333333 0.2891566265060241 0.6777777777777778 0.2891566265060241 0.6722222222222223 0.285140562248996 0.6666666666666666 0.285140562248996 0.6611111111111111 0.2891566265060241 0.6555555555555556 0.2891566265060241 0.65 0.2931726907630522 0.6444444444444445 0.2971887550200803 0.6444444444444445
19 0.42168674698795183 0.38333333333333336 0.42570281124497994 0.3888888888888889 0.42971887550200805 0.3888888888888889 0.43373493975903615 0.39444444444444443 0.43775100401606426 0.39444444444444443 0.46586345381526106 0.43333333333333335 0.46586345381526106 0.4388888888888889 0.46184738955823296 0.4388888888888889 0.4538152610441767 0.45 0.43775100401606426 0.45 0.43373493975903615 0.45555555555555555 0.43373493975903615 0.4444444444444444 0.42971887550200805 0.4388888888888889 0.42971887550200805 0.42777777777777776 0.42168674698795183 0.4166666666666667 0.42168674698795183 0.40555555555555556 0.41365461847389556 0.39444444444444443 0.41365461847389556 0.3888888888888889 0.41767068273092367 0.3888888888888889
19 0.6024096385542169 0.45555555555555555 0.6144578313253012 0.45555555555555555 0.6224899598393574 0.4666666666666667 0.6305220883534136 0.4666666666666667 0.6305220883534136 0.4722222222222222 0.6345381526104418 0.4777777777777778 0.6345381526104418 0.49444444444444446 0.6305220883534136 0.5 0.6305220883534136 0.5166666666666667 0.6265060240963856 0.5222222222222223 0.6265060240963856 0.5277777777777778 0.6184738955823293 0.5388888888888889 0.6184738955823293 0.5444444444444444 0.6104417670682731 0.5611111111111111 0.6104417670682731 0.5722222222222222 0.606425702811245 0.5777777777777777 0.606425702811245 0.5833333333333334 0.5983935742971888 0.5944444444444444 0.5983935742971888 0.6 0.5903614457831325 0.6166666666666667 0.5823293172690763 0.6166666666666667 0.5783132530120482 0.6222222222222222 0.5742971887550201 0.6222222222222222 0.570281124497992 0.6166666666666667 0.5662650602409639 0.6166666666666667 0.5622489959839357 0.6111111111111112 0.5582329317269076 0.6111111111111112 0.5542168674698795 0.6055555555555555 0.5502008032128514 0.6055555555555555 0.5381526104417671 0.5888888888888889 0.5381526104417671 0.5777777777777777 0.5341365461847389 0.5722222222222222 0.5341365461847389 0.55 0.5301204819277109 0.5444444444444444 0.5301204819277109 0.5222222222222223 0.5341365461847389 0.5166666666666667 0.5421686746987951 0.5166666666666667 0.5461847389558233 0.5222222222222223 0.5622489959839357 0.5222222222222223 0.5662650602409639 0.5166666666666667 0.570281124497992 0.5166666666666667 0.5783132530120482 0.5055555555555555 0.5783132530120482 0.5 0.5943775100401606 0.4777777777777778 0.5943775100401606 0.4722222222222222 0.6024096385542169 0.46111111111111114
19 0.5983935742971888 0.32222222222222224 0.6024096385542169 0.3277777777777778 0.606425702811245 0.3277777777777778 0.6104417670682731 0.3333333333333333 0.6104417670682731 0.3388888888888889 0.6184738955823293 0.35 0.6224899598393574 0.35 0.6265060240963856 0.35555555555555557 0.642570281124498 0.35555555555555557 0.6465863453815262 0.3611111111111111 0.6506024096385542 0.3611111111111111 0.6586345381526104 0.37222222222222223 0.6626506024096386 0.37222222222222223 0.6666666666666666 0.37777777777777777 0.6746987951807228 0.37777777777777777 0.6867469879518072 0.39444444444444443 0.6827309236947792 0.4 0.6867469879518072 0.40555555555555556 0.678714859437751 0.4166666666666667 0.678714859437751 0.42777777777777776 0.6746987951807228 0.43333333333333335 0.6746987951807228 0.4666666666666667 0.6586345381526104 0.4888888888888889 0.6586345381526104 0.49444444444444446 0.6546184738955824 0.5 0.6546184738955824 0.5055555555555555 0.642570281124498 0.5222222222222223 0.6385542168674698 0.5222222222222223 0.6345381526104418 0.5166666666666667 0.6345381526104418 0.5 0.6385542168674698 0.49444444444444446 0.6385542168674698 0.4777777777777778 0.6345381526104418 0.4722222222222222 0.6345381526104418 0.4666666666666667 0.6305220883534136 0.46111111111111114 0.6265060240963856 0.46111111111111114 0.6184738955823293 0.45 0.6144578313253012 0.45 0.6144578313253012 0.4388888888888889 0.6224899598393574 0.42777777777777776 0.6224899598393574 0.39444444444444443 0.606425702811245 0.37222222222222223 0.6024096385542169 0.37222222222222223 0.5943775100401606 0.3611111111111111 0.5903614457831325 0.3611111111111111 0.5783132530120482 0.34444444444444444 0.5742971887550201 0.34444444444444444 0.5742971887550201 0.3333333333333333 0.5823293172690763 0.32222222222222224 0.5943775100401606 0.32222222222222224
19 0.357429718875502 0.2833333333333333 0.357429718875502 0.29444444444444445 0.36947791164658633 0.3111111111111111 0.3815261044176707 0.3111111111111111 0.37349397590361444 0.3111111111111111 0.3654618473895582 0.32222222222222224 0.3614457831325301 0.32222222222222224 0.357429718875502 0.3277777777777778 0.3453815261044177 0.3277777777777778 0.3453815261044177 0.31666666666666665 0.3493975903614458 0.3111111111111111 0.3493975903614458 0.3055555555555556 0.357429718875502 0.28888888888888886