19 0.7850467289719626 0.5338983050847458 0.7990654205607477 0.5466101694915254 0.8037383177570093 0.5466101694915254 0.8177570093457944 0.559322033898305 0.822429906542056 0.559322033898305 0.8271028037383178 0.5635593220338984 0.8364485981308412 0.5635593220338984 0.8457943925233645 0.5720338983050848 0.8504672897196262 0.5720338983050848 0.8598130841121495 0.5805084745762712 0.8598130841121495 0.597457627118644 0.8551401869158879 0.6016949152542372 0.8130841121495327 0.6016949152542372 0.8084112149532711 0.597457627118644 0.7990654205607477 0.597457627118644 0.794392523364486 0.6016949152542372 0.7850467289719626 0.6016949152542372 0.780373831775701 0.6059322033898306 0.780373831775701 0.614406779661017 0.7710280373831776 0.6228813559322034 0.7710280373831776 0.6271186440677966 0.7663551401869159 0.6271186440677966 0.7570093457943925 0.635593220338983 0.7570093457943925 0.6440677966101694 0.7616822429906542 0.6483050847457628 0.7616822429906542 0.6567796610169492 0.7663551401869159 0.6610169491525424 0.7663551401869159 0.6779661016949152 0.7616822429906542 0.6779661016949152 0.7570093457943925 0.673728813559322 0.7383177570093458 0.673728813559322 0.7336448598130841 0.6779661016949152 0.7242990654205608 0.6694915254237288 0.719626168224299 0.6694915254237288 0.7149532710280374 0.6652542372881356 0.7149532710280374 0.6610169491525424 0.705607476635514 0.652542372881356 0.705607476635514 0.6483050847457628 0.7009345794392523 0.6440677966101694 0.6869158878504673 0.6398305084745762 0.6869158878504673 0.614406779661017 0.6915887850467289 0.6101694915254238 0.6915887850467289 0.6016949152542372 0.6869158878504673 0.597457627118644 0.6869158878504673 0.5805084745762712 0.6962616822429907 0.5720338983050848 0.6962616822429907 0.5677966101694916 0.6915887850467289 0.5635593220338984 0.6962616822429907 0.559322033898305 0.6962616822429907 0.5508474576271186 0.7009345794392523 0.5550847457627118 0.705607476635514 0.5508474576271186 0.705607476635514 0.538135593220339 0.7102803738317757 0.5338983050847458 0.7102803738317757 0.5296610169491526 0.719626168224299 0.5169491525423728 0.7336448598130841 0.5169491525423728 0.7383177570093458 0.5211864406779662 0.7570093457943925 0.5211864406779662 0.7616822429906542 0.5254237288135594 0.7710280373831776 0.5254237288135594 0.780373831775701 0.5338983050847458
19 0.48598130841121495 0.5508474576271186 0.49065420560747663 0.5550847457627118 0.5 0.5550847457627118 0.5 0.559322033898305 0.5046728971962616 0.5635593220338984 0.5046728971962616 0.5720338983050848 0.5093457943925234 0.576271186440678 0.5093457943925234 0.5805084745762712 0.5186915887850467 0.5889830508474576 0.5186915887850467 0.6440677966101694 0.514018691588785 0.6483050847457628 0.514018691588785 0.6822033898305084 0.5093457943925234 0.6822033898305084 0.4953271028037383 0.690677966101695 0.4672897196261682 0.690677966101695 0.46261682242990654 0.6864406779661016 0.4439252336448598 0.6864406779661016 0.4439252336448598 0.6779661016949152 0.4392523364485981 0.673728813559322 0.4392523364485981 0.6610169491525424 0.4158878504672897 0.6440677966101694 0.4158878504672897 0.6313559322033898 0.411214953271028 0.6271186440677966 0.411214953271028 0.614406779661017 0.4158878504672897 0.6101694915254238 0.4158878504672897 0.5932203389830508 0.4205607476635514 0.5932203389830508 0.4252336448598131 0.5889830508474576 0.43457943925233644 0.5889830508474576 0.4439252336448598 0.5805084745762712 0.4485981308411215 0.5805084745762712 0.4766355140186916 0.5550847457627118 0.48130841121495327 0.5550847457627118
19 0.8317757009345794 0.7796610169491526 0.8364485981308412 0.7838983050847458 0.8411214953271028 0.7838983050847458 0.8504672897196262 0.7923728813559322 0.8551401869158879 0.8050847457627118 0.8785046728971962 0.826271186440678 0.8785046728971962 0.8305084745762712 0.8878504672897196 0.8389830508474576 0.8878504672897196 0.8601694915254238 0.883177570093458 0.864406779661017 0.8785046728971962 0.864406779661017 0.8644859813084113 0.8771186440677966 0.8598130841121495 0.8771186440677966 0.8457943925233645 0.8898305084745762 0.8411214953271028 0.8898305084745762 0.822429906542056 0.9067796610169492 0.8130841121495327 0.9067796610169492 0.8084112149532711 0.9110169491525424 0.794392523364486 0.9152542372881356 0.7850467289719626 0.923728813559322 0.780373831775701 0.923728813559322 0.7710280373831776 0.9322033898305084 0.7570093457943925 0.9364406779661016 0.7476635514018691 0.9449152542372882 0.7429906542056075 0.9449152542372882 0.7383177570093458 0.9491525423728814 0.7336448598130841 0.9491525423728814 0.7289719626168224 0.9533898305084746 0.7149532710280374 0.9576271186440678 0.7009345794392523 0.9703389830508474 0.6822429906542056 0.9703389830508474 0.6728971962616822 0.961864406779661 0.6682242990654206 0.9491525423728814 0.6588785046728972 0.940677966101695 0.6588785046728972 0.9364406779661016 0.6495327102803738 0.9279661016949152 0.6495327102803738 0.923728813559322 0.6401869158878505 0.9152542372881356 0.6401869158878505 0.9110169491525424 0.6308411214953271 0.8983050847457628 0.6355140186915887 0.885593220338983 0.6401869158878505 0.885593220338983 0.6448598130841121 0.8813559322033898 0.6542056074766355 0.8813559322033898 0.6728971962616822 0.864406779661017 0.6728971962616822 0.8601694915254238 0.677570093457944 0.8559322033898306 0.6915887850467289 0.8516949152542372 0.7009345794392523 0.8432203389830508 0.705607476635514 0.8432203389830508 0.7149532710280374 0.8347457627118644 0.719626168224299 0.8347457627118644 0.7289719626168224 0.826271186440678 0.7336448598130841 0.826271186440678 0.7570093457943925 0.8050847457627118 0.7616822429906542 0.8050847457627118 0.7757009345794392 0.7923728813559322 0.780373831775701 0.7923728813559322 0.794392523364486 0.7838983050847458 0.8037383177570093 0.7838983050847458 0.8177570093457944 0.7754237288135594 0.822429906542056 0.7754237288135594 0.8271028037383178 0.7796610169491526
19 0.9018691588785047 0.690677966101695 0.9158878504672897 0.7033898305084746 0.9158878504672897 0.7076271186440678 0.9299065420560748 0.7203389830508474 0.9299065420560748 0.7288135593220338 0.9345794392523364 0.7330508474576272 0.9345794392523364 0.7627118644067796 0.9112149532710281 0.7627118644067796 0.9065420560747663 0.7669491525423728 0.8925233644859814 0.7669491525423728 0.8878504672897196 0.7711864406779662 0.883177570093458 0.7669491525423728 0.883177570093458 0.7627118644067796 0.8738317757009346 0.7542372881355932 0.8644859813084113 0.7542372881355932 0.8598130841121495 0.75 0.8457943925233645 0.75 0.8411214953271028 0.7542372881355932 0.8317757009345794 0.7542372881355932 0.8177570093457944 0.7669491525423728 0.8130841121495327 0.7669491525423728 0.8037383177570093 0.7754237288135594 0.7757009345794392 0.7754237288135594 0.7710280373831776 0.7796610169491526 0.7336448598130841 0.7796610169491526 0.7149532710280374 0.7627118644067796 0.7009345794392523 0.7627118644067796 0.6962616822429907 0.7584745762711864 0.6962616822429907 0.7542372881355932 0.6869158878504673 0.7415254237288136 0.6869158878504673 0.7330508474576272 0.6822429906542056 0.7288135593220338 0.6822429906542056 0.7245762711864406 0.6869158878504673 0.7245762711864406 0.6915887850467289 0.7203389830508474 0.7009345794392523 0.7203389830508474 0.705607476635514 0.7161016949152542 0.719626168224299 0.711864406779661 0.7289719626168224 0.7033898305084746 0.7476635514018691 0.7033898305084746 0.7523364485981309 0.6991525423728814 0.7663551401869159 0.6991525423728814 0.7710280373831776 0.6949152542372882 0.780373831775701 0.6949152542372882 0.7850467289719626 0.690677966101695 0.8130841121495327 0.690677966101695 0.8177570093457944 0.6864406779661016 0.8598130841121495 0.6864406779661016 0.8644859813084113 0.6822033898305084 0.8785046728971962 0.6822033898305084 0.883177570093458 0.6864406779661016 0.8925233644859814 0.6864406779661016 0.897196261682243 0.690677966101695
19 0.514018691588785 0.538135593220339 0.5233644859813084 0.538135593220339 0.5327102803738317 0.5466101694915254 0.5373831775700935 0.5466101694915254 0.5420560747663551 0.5508474576271186 0.5560747663551402 0.5508474576271186 0.5607476635514018 0.5550847457627118 0.5654205607476636 0.5550847457627118 0.5747663551401869 0.5635593220338984 0.5841121495327103 0.5635593220338984 0.5887850467289719 0.5677966101694916 0.5981308411214953 0.5677966101694916 0.602803738317757 0.5720338983050848 0.6074766355140186 0.5720338983050848 0.6121495327102804 0.576271186440678 0.616822429906542 0.576271186440678 0.6214953271028038 0.5805084745762712 0.6261682242990654 0.5805084745762712 0.6401869158878505 0.5889830508474576 0.6542056074766355 0.5889830508474576 0.6682242990654206 0.6016949152542372 0.6728971962616822 0.6016949152542372 0.677570093457944 0.6059322033898306 0.677570093457944 0.6186440677966102 0.6728971962616822 0.6186440677966102 0.6682242990654206 0.6228813559322034 0.6401869158878505 0.6228813559322034 0.6261682242990654 0.614406779661017 0.6121495327102804 0.614406779661017 0.6074766355140186 0.6101694915254238 0.5887850467289719 0.6101694915254238 0.5841121495327103 0.6059322033898306 0.5747663551401869 0.6059322033898306 0.5700934579439252 0.6016949152542372 0.5607476635514018 0.6016949152542372 0.5560747663551402 0.597457627118644 0.5514018691588785 0.597457627118644 0.5467289719626168 0.5932203389830508 0.5327102803738317 0.5889830508474576 0.5233644859813084 0.5805084745762712 0.5233644859813084 0.576271186440678 0.514018691588785 0.5635593220338984 0.514018691588785 0.5550847457627118 0.5093457943925234 0.5508474576271186 0.5093457943925234 0.5466101694915254 0.514018691588785 0.5423728813559322
19 0.2616822429906542 0.3855932203389831 0.26635514018691586 0.3898305084745763 0.2757009345794392 0.3898305084745763 0.2803738317757009 0.3940677966101695 0.2897196261682243 0.3940677966101695 0.29439252336448596 0.3983050847457627 0.2897196261682243 0.4025423728813559 0.2897196261682243 0.4067796610169492 0.2850467289719626 0.4067796610169492 0.2616822429906542 0.4279661016949153 0.2523364485981308 0.4279661016949153 0.2383177570093458 0.4364406779661017 0.21495327102803738 0.4364406779661017 0.2102803738317757 0.4322033898305085 0.20093457943925233 0.4322033898305085 0.19626168224299065 0.4279661016949153 0.18691588785046728 0.4279661016949153 0.18691588785046728 0.4110169491525424 0.19158878504672897 0.4067796610169492 0.19158878504672897 0.3983050847457627 0.20093457943925233 0.3983050847457627 0.205607476635514 0.3940677966101695 0.21495327102803738 0.3940677966101695 0.21962616822429906 0.3898305084745763 0.24299065420560748 0.3898305084745763 0.24766355140186916 0.3940677966101695 0.2523364485981308 0.3940677966101695 0.2570093457943925 0.3898305084745763
19 0.17289719626168223 0.5423728813559322 0.19626168224299065 0.5423728813559322 0.20093457943925233 0.5466101694915254 0.205607476635514 0.5466101694915254 0.2102803738317757 0.5508474576271186 0.21495327102803738 0.5508474576271186 0.22897196261682243 0.559322033898305 0.24299065420560748 0.559322033898305 0.24766355140186916 0.5635593220338984 0.2523364485981308 0.5635593220338984 0.2523364485981308 0.6313559322033898 0.24766355140186916 0.635593220338983 0.24766355140186916 0.6440677966101694 0.24299065420560748 0.6483050847457628 0.24299065420560748 0.6694915254237288 0.2383177570093458 0.673728813559322 0.2383177570093458 0.6779661016949152 0.2336448598130841 0.6779661016949152 0.22897196261682243 0.673728813559322 0.22429906542056074 0.673728813559322 0.2102803738317757 0.6610169491525424 0.205607476635514 0.6610169491525424 0.18691588785046728 0.6440677966101694 0.1822429906542056 0.6440677966101694 0.14953271028037382 0.614406779661017 0.14953271028037382 0.6059322033898306 0.1542056074766355 0.6016949152542372 0.1542056074766355 0.5932203389830508 0.1588785046728972 0.5889830508474576 0.1588785046728972 0.5805084745762712 0.16355140186915887 0.576271186440678 0.16355140186915887 0.5677966101694916 0.16822429906542055 0.5635593220338984 0.16822429906542055 0.5508474576271186 0.17289719626168223 0.5466101694915254
19 0.2850467289719626 0.4364406779661017 0.2897196261682243 0.4406779661016949 0.308411214953271 0.4406779661016949 0.3130841121495327 0.4449152542372881 0.3317757009345794 0.4449152542372881 0.3364485981308411 0.4491525423728814 0.3411214953271028 0.4491525423728814 0.34579439252336447 0.4533898305084746 0.34579439252336447 0.4661016949152542 0.3317757009345794 0.4788135593220339 0.3317757009345794 0.4872881355932203 0.32242990654205606 0.4957627118644068 0.32242990654205606 0.5 0.3177570093457944 0.5042372881355932 0.3037383177570093 0.5084745762711864 0.29439252336448596 0.5169491525423728 0.29439252336448596 0.5211864406779662 0.2757009345794392 0.538135593220339 0.2757009345794392 0.5423728813559322 0.26635514018691586 0.5550847457627118 0.24299065420560748 0.5550847457627118 0.2383177570093458 0.5508474576271186 0.21962616822429906 0.5508474576271186 0.2102803738317757 0.5423728813559322 0.20093457943925233 0.5423728813559322 0.19626168224299065 0.538135593220339 0.18691588785046728 0.538135593220339 0.1822429906542056 0.5338983050847458 0.17757009345794392 0.5338983050847458 0.17757009345794392 0.5 0.1822429906542056 0.4957627118644068 0.1822429906542056 0.4872881355932203 0.19626168224299065 0.4745762711864407 0.19626168224299065 0.4703389830508475 0.2102803738317757 0.4576271186440678 0.21495327102803738 0.4576271186440678 0.22897196261682243 0.4449152542372881 0.2336448598130841 0.4449152542372881 0.24299065420560748 0.4364406779661017 0.2570093457943925 0.4364406779661017 0.2616822429906542 0.4322033898305085 0.26635514018691586 0.4322033898305085 0.27102803738317754 0.4364406779661017 0.2803738317757009 0.4364406779661017
19 0.3878504672897196 0.6016949152542372 0.3925233644859813 0.6059322033898306 0.40654205607476634 0.6059322033898306 0.40654205607476634 0.6398305084745762 0.4158878504672897 0.6483050847457628 0.4158878504672897 0.652542372881356 0.42990654205607476 0.6610169491525424 0.42990654205607476 0.6652542372881356 0.43457943925233644 0.6694915254237288 0.43457943925233644 0.6949152542372882 0.4252336448598131 0.7033898305084746 0.40654205607476634 0.7033898305084746 0.40186915887850466 0.7076271186440678 0.38317757009345793 0.7076271186440678 0.37850467289719625 0.711864406779661 0.3691588785046729 0.711864406779661 0.3644859813084112 0.7076271186440678 0.3598130841121495 0.711864406779661 0.3411214953271028 0.711864406779661 0.32710280373831774 0.7203389830508474 0.308411214953271 0.7203389830508474 0.3037383177570093 0.7245762711864406 0.2803738317757009 0.7245762711864406 0.2757009345794392 0.7288135593220338 0.27102803738317754 0.7288135593220338 0.26635514018691586 0.7245762711864406 0.2570093457943925 0.7245762711864406 0.2523364485981308 0.7203389830508474 0.2523364485981308 0.711864406779661 0.24766355140186916 0.7076271186440678 0.24766355140186916 0.652542372881356 0.2523364485981308 0.6483050847457628 0.2523364485981308 0.6440677966101694 0.2616822429906542 0.6313559322033898 0.2616822429906542 0.6186440677966102 0.26635514018691586 0.6186440677966102 0.27102803738317754 0.614406779661017 0.29906542056074764 0.614406779661017 0.3037383177570093 0.6101694915254238 0.34579439252336447 0.6101694915254238 0.35046728971962615 0.6059322033898306 0.37383177570093457 0.6059322033898306 0.37850467289719625 0.6016949152542372 0.38317757009345793 0.6016949152542372
19 0.6401869158878505 0.4449152542372881 0.6448598130841121 0.4491525423728814 0.6495327102803738 0.4491525423728814 0.6635514018691588 0.4576271186440678 0.6728971962616822 0.4576271186440678 0.6822429906542056 0.4661016949152542 0.6869158878504673 0.4661016949152542 0.7009345794392523 0.4788135593220339 0.705607476635514 0.4788135593220339 0.705607476635514 0.4872881355932203 0.7102803738317757 0.4915254237288136 0.705607476635514 0.4957627118644068 0.705607476635514 0.5169491525423728 0.7009345794392523 0.5211864406779662 0.7009345794392523 0.5296610169491526 0.6962616822429907 0.5338983050847458 0.6915887850467289 0.5466101694915254 0.6869158878504673 0.5508474576271186 0.6869158878504673 0.559322033898305 0.6822429906542056 0.5635593220338984 0.6822429906542056 0.576271186440678 0.677570093457944 0.5805084745762712 0.677570093457944 0.5847457627118644 0.6682242990654206 0.597457627118644 0.6682242990654206 0.614406779661017 0.6635514018691588 0.6186440677966102 0.6401869158878505 0.6186440677966102 0.6355140186915887 0.614406779661017 0.6308411214953271 0.614406779661017 0.616822429906542 0.6059322033898306 0.6121495327102804 0.6101694915254238 0.6074766355140186 0.6101694915254238 0.602803738317757 0.6059322033898306 0.5841121495327103 0.6059322033898306 0.5700934579439252 0.597457627118644 0.5607476635514018 0.597457627118644 0.5560747663551402 0.5932203389830508 0.5420560747663551 0.5889830508474576 0.5233644859813084 0.5720338983050848 0.5233644859813084 0.5677966101694916 0.5186915887850467 0.5635593220338984 0.5186915887850467 0.5423728813559322 0.5233644859813084 0.538135593220339 0.5233644859813084 0.5338983050847458 0.5280373831775701 0.5296610169491526 0.5280373831775701 0.5211864406779662 0.5327102803738317 0.5169491525423728 0.5327102803738317 0.5127118644067796 0.5420560747663551 0.5 0.5420560747663551 0.4915254237288136 0.5467289719626168 0.4872881355932203 0.5467289719626168 0.4788135593220339 0.5514018691588785 0.4745762711864407 0.5514018691588785 0.4703389830508475 0.5560747663551402 0.4661016949152542 0.5607476635514018 0.4533898305084746 0.5700934579439252 0.4449152542372881 0.5747663551401869 0.4322033898305085 0.5794392523364486 0.4279661016949153 0.602803738317757 0.4279661016949153 0.602803738317757 0.4322033898305085 0.6074766355140186 0.4364406779661017 0.616822429906542 0.4364406779661017 0.6214953271028038 0.4406779661016949 0.6308411214953271 0.4406779661016949 0.6355140186915887 0.4449152542372881
19 0.8084112149532711 0.597457627118644 0.8130841121495327 0.6016949152542372 0.8271028037383178 0.6016949152542372 0.8317757009345794 0.6059322033898306 0.8644859813084113 0.6059322033898306 0.8691588785046729 0.6101694915254238 0.8738317757009346 0.6101694915254238 0.883177570093458 0.6186440677966102 0.883177570093458 0.6228813559322034 0.8878504672897196 0.6271186440677966 0.8878504672897196 0.6313559322033898 0.8925233644859814 0.635593220338983 0.8925233644859814 0.6398305084745762 0.897196261682243 0.6440677966101694 0.9018691588785047 0.6567796610169492 0.9392523364485982 0.6991525423728814 0.9392523364485982 0.7076271186440678 0.9299065420560748 0.7076271186440678 0.9018691588785047 0.6822033898305084 0.8925233644859814 0.6822033898305084 0.8878504672897196 0.6779661016949152 0.8504672897196262 0.6779661016949152 0.8457943925233645 0.6822033898305084 0.8084112149532711 0.6822033898305084 0.8037383177570093 0.6864406779661016 0.780373831775701 0.6864406779661016 0.7757009345794392 0.6822033898305084 0.7757009345794392 0.6694915254237288 0.7663551401869159 0.6610169491525424 0.7663551401869159 0.6567796610169492 0.7616822429906542 0.652542372881356 0.7616822429906542 0.6398305084745762 0.7663551401869159 0.635593220338983 0.7663551401869159 0.6271186440677966 0.7710280373831776 0.6228813559322034 0.7710280373831776 0.6186440677966102 0.780373831775701 0.6101694915254238 0.780373831775701 0.6059322033898306 0.7850467289719626 0.6016949152542372 0.794392523364486 0.6016949152542372 0.7990654205607477 0.597457627118644 0.8037383177570093 0.597457627118644
19 0.5934579439252337 0.7542372881355932 0.6074766355140186 0.7669491525423728 0.6121495327102804 0.7669491525423728 0.616822429906542 0.7796610169491526 0.6214953271028038 0.7838983050847458 0.6355140186915887 0.788135593220339 0.6355140186915887 0.7923728813559322 0.6448598130841121 0.8008474576271186 0.6495327102803738 0.8008474576271186 0.6542056074766355 0.8050847457627118 0.6588785046728972 0.8050847457627118 0.6635514018691588 0.809322033898305 0.6682242990654206 0.809322033898305 0.6728971962616822 0.8135593220338984 0.6869158878504673 0.8177966101694916 0.6869158878504673 0.8305084745762712 0.6822429906542056 0.8347457627118644 0.6822429906542056 0.8432203389830508 0.6728971962616822 0.8516949152542372 0.6682242990654206 0.8516949152542372 0.6495327102803738 0.8686440677966102 0.6355140186915887 0.8686440677966102 0.6214953271028038 0.8771186440677966 0.616822429906542 0.8771186440677966 0.602803738317757 0.864406779661017 0.5981308411214953 0.864406779661017 0.5327102803738317 0.8050847457627118 0.5280373831775701 0.8050847457627118 0.5093457943925234 0.7838983050847458 0.5093457943925234 0.7627118644067796 0.5233644859813084 0.7542372881355932 0.5327102803738317 0.7542372881355932 0.5373831775700935 0.75 0.5514018691588785 0.7457627118644068 0.5700934579439252 0.7288135593220338 0.5747663551401869 0.7288135593220338 0.5794392523364486 0.7330508474576272 0.5794392523364486 0.7415254237288136 0.5887850467289719 0.7542372881355932
19 0.411214953271028 0.5889830508474576 0.40654205607476634 0.5847457627118644 0.397196261682243 0.5847457627118644 0.38317757009345793 0.5932203389830508 0.3598130841121495 0.5932203389830508 0.34579439252336447 0.6016949152542372 0.32710280373831774 0.6016949152542372 0.32710280373831774 0.597457627118644 0.3177570093457944 0.5889830508474576 0.3177570093457944 0.5847457627118644 0.308411214953271 0.5720338983050848 0.308411214953271 0.5635593220338984 0.3177570093457944 0.5550847457627118 0.32242990654205606 0.5550847457627118 0.32710280373831774 0.5508474576271186 0.3364485981308411 0.5508474576271186 0.3411214953271028 0.5466101694915254 0.35514018691588783 0.5423728813559322 0.3598130841121495 0.538135593220339 0.3691588785046729 0.538135593220339 0.37383177570093457 0.5338983050847458 0.3878504672897196 0.5296610169491526 0.40186915887850466 0.5169491525423728 0.411214953271028 0.5169491525423728 0.4205607476635514 0.5084745762711864 0.4252336448598131 0.5084745762711864 0.42990654205607476 0.5042372881355932 0.4392523364485981 0.5042372881355932 0.4439252336448598 0.5 0.4532710280373832 0.5 0.45794392523364486 0.4957627118644068 0.5 0.4957627118644068 0.514018691588785 0.5084745762711864 0.5046728971962616 0.5338983050847458 0.5 0.538135593220339 0.4953271028037383 0.538135593220339 0.48598130841121495 0.5466101694915254 0.48130841121495327 0.5466101694915254 0.4485981308411215 0.576271186440678 0.4392523364485981 0.576271186440678 0.4252336448598131 0.5847457627118644 0.4158878504672897 0.5847457627118644
19 0.5280373831775701 0.6228813559322034 0.5327102803738317 0.6271186440677966 0.5373831775700935 0.6271186440677966 0.5514018691588785 0.6398305084745762 0.5560747663551402 0.6398305084745762 0.5607476635514018 0.6440677966101694 0.5607476635514018 0.6483050847457628 0.5700934579439252 0.6610169491525424 0.5700934579439252 0.7161016949152542 0.5654205607476636 0.7203389830508474 0.5654205607476636 0.7245762711864406 0.5467289719626168 0.7415254237288136 0.5420560747663551 0.7415254237288136 0.5327102803738317 0.75 0.5186915887850467 0.75 0.514018691588785 0.7542372881355932 0.5093457943925234 0.7542372881355932 0.4953271028037383 0.7627118644067796 0.4672897196261682 0.7627118644067796 0.46261682242990654 0.7584745762711864 0.4485981308411215 0.7584745762711864 0.4439252336448598 0.7542372881355932 0.42990654205607476 0.75 0.42990654205607476 0.7457627118644068 0.4252336448598131 0.7415254237288136 0.4252336448598131 0.7330508474576272 0.42990654205607476 0.7288135593220338 0.42990654205607476 0.7203389830508474 0.43457943925233644 0.7161016949152542 0.43457943925233644 0.7033898305084746 0.4439252336448598 0.690677966101695 0.4672897196261682 0.690677966101695 0.4719626168224299 0.6949152542372882 0.4953271028037383 0.6949152542372882 0.5 0.690677966101695 0.5093457943925234 0.690677966101695 0.5186915887850467 0.6822033898305084 0.5186915887850467 0.6610169491525424 0.5233644859813084 0.6567796610169492 0.5233644859813084 0.6271186440677966
19 0.23598130841121495 0.3199152542372881 0.08878504672897196 0.09745762711864407
19 0.5841121495327103 0.6991525423728814 0.5981308411214953 0.6949152542372882 0.6261682242990654 0.7203389830508474 0.6355140186915887 0.7203389830508474 0.6401869158878505 0.7245762711864406 0.6728971962616822 0.7245762711864406 0.677570093457944 0.7288135593220338 0.677570093457944 0.7330508474576272 0.6869158878504673 0.7457627118644068 0.6869158878504673 0.7542372881355932 0.7009345794392523 0.7669491525423728 0.7149532710280374 0.7669491525423728 0.719626168224299 0.7711864406779662 0.719626168224299 0.7754237288135594 0.7336448598130841 0.7838983050847458 0.7476635514018691 0.7838983050847458 0.7523364485981309 0.788135593220339 0.7570093457943925 0.7838983050847458 0.7616822429906542 0.7838983050847458 0.7663551401869159 0.788135593220339 0.7429906542056075 0.8050847457627118 0.7289719626168224 0.8050847457627118 0.7242990654205608 0.809322033898305 0.7149532710280374 0.809322033898305 0.7102803738317757 0.8135593220338984 0.705607476635514 0.8135593220338984 0.7009345794392523 0.809322033898305 0.677570093457944 0.809322033898305 0.6728971962616822 0.8050847457627118 0.6682242990654206 0.8050847457627118 0.6542056074766355 0.7966101694915254 0.6448598130841121 0.7966101694915254 0.6448598130841121 0.7923728813559322 0.6308411214953271 0.7796610169491526 0.6261682242990654 0.7796610169491526 0.6214953271028038 0.7754237288135594 0.6214953271028038 0.7711864406779662 0.6121495327102804 0.7627118644067796 0.6074766355140186 0.7627118644067796 0.5981308411214953 0.75 0.5934579439252337 0.75 0.5841121495327103 0.7415254237288136 0.5841121495327103 0.7288135593220338 0.5794392523364486 0.7245762711864406 0.5794392523364486 0.7076271186440678 0.5841121495327103 0.7033898305084746
19 0.5560747663551402 0.6101694915254238 0.5700934579439252 0.6101694915254238 0.5747663551401869 0.614406779661017 0.602803738317757 0.614406779661017 0.6074766355140186 0.6186440677966102 0.6214953271028038 0.6186440677966102 0.6261682242990654 0.6228813559322034 0.6308411214953271 0.6228813559322034 0.6355140186915887 0.6271186440677966 0.6448598130841121 0.6271186440677966 0.6495327102803738 0.6313559322033898 0.6542056074766355 0.6313559322033898 0.6588785046728972 0.6271186440677966 0.6728971962616822 0.6313559322033898 0.677570093457944 0.6440677966101694 0.6822429906542056 0.6483050847457628 0.6869158878504673 0.6483050847457628 0.6962616822429907 0.6567796610169492 0.7009345794392523 0.6567796610169492 0.705607476635514 0.6610169491525424 0.705607476635514 0.6694915254237288 0.7102803738317757 0.673728813559322 0.7102803738317757 0.6779661016949152 0.7242990654205608 0.690677966101695 0.7289719626168224 0.690677966101695 0.7289719626168224 0.6991525423728814 0.7242990654205608 0.7033898305084746 0.719626168224299 0.7033898305084746 0.7149532710280374 0.7076271186440678 0.7102803738317757 0.7076271186440678 0.6962616822429907 0.7161016949152542 0.677570093457944 0.7161016949152542 0.6728971962616822 0.7203389830508474 0.6448598130841121 0.7203389830508474 0.6401869158878505 0.7161016949152542 0.6308411214953271 0.7161016949152542 0.6214953271028038 0.7076271186440678 0.616822429906542 0.7076271186440678 0.616822429906542 0.7033898305084746 0.602803738317757 0.690677966101695 0.602803738317757 0.6864406779661016 0.5934579439252337 0.6779661016949152 0.5934579439252337 0.673728813559322 0.5794392523364486 0.6610169491525424 0.5794392523364486 0.6567796610169492 0.5700934579439252 0.6483050847457628 0.5700934579439252 0.6440677966101694 0.5654205607476636 0.6398305084745762 0.5654205607476636 0.635593220338983 0.5560747663551402 0.6228813559322034 0.5560747663551402 0.614406779661017
19 0.5233644859813084 0.809322033898305 0.5280373831775701 0.8135593220338984 0.5327102803738317 0.8135593220338984 0.5514018691588785 0.8305084745762712 0.5560747663551402 0.8305084745762712 0.6121495327102804 0.8813559322033898 0.616822429906542 0.8813559322033898 0.6214953271028038 0.885593220338983 0.6214953271028038 0.8940677966101694 0.6261682242990654 0.8983050847457628 0.6261682242990654 0.9067796610169492 0.6308411214953271 0.9110169491525424 0.6308411214953271 0.9364406779661016 0.6214953271028038 0.9449152542372882 0.5327102803738317 0.9449152542372882 0.5280373831775701 0.940677966101695 0.5280373831775701 0.9364406779661016 0.5233644859813084 0.9322033898305084 0.5233644859813084 0.8813559322033898 0.5186915887850467 0.8771186440677966 0.5186915887850467 0.864406779661017 0.514018691588785 0.8601694915254238 0.514018691588785 0.8135593220338984 0.5186915887850467 0.8135593220338984
19 0.602803738317757 0.4322033898305085 0.6074766355140186 0.4364406779661017 0.616822429906542 0.4364406779661017 0.6214953271028038 0.4406779661016949 0.6308411214953271 0.4406779661016949 0.6355140186915887 0.4449152542372881 0.6401869158878505 0.4449152542372881 0.6448598130841121 0.4491525423728814 0.6495327102803738 0.4491525423728814 0.6635514018691588 0.4576271186440678 0.6728971962616822 0.4576271186440678 0.6822429906542056 0.4661016949152542 0.6869158878504673 0.4661016949152542 0.6962616822429907 0.4745762711864407 0.7009345794392523 0.4745762711864407 0.705607476635514 0.4788135593220339 0.705607476635514 0.5084745762711864 0.6962616822429907 0.5211864406779662 0.6962616822429907 0.5338983050847458 0.6915887850467289 0.538135593220339 0.6869158878504673 0.5508474576271186 0.6822429906542056 0.5550847457627118 0.6822429906542056 0.559322033898305 0.6682242990654206 0.559322033898305 0.6495327102803738 0.5805084745762712 0.6308411214953271 0.5805084745762712 0.6261682242990654 0.576271186440678 0.6214953271028038 0.576271186440678 0.616822429906542 0.5720338983050848 0.6121495327102804 0.5720338983050848 0.5981308411214953 0.5635593220338984 0.5887850467289719 0.5635593220338984 0.5841121495327103 0.559322033898305 0.5747663551401869 0.559322033898305 0.5654205607476636 0.5508474576271186 0.5607476635514018 0.5508474576271186 0.5560747663551402 0.5466101694915254 0.5420560747663551 0.5466101694915254 0.5280373831775701 0.538135593220339 0.5280373831775701 0.5254237288135594 0.5327102803738317 0.5211864406779662 0.5327102803738317 0.5169491525423728 0.5420560747663551 0.5042372881355932 0.5420560747663551 0.4957627118644068 0.5467289719626168 0.4915254237288136 0.5467289719626168 0.4830508474576271 0.5514018691588785 0.4788135593220339 0.5514018691588785 0.4703389830508475 0.5560747663551402 0.4661016949152542 0.5607476635514018 0.4533898305084746 0.5700934579439252 0.4449152542372881 0.5700934579439252 0.4406779661016949 0.5794392523364486 0.4279661016949153 0.5934579439252337 0.4279661016949153 0.5981308411214953 0.4322033898305085
19 0.411214953271028 0.7245762711864406 0.4158878504672897 0.7288135593220338 0.4158878504672897 0.7372881355932204 0.4205607476635514 0.7415254237288136 0.4205607476635514 0.75 0.43457943925233644 0.7627118644067796 0.4439252336448598 0.7627118644067796 0.4485981308411215 0.7669491525423728 0.4672897196261682 0.7669491525423728 0.4719626168224299 0.7711864406779662 0.49065420560747663 0.7711864406779662 0.4953271028037383 0.7754237288135594 0.4953271028037383 0.7796610169491526 0.5 0.7838983050847458 0.5 0.8008474576271186 0.5046728971962616 0.8050847457627118 0.5046728971962616 0.809322033898305 0.5 0.8135593220338984 0.5046728971962616 0.8177966101694916 0.5 0.8220338983050848 0.5 0.8305084745762712 0.4953271028037383 0.8347457627118644 0.48598130841121495 0.8347457627118644 0.48130841121495327 0.8305084745762712 0.4532710280373832 0.8305084745762712 0.4485981308411215 0.826271186440678 0.43457943925233644 0.826271186440678 0.42990654205607476 0.8220338983050848 0.40186915887850466 0.8220338983050848 0.397196261682243 0.8177966101694916 0.38317757009345793 0.8177966101694916 0.37850467289719625 0.8135593220338984 0.3644859813084112 0.8135593220338984 0.3598130841121495 0.809322033898305 0.3317757009345794 0.809322033898305 0.32710280373831774 0.8050847457627118 0.29906542056074764 0.8050847457627118 0.29439252336448596 0.8008474576271186 0.2850467289719626 0.8008474576271186 0.2803738317757009 0.7966101694915254 0.26635514018691586 0.7966101694915254 0.2616822429906542 0.7923728813559322 0.2336448598130841 0.7923728813559322 0.22897196261682243 0.788135593220339 0.22897196261682243 0.7754237288135594 0.2336448598130841 0.7711864406779662 0.2336448598130841 0.7669491525423728 0.2383177570093458 0.7627118644067796 0.24299065420560748 0.75 0.2523364485981308 0.7415254237288136 0.2523364485981308 0.7372881355932204 0.2757009345794392 0.7372881355932204 0.2803738317757009 0.7415254237288136 0.308411214953271 0.7415254237288136 0.3130841121495327 0.7372881355932204 0.3177570093457944 0.7372881355932204 0.32710280373831774 0.7288135593220338 0.3317757009345794 0.7288135593220338 0.3364485981308411 0.7245762711864406 0.34579439252336447 0.7245762711864406 0.35046728971962615 0.7203389830508474 0.3644859813084112 0.7203389830508474 0.3691588785046729 0.7245762711864406 0.37850467289719625 0.7245762711864406 0.38317757009345793 0.7288135593220338 0.3878504672897196 0.7288135593220338 0.3925233644859813 0.7245762711864406 0.40654205607476634 0.7245762711864406