19 0.5142857142857142 0.15555555555555556 0.5183673469387755 0.16111111111111112 0.5265306122448979 0.16111111111111112 0.5428571428571428 0.18333333333333332 0.5428571428571428 0.18888888888888888 0.5510204081632653 0.2 0.5510204081632653 0.20555555555555555 0.5673469387755102 0.22777777777777777 0.5714285714285714 0.22777777777777777 0.5836734693877551 0.2388888888888889 0.5918367346938775 0.2388888888888889 0.5959183673469388 0.24444444444444444 0.5959183673469388 0.25 0.6040816326530613 0.26666666666666666 0.6040816326530613 0.2777777777777778 0.6204081632653061 0.3 0.6244897959183674 0.3 0.636734693877551 0.31666666666666665 0.6408163265306123 0.31666666666666665 0.6408163265306123 0.32222222222222224 0.6448979591836734 0.3277777777777778 0.6448979591836734 0.3388888888888889 0.6530612244897959 0.35 0.6530612244897959 0.35555555555555557 0.6612244897959184 0.36666666666666664 0.6653061224489796 0.36666666666666664 0.689795918367347 0.4 0.689795918367347 0.40555555555555556 0.6979591836734694 0.4166666666666667 0.7020408163265306 0.4166666666666667 0.710204081632653 0.42777777777777776 0.7142857142857143 0.42777777777777776 0.7224489795918367 0.4388888888888889 0.7224489795918367 0.4444444444444444 0.726530612244898 0.45 0.726530612244898 0.45555555555555555 0.763265306122449 0.5055555555555555 0.7673469387755102 0.5055555555555555 0.8 0.55 0.8 0.5555555555555556 0.8367346938775511 0.6055555555555555 0.8367346938775511 0.6166666666666667 0.8408163265306122 0.6222222222222222 0.8408163265306122 0.6611111111111111 0.8326530612244898 0.6722222222222223 0.8326530612244898 0.6777777777777778 0.8081632653061225 0.7111111111111111 0.8040816326530612 0.7111111111111111 0.7918367346938775 0.7277777777777777 0.7877551020408163 0.7277777777777777 0.7795918367346939 0.7388888888888889 0.7755102040816326 0.7388888888888889 0.7673469387755102 0.75 0.763265306122449 0.75 0.7551020408163265 0.7611111111111111 0.7510204081632653 0.7611111111111111 0.746938775510204 0.7666666666666667 0.7428571428571429 0.7666666666666667 0.7346938775510204 0.7777777777777778 0.7306122448979592 0.7777777777777778 0.7183673469387755 0.7888888888888889 0.710204081632653 0.7888888888888889 0.7061224489795919 0.7944444444444444 0.673469387755102 0.7944444444444444 0.6693877551020408 0.7888888888888889 0.6612244897959184 0.7888888888888889 0.6285714285714286 0.7444444444444445 0.6285714285714286 0.7388888888888889 0.6081632653061224 0.7111111111111111 0.6081632653061224 0.7055555555555556 0.5959183673469388 0.6888888888888889 0.5959183673469388 0.6833333333333333 0.5918367346938775 0.6777777777777778 0.5918367346938775 0.6722222222222223 0.5877551020408164 0.6666666666666666 0.5877551020408164 0.6611111111111111 0.5714285714285714 0.6388888888888888 0.5714285714285714 0.6333333333333333 0.5306122448979592 0.5777777777777777 0.5306122448979592 0.5722222222222222 0.5183673469387755 0.5555555555555556 0.5183673469387755 0.55 0.4816326530612245 0.5 0.4816326530612245 0.49444444444444446 0.46530612244897956 0.4722222222222222 0.46530612244897956 0.4666666666666667 0.46122448979591835 0.46111111111111114 0.46122448979591835 0.45555555555555555 0.45714285714285713 0.45 0.45714285714285713 0.4444444444444444 0.4530612244897959 0.4388888888888889 0.4530612244897959 0.43333333333333335 0.42857142857142855 0.4 0.42857142857142855 0.39444444444444443 0.4204081632653061 0.38333333333333336 0.4204081632653061 0.37777777777777777 0.4122448979591837 0.36666666666666664 0.4122448979591837 0.3611111111111111 0.4 0.34444444444444444 0.4 0.3388888888888889 0.39591836734693875 0.3333333333333333 0.39591836734693875 0.3277777777777778 0.39183673469387753 0.32222222222222224 0.39183673469387753 0.31666666666666665 0.3836734693877551 0.3055555555555556 0.3795918367346939 0.3055555555555556 0.3510204081632653 0.26666666666666666 0.3510204081632653 0.2611111111111111 0.3469387755102041 0.25555555555555554 0.3469387755102041 0.25 0.3510204081632653 0.24444444444444444 0.3673469387755102 0.24444444444444444 0.37142857142857144 0.25 0.3836734693877551 0.25 0.3877551020408163 0.24444444444444444 0.39183673469387753 0.24444444444444444 0.39591836734693875 0.2388888888888889 0.4 0.2388888888888889 0.40408163265306124 0.23333333333333334 0.40816326530612246 0.23333333333333334 0.4163265306122449 0.2222222222222222 0.4204081632653061 0.2222222222222222 0.42448979591836733 0.21666666666666667 0.42857142857142855 0.21666666666666667 0.4448979591836735 0.19444444444444445 0.4448979591836735 0.18888888888888888 0.4489795918367347 0.18333333333333332 0.45714285714285713 0.18333333333333332 0.46530612244897956 0.17222222222222222 0.46938775510204084 0.17222222222222222 0.47346938775510206 0.16666666666666666 0.4816326530612245 0.16666666666666666 0.4857142857142857 0.16111111111111112 0.49387755102040815 0.16111111111111112 0.49795918367346936 0.15555555555555556 0.5102040816326531 0.15555555555555556
19 0.8122448979591836 0.3333333333333333 0.8163265306122449 0.3388888888888889 0.8571428571428571 0.3388888888888889 0.8612244897959184 0.34444444444444444 0.8693877551020408 0.34444444444444444 0.8775510204081632 0.35555555555555557 0.8775510204081632 0.36666666666666664 0.8816326530612245 0.37222222222222223 0.8816326530612245 0.37777777777777777 0.8775510204081632 0.38333333333333336 0.8775510204081632 0.3888888888888889 0.8816326530612245 0.39444444444444443 0.8816326530612245 0.45555555555555555 0.8775510204081632 0.46111111111111114 0.8775510204081632 0.4777777777777778 0.8816326530612245 0.48333333333333334 0.8816326530612245 0.5055555555555555 0.8857142857142857 0.5111111111111111 0.8857142857142857 0.55 0.889795918367347 0.5555555555555556 0.889795918367347 0.5611111111111111 0.8857142857142857 0.5666666666666667 0.8857142857142857 0.5722222222222222 0.889795918367347 0.5777777777777777 0.889795918367347 0.6 0.8938775510204081 0.6055555555555555 0.8938775510204081 0.6388888888888888 0.8979591836734694 0.6444444444444445 0.8979591836734694 0.6611111111111111 0.8938775510204081 0.6666666666666666 0.8938775510204081 0.6888888888888889 0.8816326530612245 0.7055555555555556 0.8734693877551021 0.7055555555555556 0.8693877551020408 0.7111111111111111 0.8367346938775511 0.7111111111111111 0.8326530612244898 0.7166666666666667 0.8244897959183674 0.7166666666666667 0.8204081632653061 0.7111111111111111 0.8163265306122449 0.7111111111111111 0.8448979591836735 0.6722222222222223 0.8448979591836735 0.6666666666666666 0.8489795918367347 0.6611111111111111 0.8489795918367347 0.6166666666666667 0.8448979591836735 0.6111111111111112 0.8448979591836735 0.5833333333333334 0.8408163265306122 0.5777777777777777 0.8408163265306122 0.5722222222222222 0.8448979591836735 0.5777777777777777 0.8489795918367347 0.5722222222222222 0.8489795918367347 0.5666666666666667 0.8408163265306122 0.5555555555555556 0.8367346938775511 0.5611111111111111 0.8489795918367347 0.5444444444444444 0.8489795918367347 0.5222222222222223 0.8448979591836735 0.5166666666666667 0.8448979591836735 0.5055555555555555 0.8408163265306122 0.5 0.8408163265306122 0.49444444444444446 0.8448979591836735 0.4888888888888889 0.8489795918367347 0.4888888888888889 0.8571428571428571 0.4777777777777778 0.8571428571428571 0.4722222222222222 0.8612244897959184 0.4666666666666667 0.8571428571428571 0.46111111111111114 0.8571428571428571 0.45 0.8448979591836735 0.43333333333333335 0.8285714285714286 0.43333333333333335 0.8204081632653061 0.4222222222222222 0.8081632653061225 0.4222222222222222 0.8081632653061225 0.4111111111111111 0.8040816326530612 0.40555555555555556 0.8040816326530612 0.38333333333333336 0.8 0.37777777777777777 0.8 0.37222222222222223 0.7959183673469388 0.36666666666666664 0.7959183673469388 0.3611111111111111 0.7877551020408163 0.35 0.7877551020408163 0.3388888888888889 0.8081632653061225 0.3388888888888889
19 0.6816326530612244 0.15 0.6857142857142857 0.15555555555555556 0.689795918367347 0.15555555555555556 0.7020408163265306 0.17222222222222222 0.7020408163265306 0.17777777777777778 0.7061224489795919 0.18333333333333332 0.7061224489795919 0.19444444444444445 0.7142857142857143 0.20555555555555555 0.7142857142857143 0.2111111111111111 0.7183673469387755 0.21666666666666667 0.7183673469387755 0.2222222222222222 0.726530612244898 0.23333333333333334 0.726530612244898 0.2388888888888889 0.7306122448979592 0.24444444444444444 0.7306122448979592 0.25 0.7387755102040816 0.2611111111111111 0.7387755102040816 0.26666666666666666 0.746938775510204 0.2777777777777778 0.746938775510204 0.28888888888888886 0.7510204081632653 0.29444444444444445 0.7510204081632653 0.3 0.7591836734693878 0.3111111111111111 0.7591836734693878 0.31666666666666665 0.763265306122449 0.32222222222222224 0.763265306122449 0.3277777777777778 0.7714285714285715 0.3388888888888889 0.7755102040816326 0.3388888888888889 0.7795918367346939 0.34444444444444444 0.7836734693877551 0.34444444444444444 0.7959183673469388 0.3611111111111111 0.7959183673469388 0.36666666666666664 0.8040816326530612 0.37777777777777777 0.8040816326530612 0.38333333333333336 0.8 0.38333333333333336 0.7959183673469388 0.3888888888888889 0.7959183673469388 0.39444444444444443 0.8 0.4 0.8040816326530612 0.4 0.8040816326530612 0.4166666666666667 0.8081632653061225 0.4222222222222222 0.8122448979591836 0.4222222222222222 0.8204081632653061 0.43333333333333335 0.8448979591836735 0.43333333333333335 0.8489795918367347 0.4388888888888889 0.8530612244897959 0.43333333333333335 0.8571428571428571 0.4388888888888889 0.8612244897959184 0.43333333333333335 0.8653061224489796 0.43333333333333335 0.8571428571428571 0.45 0.8571428571428571 0.4722222222222222 0.8530612244897959 0.4777777777777778 0.8571428571428571 0.48333333333333334 0.8571428571428571 0.4888888888888889 0.8530612244897959 0.49444444444444446 0.8571428571428571 0.5 0.8612244897959184 0.5 0.8734693877551021 0.5111111111111111 0.8653061224489796 0.5222222222222223 0.8693877551020408 0.5277777777777778 0.8734693877551021 0.5277777777777778 0.8734693877551021 0.5666666666666667 0.8775510204081632 0.5722222222222222 0.8816326530612245 0.5722222222222222 0.8734693877551021 0.5833333333333334 0.8775510204081632 0.5888888888888889 0.8816326530612245 0.5888888888888889 0.8816326530612245 0.6 0.889795918367347 0.6166666666666667 0.889795918367347 0.6388888888888888 0.8938775510204081 0.6444444444444445 0.8938775510204081 0.6722222222222223 0.889795918367347 0.6777777777777778 0.889795918367347 0.6888888888888889 0.8816326530612245 0.7055555555555556 0.8244897959183674 0.7055555555555556 0.8244897959183674 0.7 0.8448979591836735 0.6722222222222223 0.8448979591836735 0.6666666666666666 0.8489795918367347 0.6611111111111111 0.8489795918367347 0.6166666666666667 0.8448979591836735 0.6111111111111112 0.8448979591836735 0.6055555555555555 0.8081632653061225 0.5555555555555556 0.8081632653061225 0.55 0.7795918367346939 0.5111111111111111 0.7755102040816326 0.5111111111111111 0.7755102040816326 0.5055555555555555 0.7591836734693878 0.48333333333333334 0.7551020408163265 0.48333333333333334 0.7346938775510204 0.45555555555555555 0.7346938775510204 0.45 0.7020408163265306 0.40555555555555556 0.6979591836734694 0.40555555555555556 0.6938775510204082 0.4 0.6938775510204082 0.39444444444444443 0.6653061224489796 0.35555555555555557 0.6612244897959184 0.35555555555555557 0.6612244897959184 0.35 0.6571428571428571 0.34444444444444444 0.6571428571428571 0.3388888888888889 0.6448979591836734 0.32222222222222224 0.6489795918367347 0.31666666666666665 0.6408163265306123 0.3055555555555556 0.636734693877551 0.3055555555555556 0.6285714285714286 0.29444444444444445 0.6244897959183674 0.29444444444444445 0.6244897959183674 0.28888888888888886 0.6163265306122448 0.2777777777777778 0.6163265306122448 0.2722222222222222 0.6122448979591837 0.26666666666666666 0.6122448979591837 0.25 0.6081632653061224 0.24444444444444444 0.6081632653061224 0.2388888888888889 0.6 0.22777777777777777 0.6 0.2111111111111111 0.6040816326530613 0.20555555555555555 0.6122448979591837 0.20555555555555555 0.6163265306122448 0.2 0.6163265306122448 0.19444444444444445 0.6204081632653061 0.19444444444444445 0.6244897959183674 0.18888888888888888 0.6244897959183674 0.18333333333333332 0.6285714285714286 0.17777777777777778 0.6326530612244898 0.17777777777777778 0.636734693877551 0.17222222222222222 0.6408163265306123 0.17222222222222222 0.6448979591836734 0.16666666666666666 0.6489795918367347 0.16666666666666666 0.6571428571428571 0.15555555555555556 0.6693877551020408 0.15555555555555556 0.673469387755102 0.15 0.6775510204081633 0.15
19 0.34285714285714286 0.2833333333333333 0.3551020408163265 0.3 0.35918367346938773 0.3 0.35918367346938773 0.3055555555555556 0.363265306122449 0.3111111111111111 0.3673469387755102 0.3111111111111111 0.3795918367346939 0.32222222222222224 0.3795918367346939 0.34444444444444444 0.40408163265306124 0.37777777777777777 0.40408163265306124 0.3888888888888889 0.40816326530612246 0.39444444444444443 0.40816326530612246 0.4 0.4163265306122449 0.4111111111111111 0.4163265306122449 0.4222222222222222 0.4204081632653061 0.42777777777777776 0.4204081632653061 0.43333333333333335 0.42857142857142855 0.4444444444444444 0.44081632653061226 0.4444444444444444 0.4489795918367347 0.46111111111111114 0.4489795918367347 0.4722222222222222 0.4530612244897959 0.4777777777777778 0.45714285714285713 0.4777777777777778 0.46530612244897956 0.4888888888888889 0.46938775510204084 0.4888888888888889 0.46938775510204084 0.49444444444444446 0.47346938775510206 0.5 0.47346938775510206 0.5055555555555555 0.4816326530612245 0.5166666666666667 0.4857142857142857 0.5166666666666667 0.49387755102040815 0.5333333333333333 0.49795918367346936 0.5333333333333333 0.49795918367346936 0.5388888888888889 0.5061224489795918 0.55 0.5061224489795918 0.5666666666666667 0.5102040816326531 0.5722222222222222 0.5142857142857142 0.5722222222222222 0.5183673469387755 0.5777777777777777 0.5183673469387755 0.5833333333333334 0.5306122448979592 0.5944444444444444 0.5306122448979592 0.6055555555555555 0.5346938775510204 0.6111111111111112 0.5306122448979592 0.6166666666666667 0.5306122448979592 0.6222222222222222 0.5510204081632653 0.65 0.5551020408163265 0.65 0.5591836734693878 0.6555555555555556 0.563265306122449 0.6555555555555556 0.5673469387755102 0.6611111111111111 0.5714285714285714 0.6611111111111111 0.5795918367346938 0.6722222222222223 0.5836734693877551 0.6722222222222223 0.5836734693877551 0.6944444444444444 0.5714285714285714 0.6944444444444444 0.5673469387755102 0.7 0.5591836734693878 0.7 0.5551020408163265 0.7055555555555556 0.5469387755102041 0.7055555555555556 0.5428571428571428 0.7111111111111111 0.5306122448979592 0.7111111111111111 0.5265306122448979 0.7166666666666667 0.5142857142857142 0.7166666666666667 0.5102040816326531 0.7222222222222222 0.5061224489795918 0.7222222222222222 0.49387755102040815 0.7333333333333333 0.47346938775510206 0.7333333333333333 0.46938775510204084 0.7277777777777777 0.43673469387755104 0.7277777777777777 0.4326530612244898 0.7333333333333333 0.4122448979591837 0.7333333333333333 0.40816326530612246 0.7277777777777777 0.3795918367346939 0.7277777777777777 0.37551020408163266 0.7222222222222222 0.3673469387755102 0.7222222222222222 0.35918367346938773 0.7111111111111111 0.35918367346938773 0.7055555555555556 0.3551020408163265 0.7 0.3510204081632653 0.7 0.3510204081632653 0.6888888888888889 0.33877551020408164 0.6722222222222223 0.33877551020408164 0.6666666666666666 0.31020408163265306 0.6277777777777778 0.31020408163265306 0.6222222222222222 0.2979591836734694 0.6055555555555555 0.2979591836734694 0.6 0.2897959183673469 0.5888888888888889 0.2897959183673469 0.5833333333333334 0.2816326530612245 0.5722222222222222 0.2816326530612245 0.5666666666666667 0.27755102040816326 0.5611111111111111 0.27755102040816326 0.5555555555555556 0.2693877551020408 0.5388888888888889 0.2693877551020408 0.5222222222222223 0.2653061224489796 0.5166666666666667 0.2653061224489796 0.5055555555555555 0.2612244897959184 0.5 0.2612244897959184 0.49444444444444446 0.2530612244897959 0.4777777777777778 0.2530612244897959 0.46111111111111114 0.24897959183673468 0.45555555555555555 0.24897959183673468 0.4444444444444444 0.24081632653061225 0.42777777777777776 0.24081632653061225 0.4166666666666667 0.23673469387755103 0.4111111111111111 0.23673469387755103 0.4 0.23265306122448978 0.39444444444444443 0.23265306122448978 0.3611111111111111 0.23673469387755103 0.35555555555555557 0.23673469387755103 0.35 0.24897959183673468 0.3333333333333333 0.24897959183673468 0.3277777777777778 0.2530612244897959 0.32222222222222224 0.2653061224489796 0.32222222222222224 0.27755102040816326 0.3111111111111111 0.2897959183673469 0.3111111111111111 0.2938775510204082 0.3055555555555556 0.31020408163265306 0.3055555555555556 0.3142857142857143 0.3 0.3224489795918367 0.3 0.32653061224489793 0.29444444444444445 0.3306122448979592 0.29444444444444445 0.3346938775510204 0.28888888888888886 0.33877551020408164 0.28888888888888886
19 0.6816326530612244 0.15 0.6857142857142857 0.15555555555555556 0.689795918367347 0.15555555555555556 0.7020408163265306 0.17222222222222222 0.7020408163265306 0.17777777777777778 0.7061224489795919 0.18333333333333332 0.7061224489795919 0.18888888888888888 0.710204081632653 0.19444444444444445 0.710204081632653 0.2 0.7142857142857143 0.20555555555555555 0.7142857142857143 0.2111111111111111 0.7183673469387755 0.21666666666666667 0.7183673469387755 0.2222222222222222 0.726530612244898 0.23333333333333334 0.726530612244898 0.2388888888888889 0.7346938775510204 0.25 0.7346938775510204 0.25555555555555554 0.7387755102040816 0.2611111111111111 0.7387755102040816 0.26666666666666666 0.746938775510204 0.2777777777777778 0.746938775510204 0.28888888888888886 0.7510204081632653 0.29444444444444445 0.7510204081632653 0.3 0.7591836734693878 0.3111111111111111 0.7591836734693878 0.31666666666666665 0.763265306122449 0.32222222222222224 0.763265306122449 0.3277777777777778 0.7714285714285715 0.3388888888888889 0.7795918367346939 0.3388888888888889 0.7836734693877551 0.34444444444444444 0.8 0.34444444444444444 0.8040816326530612 0.35 0.8081632653061225 0.34444444444444444 0.8367346938775511 0.34444444444444444 0.8408163265306122 0.3388888888888889 0.8448979591836735 0.34444444444444444 0.8489795918367347 0.34444444444444444 0.8530612244897959 0.3388888888888889 0.8530612244897959 0.34444444444444444 0.8612244897959184 0.35555555555555557 0.8612244897959184 0.36666666666666664 0.8571428571428571 0.37222222222222223 0.8612244897959184 0.37777777777777777 0.8612244897959184 0.38333333333333336 0.8530612244897959 0.39444444444444443 0.8571428571428571 0.4 0.8612244897959184 0.4 0.8653061224489796 0.39444444444444443 0.8693877551020408 0.4 0.8734693877551021 0.4 0.8734693877551021 0.4111111111111111 0.8775510204081632 0.4166666666666667 0.8775510204081632 0.4388888888888889 0.8693877551020408 0.45 0.8693877551020408 0.45555555555555555 0.8734693877551021 0.46111111111111114 0.8653061224489796 0.4722222222222222 0.8612244897959184 0.4722222222222222 0.8571428571428571 0.4777777777777778 0.8571428571428571 0.48333333333333334 0.8612244897959184 0.4888888888888889 0.8693877551020408 0.4888888888888889 0.8775510204081632 0.5055555555555555 0.8734693877551021 0.5111111111111111 0.8775510204081632 0.5166666666666667 0.8775510204081632 0.5277777777777778 0.8816326530612245 0.5333333333333333 0.8816326530612245 0.5666666666666667 0.8857142857142857 0.5722222222222222 0.8816326530612245 0.5777777777777777 0.8857142857142857 0.5833333333333334 0.8857142857142857 0.6055555555555555 0.8938775510204081 0.6222222222222222 0.8938775510204081 0.6833333333333333 0.889795918367347 0.6888888888888889 0.889795918367347 0.6944444444444444 0.8816326530612245 0.7055555555555556 0.8734693877551021 0.7055555555555556 0.8693877551020408 0.7111111111111111 0.8204081632653061 0.7111111111111111 0.8204081632653061 0.7055555555555556 0.8448979591836735 0.6722222222222223 0.8448979591836735 0.6666666666666666 0.8489795918367347 0.6611111111111111 0.8489795918367347 0.6222222222222222 0.8448979591836735 0.6166666666666667 0.8448979591836735 0.6055555555555555 0.8244897959183674 0.5777777777777777 0.8244897959183674 0.5722222222222222 0.8122448979591836 0.5611111111111111 0.8122448979591836 0.5555555555555556 0.8 0.5388888888888889 0.8 0.5333333333333333 0.7918367346938775 0.5222222222222223 0.7877551020408163 0.5222222222222223 0.7755102040816326 0.5055555555555555 0.7755102040816326 0.5 0.7714285714285715 0.49444444444444446 0.7673469387755102 0.49444444444444446 0.7591836734693878 0.48333333333333334 0.7551020408163265 0.48333333333333334 0.7346938775510204 0.45555555555555555 0.7346938775510204 0.45 0.7306122448979592 0.4444444444444444 0.7306122448979592 0.4388888888888889 0.7142857142857143 0.4166666666666667 0.710204081632653 0.4166666666666667 0.7020408163265306 0.40555555555555556 0.6979591836734694 0.40555555555555556 0.6979591836734694 0.4 0.689795918367347 0.3888888888888889 0.6857142857142857 0.3888888888888889 0.6857142857142857 0.38333333333333336 0.6816326530612244 0.37777777777777777 0.6775510204081633 0.37777777777777777 0.6571428571428571 0.35 0.6571428571428571 0.34444444444444444 0.6489795918367347 0.3277777777777778 0.6489795918367347 0.32222222222222224 0.6530612244897959 0.31666666666666665 0.6489795918367347 0.3111111111111111 0.6448979591836734 0.3111111111111111 0.6408163265306123 0.3055555555555556 0.636734693877551 0.3055555555555556 0.6285714285714286 0.29444444444444445 0.6244897959183674 0.29444444444444445 0.6204081632653061 0.28888888888888886 0.6204081632653061 0.2833333333333333 0.6122448979591837 0.2722222222222222 0.6122448979591837 0.25555555555555554 0.6081632653061224 0.25 0.6081632653061224 0.24444444444444444 0.5959183673469388 0.22777777777777777 0.5959183673469388 0.21666666666666667 0.5918367346938775 0.2111111111111111 0.5877551020408164 0.2111111111111111 0.5836734693877551 0.21666666666666667 0.5795918367346938 0.21666666666666667 0.5755102040816327 0.2111111111111111 0.5755102040816327 0.20555555555555555 0.5795918367346938 0.2 0.6081632653061224 0.2 0.6122448979591837 0.19444444444444445 0.6122448979591837 0.18333333333333332 0.6204081632653061 0.18333333333333332 0.6244897959183674 0.17777777777777778 0.636734693877551 0.17777777777777778 0.6408163265306123 0.17222222222222222 0.6448979591836734 0.17222222222222222 0.6571428571428571 0.15555555555555556 0.6693877551020408 0.15555555555555556 0.673469387755102 0.15 0.6775510204081633 0.15
19 0.8244897959183674 0.3333333333333333 0.8285714285714286 0.3388888888888889 0.8612244897959184 0.3388888888888889 0.8653061224489796 0.34444444444444444 0.8734693877551021 0.34444444444444444 0.8775510204081632 0.35 0.889795918367347 0.35 0.889795918367347 0.35555555555555557 0.8857142857142857 0.3611111111111111 0.8857142857142857 0.37222222222222223 0.8816326530612245 0.37777777777777777 0.8816326530612245 0.40555555555555556 0.8857142857142857 0.4111111111111111 0.8857142857142857 0.46111111111111114 0.8816326530612245 0.4666666666666667 0.8816326530612245 0.4777777777777778 0.8857142857142857 0.48333333333333334 0.8857142857142857 0.5055555555555555 0.889795918367347 0.5111111111111111 0.889795918367347 0.55 0.8938775510204081 0.5555555555555556 0.8938775510204081 0.5611111111111111 0.889795918367347 0.5666666666666667 0.889795918367347 0.5722222222222222 0.8938775510204081 0.5777777777777777 0.8938775510204081 0.6166666666666667 0.8979591836734694 0.6222222222222222 0.8979591836734694 0.6722222222222223 0.8938775510204081 0.6777777777777778 0.8938775510204081 0.6944444444444444 0.8857142857142857 0.7055555555555556 0.8693877551020408 0.7055555555555556 0.8653061224489796 0.7111111111111111 0.8448979591836735 0.7111111111111111 0.8408163265306122 0.7055555555555556 0.8244897959183674 0.7055555555555556 0.8244897959183674 0.7 0.8489795918367347 0.6666666666666666 0.8489795918367347 0.6166666666666667 0.8448979591836735 0.6111111111111112 0.8448979591836735 0.5611111111111111 0.8408163265306122 0.5555555555555556 0.8489795918367347 0.5388888888888889 0.8489795918367347 0.5277777777777778 0.8448979591836735 0.5222222222222223 0.8448979591836735 0.5111111111111111 0.8408163265306122 0.5055555555555555 0.8448979591836735 0.5 0.8408163265306122 0.49444444444444446 0.8489795918367347 0.48333333333333334 0.8448979591836735 0.4777777777777778 0.8408163265306122 0.4777777777777778 0.8408163265306122 0.4722222222222222 0.8448979591836735 0.4777777777777778 0.8489795918367347 0.4722222222222222 0.8489795918367347 0.4388888888888889 0.8448979591836735 0.43333333333333335 0.8285714285714286 0.43333333333333335 0.8204081632653061 0.4222222222222222 0.8122448979591836 0.4222222222222222 0.8081632653061225 0.4166666666666667 0.8081632653061225 0.4111111111111111 0.8 0.39444444444444443 0.8 0.37777777777777777 0.7959183673469388 0.37222222222222223 0.7959183673469388 0.3611111111111111 0.7877551020408163 0.35 0.7877551020408163 0.3388888888888889 0.7959183673469388 0.3388888888888889 0.8 0.3333333333333333 0.8204081632653061 0.3333333333333333
19 0.6122448979591837 0.7277777777777777 0.6408163265306123 0.7666666666666667 0.6408163265306123 0.7722222222222223 0.6489795918367347 0.7833333333333333 0.6489795918367347 0.7944444444444444 0.6204081632653061 0.7944444444444444 0.6040816326530613 0.7722222222222223 0.6040816326530613 0.7666666666666667 0.6 0.7611111111111111 0.6 0.7444444444444445 0.5959183673469388 0.7388888888888889 0.5959183673469388 0.7333333333333333 0.6 0.7333333333333333 0.6040816326530613 0.7277777777777777 0.6081632653061224 0.7277777777777777
19 0.2979591836734694 0.2777777777777778 0.3020408163265306 0.2833333333333333 0.3020408163265306 0.28888888888888886 0.2979591836734694 0.29444444444444445 0.2857142857142857 0.29444444444444445 0.27346938775510204 0.3055555555555556 0.2612244897959184 0.3055555555555556 0.2530612244897959 0.31666666666666665 0.24897959183673468 0.31666666666666665 0.23673469387755103 0.3333333333333333 0.23673469387755103 0.3388888888888889 0.22857142857142856 0.35 0.22857142857142856 0.35555555555555557 0.22448979591836735 0.3611111111111111 0.22448979591836735 0.3888888888888889 0.23265306122448978 0.40555555555555556 0.23265306122448978 0.4222222222222222 0.23673469387755103 0.42777777777777776 0.23673469387755103 0.4388888888888889 0.24081632653061225 0.4444444444444444 0.24081632653061225 0.45555555555555555 0.24897959183673468 0.4722222222222222 0.24897959183673468 0.48333333333333334 0.2530612244897959 0.4888888888888889 0.2530612244897959 0.5 0.2571428571428571 0.5055555555555555 0.2571428571428571 0.5166666666666667 0.2612244897959184 0.5222222222222223 0.2612244897959184 0.5388888888888889 0.2653061224489796 0.5444444444444444 0.2653061224489796 0.55 0.2693877551020408 0.5555555555555556 0.2693877551020408 0.5611111111111111 0.27346938775510204 0.5666666666666667 0.27346938775510204 0.5722222222222222 0.27755102040816326 0.5777777777777777 0.27755102040816326 0.5833333333333334 0.2897959183673469 0.6 0.2897959183673469 0.6055555555555555 0.2979591836734694 0.6166666666666667 0.2979591836734694 0.6222222222222222 0.3224489795918367 0.6555555555555556 0.3224489795918367 0.6611111111111111 0.34285714285714286 0.6888888888888889 0.34285714285714286 0.7 0.33877551020408164 0.7055555555555556 0.24081632653061225 0.7055555555555556 0.23673469387755103 0.7 0.2163265306122449 0.7 0.21224489795918366 0.6944444444444444 0.19591836734693877 0.6944444444444444 0.19183673469387755 0.6888888888888889 0.1836734693877551 0.6888888888888889 0.17959183673469387 0.6833333333333333 0.17551020408163265 0.6833333333333333 0.16326530612244897 0.6666666666666666 0.16326530612244897 0.6222222222222222 0.1673469387755102 0.6166666666666667 0.1673469387755102 0.5888888888888889 0.17142857142857143 0.5833333333333334 0.17142857142857143 0.5555555555555556 0.17551020408163265 0.55 0.17551020408163265 0.5333333333333333 0.17959183673469387 0.5277777777777778 0.17959183673469387 0.4888888888888889 0.1836734693877551 0.48333333333333334 0.1836734693877551 0.45555555555555555 0.18775510204081633 0.45 0.18775510204081633 0.4 0.19183673469387755 0.39444444444444443 0.19183673469387755 0.37777777777777777 0.19591836734693877 0.37222222222222223 0.19183673469387755 0.36666666666666664 0.19183673469387755 0.35 0.19591836734693877 0.34444444444444444 0.19591836734693877 0.31666666666666665 0.21224489795918366 0.29444444444444445 0.2163265306122449 0.29444444444444445 0.22857142857142856 0.2833333333333333 0.23673469387755103 0.2833333333333333 0.24081632653061225 0.2777777777777778 0.2938775510204082 0.2777777777777778
19 0.689795918367347 0.15555555555555556 0.7020408163265306 0.17222222222222222 0.7020408163265306 0.17777777777777778 0.7061224489795919 0.18333333333333332 0.7061224489795919 0.19444444444444445 0.710204081632653 0.2 0.710204081632653 0.20555555555555555 0.7183673469387755 0.21666666666666667 0.7183673469387755 0.2222222222222222 0.7224489795918367 0.22777777777777777 0.7224489795918367 0.23333333333333334 0.7306122448979592 0.24444444444444444 0.7306122448979592 0.25 0.7346938775510204 0.25555555555555554 0.7346938775510204 0.2611111111111111 0.7428571428571429 0.2722222222222222 0.7428571428571429 0.2777777777777778 0.746938775510204 0.2833333333333333 0.746938775510204 0.28888888888888886 0.7510204081632653 0.29444444444444445 0.7510204081632653 0.3 0.7591836734693878 0.3111111111111111 0.7591836734693878 0.32222222222222224 0.7714285714285715 0.3388888888888889 0.7755102040816326 0.3388888888888889 0.7918367346938775 0.3611111111111111 0.7918367346938775 0.37222222222222223 0.7959183673469388 0.37777777777777777 0.8040816326530612 0.37777777777777777 0.8081632653061225 0.37222222222222223 0.8081632653061225 0.36666666666666664 0.8122448979591836 0.36666666666666664 0.8163265306122449 0.37222222222222223 0.8204081632653061 0.36666666666666664 0.8244897959183674 0.37222222222222223 0.8285714285714286 0.37222222222222223 0.8326530612244898 0.36666666666666664 0.8367346938775511 0.36666666666666664 0.8326530612244898 0.37222222222222223 0.8326530612244898 0.38333333333333336 0.8285714285714286 0.37777777777777777 0.8244897959183674 0.38333333333333336 0.8204081632653061 0.38333333333333336 0.8163265306122449 0.37777777777777777 0.7959183673469388 0.37777777777777777 0.7918367346938775 0.38333333333333336 0.8 0.4 0.8 0.4166666666666667 0.8040816326530612 0.4222222222222222 0.8081632653061225 0.4222222222222222 0.8163265306122449 0.43333333333333335 0.8448979591836735 0.43333333333333335 0.8448979591836735 0.4388888888888889 0.8489795918367347 0.4444444444444444 0.8530612244897959 0.4388888888888889 0.8530612244897959 0.43333333333333335 0.8530612244897959 0.4388888888888889 0.8571428571428571 0.4444444444444444 0.8612244897959184 0.4444444444444444 0.8530612244897959 0.4444444444444444 0.8489795918367347 0.45 0.8489795918367347 0.46111111111111114 0.8530612244897959 0.4666666666666667 0.8530612244897959 0.4722222222222222 0.8489795918367347 0.4777777777777778 0.8489795918367347 0.48333333333333334 0.8530612244897959 0.4888888888888889 0.8489795918367347 0.49444444444444446 0.8571428571428571 0.5111111111111111 0.8612244897959184 0.5111111111111111 0.8653061224489796 0.5166666666666667 0.8693877551020408 0.5166666666666667 0.8653061224489796 0.5166666666666667 0.8612244897959184 0.5222222222222223 0.8653061224489796 0.5277777777777778 0.8734693877551021 0.5277777777777778 0.8734693877551021 0.5333333333333333 0.8653061224489796 0.5444444444444444 0.8653061224489796 0.55 0.8734693877551021 0.5666666666666667 0.8734693877551021 0.5722222222222222 0.8693877551020408 0.5777777777777777 0.8693877551020408 0.6055555555555555 0.8734693877551021 0.6111111111111112 0.8775510204081632 0.6111111111111112 0.8816326530612245 0.6055555555555555 0.8775510204081632 0.6 0.8775510204081632 0.5888888888888889 0.8816326530612245 0.5944444444444444 0.8816326530612245 0.6055555555555555 0.889795918367347 0.6166666666666667 0.889795918367347 0.6388888888888888 0.8938775510204081 0.6444444444444445 0.8938775510204081 0.6666666666666666 0.889795918367347 0.6722222222222223 0.889795918367347 0.6888888888888889 0.8857142857142857 0.6944444444444444 0.8857142857142857 0.7 0.8816326530612245 0.7 0.8775510204081632 0.7055555555555556 0.8408163265306122 0.7055555555555556 0.8367346938775511 0.7111111111111111 0.8326530612244898 0.7055555555555556 0.8204081632653061 0.7055555555555556 0.8244897959183674 0.7055555555555556 0.8285714285714286 0.7 0.8285714285714286 0.6944444444444444 0.8448979591836735 0.6722222222222223 0.8448979591836735 0.6666666666666666 0.8530612244897959 0.65 0.8489795918367347 0.6444444444444445 0.8489795918367347 0.6166666666666667 0.8448979591836735 0.6111111111111112 0.8448979591836735 0.6 0.8408163265306122 0.5944444444444444 0.8367346938775511 0.5944444444444444 0.8122448979591836 0.5611111111111111 0.8122448979591836 0.5555555555555556 0.8 0.5388888888888889 0.8 0.5333333333333333 0.7918367346938775 0.5222222222222223 0.7877551020408163 0.5222222222222223 0.7591836734693878 0.48333333333333334 0.7551020408163265 0.48333333333333334 0.7306122448979592 0.45 0.7306122448979592 0.4444444444444444 0.726530612244898 0.4388888888888889 0.726530612244898 0.43333333333333335 0.7224489795918367 0.42777777777777776 0.7183673469387755 0.42777777777777776 0.7183673469387755 0.4222222222222222 0.7142857142857143 0.4166666666666667 0.710204081632653 0.4166666666666667 0.7061224489795919 0.4111111111111111 0.7020408163265306 0.4111111111111111 0.6979591836734694 0.40555555555555556 0.6979591836734694 0.4 0.6653061224489796 0.35555555555555557 0.6612244897959184 0.35555555555555557 0.6571428571428571 0.35 0.6571428571428571 0.34444444444444444 0.6530612244897959 0.3388888888888889 0.6530612244897959 0.3333333333333333 0.6448979591836734 0.32222222222222224 0.6489795918367347 0.32222222222222224 0.6530612244897959 0.31666666666666665 0.6489795918367347 0.3111111111111111 0.6448979591836734 0.3111111111111111 0.6408163265306123 0.3055555555555556 0.636734693877551 0.3055555555555556 0.6285714285714286 0.29444444444444445 0.6244897959183674 0.29444444444444445 0.6204081632653061 0.28888888888888886 0.6204081632653061 0.2833333333333333 0.6122448979591837 0.2722222222222222 0.6122448979591837 0.26666666666666666 0.6081632653061224 0.2611111111111111 0.6081632653061224 0.24444444444444444 0.5959183673469388 0.22777777777777777 0.5959183673469388 0.2222222222222222 0.5918367346938775 0.21666666666666667 0.5877551020408164 0.21666666666666667 0.5836734693877551 0.2222222222222222 0.5795918367346938 0.21666666666666667 0.5755102040816327 0.21666666666666667 0.5755102040816327 0.20555555555555555 0.5795918367346938 0.2 0.6081632653061224 0.2 0.6122448979591837 0.19444444444444445 0.6122448979591837 0.18333333333333332 0.6204081632653061 0.18333333333333332 0.6244897959183674 0.17777777777777778 0.636734693877551 0.17777777777777778 0.6408163265306123 0.17222222222222222 0.6448979591836734 0.17222222222222222 0.6571428571428571 0.15555555555555556 0.6857142857142857 0.15555555555555556
19 0.1673469387755102 0.6166666666666667 0.17142857142857143 0.6166666666666667 0.1673469387755102 0.6222222222222222 0.1673469387755102 0.6277777777777778 0.17142857142857143 0.6333333333333333 0.17142857142857143 0.6444444444444445 0.1836734693877551 0.6611111111111111 0.18775510204081633 0.6555555555555556 0.19183673469387755 0.6555555555555556 0.19591836734693877 0.6611111111111111 0.20408163265306123 0.6611111111111111 0.20816326530612245 0.6555555555555556 0.2163265306122449 0.6722222222222223 0.22040816326530613 0.6722222222222223 0.22448979591836735 0.6666666666666666 0.22857142857142856 0.6666666666666666 0.22857142857142856 0.6777777777777778 0.23265306122448978 0.6833333333333333 0.23673469387755103 0.6777777777777778 0.23673469387755103 0.6722222222222223 0.24897959183673468 0.6722222222222223 0.2530612244897959 0.6777777777777778 0.2571428571428571 0.6722222222222223 0.2530612244897959 0.6777777777777778 0.2571428571428571 0.6833333333333333 0.2653061224489796 0.6833333333333333 0.2693877551020408 0.6888888888888889 0.27346938775510204 0.6833333333333333 0.2897959183673469 0.6833333333333333 0.2897959183673469 0.6888888888888889 0.2938775510204082 0.6944444444444444 0.2979591836734694 0.6944444444444444 0.30612244897959184 0.6777777777777778 0.30612244897959184 0.6555555555555556 0.31020408163265306 0.65 0.3142857142857143 0.65 0.3183673469387755 0.6555555555555556 0.3142857142857143 0.6555555555555556 0.31020408163265306 0.6611111111111111 0.31020408163265306 0.6777777777777778 0.3142857142857143 0.6833333333333333 0.3183673469387755 0.6833333333333333 0.3224489795918367 0.6777777777777778 0.32653061224489793 0.6833333333333333 0.3224489795918367 0.6888888888888889 0.32653061224489793 0.6944444444444444 0.32653061224489793 0.7 0.3224489795918367 0.7055555555555556 0.24897959183673468 0.7055555555555556 0.24489795918367346 0.7 0.22857142857142856 0.7 0.22448979591836735 0.6944444444444444 0.20816326530612245 0.6944444444444444 0.20408163265306123 0.6888888888888889 0.19591836734693877 0.6888888888888889 0.19183673469387755 0.6833333333333333 0.1836734693877551 0.6833333333333333 0.17551020408163265 0.6722222222222223 0.17142857142857143 0.6722222222222223 0.1673469387755102 0.6666666666666666 0.1673469387755102 0.6555555555555556 0.17142857142857143 0.65 0.17142857142857143 0.6444444444444445 0.1673469387755102 0.6388888888888888 0.17142857142857143 0.6333333333333333 0.1673469387755102 0.6277777777777778 0.1673469387755102 0.6222222222222222
19 0.2612244897959184 0.5444444444444444 0.2653061224489796 0.55 0.2653061224489796 0.5555555555555556 0.2693877551020408 0.5611111111111111 0.2693877551020408 0.5722222222222222 0.27755102040816326 0.5833333333333334 0.27755102040816326 0.5888888888888889 0.2816326530612245 0.5944444444444444 0.2816326530612245 0.6 0.2897959183673469 0.6111111111111112 0.2938775510204082 0.6111111111111112 0.2938775510204082 0.6166666666666667 0.2979591836734694 0.6222222222222222 0.2979591836734694 0.6277777777777778 0.3020408163265306 0.6333333333333333 0.30612244897959184 0.6333333333333333 0.30612244897959184 0.6444444444444445 0.31020408163265306 0.65 0.3183673469387755 0.65 0.3224489795918367 0.6555555555555556 0.3224489795918367 0.6611111111111111 0.32653061224489793 0.6666666666666666 0.3224489795918367 0.6722222222222223 0.3224489795918367 0.6777777777777778 0.32653061224489793 0.6833333333333333 0.32653061224489793 0.7055555555555556 0.24897959183673468 0.7055555555555556 0.24489795918367346 0.7 0.22448979591836735 0.7 0.22040816326530613 0.6944444444444444 0.20816326530612245 0.6944444444444444 0.20408163265306123 0.6888888888888889 0.19183673469387755 0.6888888888888889 0.18775510204081633 0.6833333333333333 0.1836734693877551 0.6833333333333333 0.17551020408163265 0.6722222222222223 0.17142857142857143 0.6722222222222223 0.1673469387755102 0.6666666666666666 0.1673469387755102 0.6166666666666667 0.17142857142857143 0.6111111111111112 0.17142857142857143 0.6277777777777778 0.17959183673469387 0.6388888888888888 0.17551020408163265 0.6444444444444445 0.1836734693877551 0.6555555555555556 0.19183673469387755 0.6555555555555556 0.20408163265306123 0.6444444444444445 0.2 0.65 0.20408163265306123 0.6555555555555556 0.20816326530612245 0.6555555555555556 0.21224489795918366 0.6611111111111111 0.2163265306122449 0.6611111111111111 0.22040816326530613 0.6666666666666666 0.22448979591836735 0.6666666666666666 0.22857142857142856 0.6611111111111111 0.22857142857142856 0.65 0.22448979591836735 0.6444444444444445 0.2163265306122449 0.6444444444444445 0.20816326530612245 0.6277777777777778 0.2 0.6277777777777778 0.20816326530612245 0.6277777777777778 0.21224489795918366 0.6333333333333333 0.2163265306122449 0.6277777777777778 0.22040816326530613 0.6277777777777778 0.22040816326530613 0.6333333333333333 0.22448979591836735 0.6388888888888888 0.22857142857142856 0.6333333333333333 0.23265306122448978 0.6388888888888888 0.23673469387755103 0.6388888888888888 0.24081632653061225 0.6444444444444445 0.24489795918367346 0.6444444444444445 0.24489795918367346 0.65 0.24897959183673468 0.6555555555555556 0.23673469387755103 0.6555555555555556 0.23673469387755103 0.65 0.23265306122448978 0.6444444444444445 0.22857142857142856 0.65 0.22857142857142856 0.6666666666666666 0.23265306122448978 0.6722222222222223 0.23673469387755103 0.6722222222222223 0.24081632653061225 0.6666666666666666 0.24489795918367346 0.6722222222222223 0.24897959183673468 0.6666666666666666 0.24897959183673468 0.6722222222222223 0.2530612244897959 0.6777777777777778 0.2571428571428571 0.6722222222222223 0.2571428571428571 0.6666666666666666 0.2612244897959184 0.6722222222222223 0.2571428571428571 0.6777777777777778 0.2612244897959184 0.6833333333333333 0.2693877551020408 0.6833333333333333 0.27346938775510204 0.6777777777777778 0.2816326530612245 0.6777777777777778 0.2897959183673469 0.6666666666666666 0.2938775510204082 0.6722222222222223 0.2979591836734694 0.6722222222222223 0.30612244897959184 0.6555555555555556 0.30612244897959184 0.6444444444444445 0.3020408163265306 0.6388888888888888 0.2938775510204082 0.6388888888888888 0.2938775510204082 0.6333333333333333 0.2857142857142857 0.6222222222222222 0.2897959183673469 0.6166666666666667 0.2857142857142857 0.6111111111111112 0.27755102040816326 0.6111111111111112 0.27755102040816326 0.6055555555555555 0.27346938775510204 0.6 0.2653061224489796 0.6 0.2653061224489796 0.5888888888888889 0.2612244897959184 0.5833333333333334 0.2653061224489796 0.5777777777777777 0.2612244897959184 0.5722222222222222 0.2653061224489796 0.5666666666666667 0.2653061224489796 0.55
19 0.6938775510204082 0.16111111111111112 0.6938775510204082 0.16666666666666666 0.6979591836734694 0.17222222222222222 0.6979591836734694 0.17777777777777778 0.7061224489795919 0.18888888888888888 0.7061224489795919 0.19444444444444445 0.710204081632653 0.2 0.710204081632653 0.20555555555555555 0.7142857142857143 0.2111111111111111 0.7142857142857143 0.21666666666666667 0.7224489795918367 0.22777777777777777 0.7224489795918367 0.23333333333333334 0.7306122448979592 0.24444444444444444 0.7306122448979592 0.25 0.7346938775510204 0.25555555555555554 0.7346938775510204 0.2611111111111111 0.7428571428571429 0.2722222222222222 0.7428571428571429 0.2777777777777778 0.746938775510204 0.2833333333333333 0.746938775510204 0.28888888888888886 0.7510204081632653 0.29444444444444445 0.7510204081632653 0.3 0.7551020408163265 0.3055555555555556 0.7551020408163265 0.3111111111111111 0.7591836734693878 0.31666666666666665 0.7591836734693878 0.32222222222222224 0.7836734693877551 0.35555555555555557 0.7836734693877551 0.3611111111111111 0.7918367346938775 0.37777777777777777 0.7918367346938775 0.4 0.7959183673469388 0.40555555555555556 0.7959183673469388 0.4111111111111111 0.8 0.4166666666666667 0.8 0.4222222222222222 0.8081632653061225 0.43333333333333335 0.8122448979591836 0.43333333333333335 0.8163265306122449 0.4388888888888889 0.8163265306122449 0.45 0.8204081632653061 0.45555555555555555 0.8204081632653061 0.4666666666666667 0.8163265306122449 0.4722222222222222 0.8285714285714286 0.4888888888888889 0.8285714285714286 0.49444444444444446 0.8326530612244898 0.5 0.8326530612244898 0.5055555555555555 0.8285714285714286 0.5055555555555555 0.8244897959183674 0.5111111111111111 0.8204081632653061 0.5111111111111111 0.8122448979591836 0.5222222222222223 0.8163265306122449 0.5277777777777778 0.8122448979591836 0.5333333333333333 0.8163265306122449 0.5388888888888889 0.8040816326530612 0.5388888888888889 0.7918367346938775 0.5222222222222223 0.7877551020408163 0.5222222222222223 0.7795918367346939 0.5111111111111111 0.7755102040816326 0.5111111111111111 0.7714285714285715 0.5055555555555555 0.7714285714285715 0.5 0.7591836734693878 0.48333333333333334 0.7551020408163265 0.48333333333333334 0.7306122448979592 0.45 0.7306122448979592 0.4444444444444444 0.7061224489795919 0.4111111111111111 0.7020408163265306 0.4111111111111111 0.6938775510204082 0.4 0.6938775510204082 0.39444444444444443 0.689795918367347 0.3888888888888889 0.689795918367347 0.38333333333333336 0.6857142857142857 0.37777777777777777 0.6816326530612244 0.37777777777777777 0.6530612244897959 0.3388888888888889 0.6530612244897959 0.3333333333333333 0.6448979591836734 0.32222222222222224 0.6489795918367347 0.31666666666666665 0.6408163265306123 0.3055555555555556 0.636734693877551 0.3055555555555556 0.6204081632653061 0.2833333333333333 0.6163265306122448 0.2833333333333333 0.6163265306122448 0.26666666666666666 0.6122448979591837 0.2611111111111111 0.6122448979591837 0.24444444444444444 0.6081632653061224 0.2388888888888889 0.6122448979591837 0.2388888888888889 0.6163265306122448 0.23333333333333334 0.6163265306122448 0.2222222222222222 0.6244897959183674 0.20555555555555555 0.6244897959183674 0.19444444444444445 0.6285714285714286 0.18888888888888888 0.6285714285714286 0.18333333333333332 0.6326530612244898 0.17777777777777778 0.636734693877551 0.17777777777777778 0.6408163265306123 0.17222222222222222 0.6448979591836734 0.17222222222222222 0.6530612244897959 0.16111111111111112 0.6612244897959184 0.16111111111111112 0.6653061224489796 0.15555555555555556 0.6857142857142857 0.15555555555555556 0.689795918367347 0.16111111111111112
19 0.6857142857142857 0.15555555555555556 0.6938775510204082 0.16666666666666666 0.6938775510204082 0.17222222222222222 0.7020408163265306 0.18333333333333332 0.7020408163265306 0.18888888888888888 0.7061224489795919 0.19444444444444445 0.7061224489795919 0.20555555555555555 0.7183673469387755 0.2222222222222222 0.7183673469387755 0.22777777777777777 0.726530612244898 0.2388888888888889 0.726530612244898 0.24444444444444444 0.7306122448979592 0.25 0.7306122448979592 0.25555555555555554 0.7346938775510204 0.2611111111111111 0.7346938775510204 0.26666666666666666 0.7428571428571429 0.2777777777777778 0.7428571428571429 0.2833333333333333 0.746938775510204 0.28888888888888886 0.746938775510204 0.29444444444444445 0.7510204081632653 0.3 0.7510204081632653 0.3055555555555556 0.7551020408163265 0.3111111111111111 0.7551020408163265 0.31666666666666665 0.7591836734693878 0.32222222222222224 0.7591836734693878 0.3277777777777778 0.7714285714285715 0.34444444444444444 0.7714285714285715 0.35 0.7836734693877551 0.3611111111111111 0.7836734693877551 0.37222222222222223 0.7877551020408163 0.37777777777777777 0.7877551020408163 0.3888888888888889 0.7836734693877551 0.39444444444444443 0.7877551020408163 0.4 0.7918367346938775 0.4 0.7918367346938775 0.4111111111111111 0.7836734693877551 0.4222222222222222 0.7836734693877551 0.42777777777777776 0.7877551020408163 0.43333333333333335 0.7918367346938775 0.42777777777777776 0.7959183673469388 0.43333333333333335 0.8 0.43333333333333335 0.7959183673469388 0.4388888888888889 0.8040816326530612 0.45 0.8081632653061225 0.4444444444444444 0.8081632653061225 0.4388888888888889 0.8204081632653061 0.4388888888888889 0.8204081632653061 0.4444444444444444 0.8244897959183674 0.45 0.8244897959183674 0.46111111111111114 0.8122448979591836 0.4722222222222222 0.8163265306122449 0.4777777777777778 0.8204081632653061 0.4777777777777778 0.8 0.4777777777777778 0.7959183673469388 0.4722222222222222 0.7836734693877551 0.48333333333333334 0.7877551020408163 0.4888888888888889 0.8040816326530612 0.4888888888888889 0.8081632653061225 0.49444444444444446 0.8122448979591836 0.4888888888888889 0.8163265306122449 0.49444444444444446 0.8204081632653061 0.49444444444444446 0.8326530612244898 0.48333333333333334 0.8367346938775511 0.4888888888888889 0.8367346938775511 0.49444444444444446 0.8326530612244898 0.5 0.8326530612244898 0.5111111111111111 0.8367346938775511 0.5166666666666667 0.8367346938775511 0.5277777777777778 0.8408163265306122 0.5333333333333333 0.8408163265306122 0.5388888888888889 0.8367346938775511 0.5444444444444444 0.8408163265306122 0.55 0.8408163265306122 0.5555555555555556 0.8367346938775511 0.5611111111111111 0.8408163265306122 0.5666666666666667 0.8408163265306122 0.5833333333333334 0.8326530612244898 0.5833333333333334 0.8326530612244898 0.5777777777777777 0.8408163265306122 0.5666666666666667 0.8367346938775511 0.5611111111111111 0.8367346938775511 0.55 0.8326530612244898 0.5444444444444444 0.8244897959183674 0.5444444444444444 0.8204081632653061 0.5388888888888889 0.8163265306122449 0.5444444444444444 0.8163265306122449 0.55 0.8163265306122449 0.5444444444444444 0.8122448979591836 0.5388888888888889 0.8040816326530612 0.5388888888888889 0.8040816326530612 0.5333333333333333 0.7918367346938775 0.5166666666666667 0.7877551020408163 0.5166666666666667 0.8 0.5166666666666667 0.8040816326530612 0.5111111111111111 0.8081632653061225 0.5111111111111111 0.8122448979591836 0.5055555555555555 0.8081632653061225 0.5 0.7959183673469388 0.5 0.7918367346938775 0.5055555555555555 0.7877551020408163 0.5 0.7836734693877551 0.5055555555555555 0.7836734693877551 0.49444444444444446 0.7795918367346939 0.4888888888888889 0.7795918367346939 0.4666666666666667 0.7755102040816326 0.46111111111111114 0.7714285714285715 0.4666666666666667 0.7673469387755102 0.4666666666666667 0.7591836734693878 0.48333333333333334 0.7551020408163265 0.4777777777777778 0.7510204081632653 0.4777777777777778 0.7510204081632653 0.4722222222222222 0.746938775510204 0.4666666666666667 0.7428571428571429 0.4666666666666667 0.7428571428571429 0.46111111111111114 0.7306122448979592 0.4444444444444444 0.7306122448979592 0.42777777777777776 0.726530612244898 0.4222222222222222 0.7224489795918367 0.4222222222222222 0.7142857142857143 0.4111111111111111 0.7061224489795919 0.4111111111111111 0.7020408163265306 0.40555555555555556 0.7061224489795919 0.4 0.7061224489795919 0.39444444444444443 0.710204081632653 0.4 0.7224489795918367 0.4 0.726530612244898 0.40555555555555556 0.7346938775510204 0.39444444444444443 0.7428571428571429 0.39444444444444443 0.746938775510204 0.4 0.7510204081632653 0.4 0.763265306122449 0.3888888888888889 0.7591836734693878 0.38333333333333336 0.7551020408163265 0.38333333333333336 0.746938775510204 0.37222222222222223 0.746938775510204 0.36666666666666664 0.7387755102040816 0.35555555555555557 0.7428571428571429 0.35 0.7387755102040816 0.34444444444444444 0.7387755102040816 0.3333333333333333 0.7346938775510204 0.3277777777777778 0.726530612244898 0.3277777777777778 0.7224489795918367 0.3333333333333333 0.7224489795918367 0.35 0.7183673469387755 0.35 0.7142857142857143 0.34444444444444444 0.710204081632653 0.35 0.710204081632653 0.35555555555555557 0.7061224489795919 0.35555555555555557 0.7020408163265306 0.3611111111111111 0.7020408163265306 0.36666666666666664 0.6979591836734694 0.3611111111111111 0.6938775510204082 0.36666666666666664 0.6857142857142857 0.35555555555555557 0.6816326530612244 0.35555555555555557 0.673469387755102 0.34444444444444444 0.6693877551020408 0.34444444444444444 0.6653061224489796 0.35 0.673469387755102 0.3611111111111111 0.6693877551020408 0.3611111111111111 0.6693877551020408 0.35555555555555557 0.6571428571428571 0.34444444444444444 0.6571428571428571 0.3333333333333333 0.6489795918367347 0.32222222222222224 0.6530612244897959 0.31666666666666665 0.6489795918367347 0.3111111111111111 0.6489795918367347 0.3055555555555556 0.6448979591836734 0.3 0.636734693877551 0.3 0.636734693877551 0.29444444444444445 0.6326530612244898 0.28888888888888886 0.6244897959183674 0.28888888888888886 0.6204081632653061 0.2833333333333333 0.6204081632653061 0.25 0.6163265306122448 0.24444444444444444 0.6122448979591837 0.24444444444444444 0.6122448979591837 0.23333333333333334 0.6204081632653061 0.2222222222222222 0.6204081632653061 0.21666666666666667 0.6285714285714286 0.20555555555555555 0.6285714285714286 0.2 0.6326530612244898 0.19444444444444445 0.6326530612244898 0.18888888888888888 0.6408163265306123 0.17777777777777778 0.6489795918367347 0.17777777777777778 0.6571428571428571 0.16666666666666666 0.6571428571428571 0.16111111111111112 0.6653061224489796 0.16111111111111112 0.6693877551020408 0.15555555555555556 0.6816326530612244 0.15555555555555556
19 0.3020408163265306 0.2777777777777778 0.30612244897959184 0.2833333333333333 0.31020408163265306 0.2833333333333333 0.31020408163265306 0.29444444444444445 0.2979591836734694 0.3055555555555556 0.2857142857142857 0.3055555555555556 0.2816326530612245 0.3111111111111111 0.2612244897959184 0.3111111111111111 0.2530612244897959 0.32222222222222224 0.24897959183673468 0.32222222222222224 0.22857142857142856 0.35 0.22857142857142856 0.3611111111111111 0.22448979591836735 0.36666666666666664 0.22448979591836735 0.38333333333333336 0.22857142857142856 0.3888888888888889 0.22857142857142856 0.4 0.23265306122448978 0.40555555555555556 0.23265306122448978 0.4166666666666667 0.23673469387755103 0.4222222222222222 0.23673469387755103 0.43333333333333335 0.24081632653061225 0.4388888888888889 0.24081632653061225 0.45 0.24897959183673468 0.4666666666666667 0.24897959183673468 0.4777777777777778 0.2530612244897959 0.48333333333333334 0.2530612244897959 0.49444444444444446 0.2612244897959184 0.5111111111111111 0.2612244897959184 0.5222222222222223 0.2653061224489796 0.5277777777777778 0.2653061224489796 0.5444444444444444 0.2693877551020408 0.55 0.2693877551020408 0.5555555555555556 0.27346938775510204 0.5611111111111111 0.27346938775510204 0.5666666666666667 0.2816326530612245 0.5777777777777777 0.2816326530612245 0.5833333333333334 0.2897959183673469 0.5944444444444444 0.2897959183673469 0.6 0.2979591836734694 0.6111111111111112 0.2979591836734694 0.6166666666666667 0.3142857142857143 0.6388888888888888 0.3142857142857143 0.6444444444444445 0.34285714285714286 0.6833333333333333 0.34285714285714286 0.6888888888888889 0.3469387755102041 0.6944444444444444 0.34285714285714286 0.7 0.34285714285714286 0.7055555555555556 0.3142857142857143 0.7055555555555556 0.31020408163265306 0.7111111111111111 0.30612244897959184 0.7055555555555556 0.24081632653061225 0.7055555555555556 0.23673469387755103 0.7 0.2163265306122449 0.7 0.21224489795918366 0.6944444444444444 0.19591836734693877 0.6944444444444444 0.19183673469387755 0.6888888888888889 0.1836734693877551 0.6888888888888889 0.17551020408163265 0.6777777777777778 0.17142857142857143 0.6777777777777778 0.16326530612244897 0.6666666666666666 0.16326530612244897 0.6222222222222222 0.1673469387755102 0.6166666666666667 0.1673469387755102 0.5888888888888889 0.17142857142857143 0.5833333333333334 0.17142857142857143 0.5555555555555556 0.17551020408163265 0.55 0.17551020408163265 0.5277777777777778 0.17959183673469387 0.5222222222222223 0.17959183673469387 0.4888888888888889 0.1836734693877551 0.48333333333333334 0.1836734693877551 0.4444444444444444 0.18775510204081633 0.4388888888888889 0.18775510204081633 0.4 0.19183673469387755 0.39444444444444443 0.19183673469387755 0.37777777777777777 0.19591836734693877 0.37222222222222223 0.19183673469387755 0.36666666666666664 0.19183673469387755 0.35 0.19591836734693877 0.34444444444444444 0.19591836734693877 0.3277777777777778 0.2 0.32222222222222224 0.2 0.3111111111111111 0.21224489795918366 0.29444444444444445 0.2163265306122449 0.29444444444444445 0.22857142857142856 0.2833333333333333 0.24081632653061225 0.2833333333333333 0.24489795918367346 0.2777777777777778 0.2979591836734694 0.2777777777777778