19 0.6038338658146964 0.2981366459627329 0.6070287539936102 0.30434782608695654 0.610223642172524 0.30434782608695654 0.610223642172524 0.32298136645962733 0.6166134185303515 0.33540372670807456 0.6230031948881789 0.33540372670807456 0.6230031948881789 0.35403726708074534 0.6261980830670927 0.36024844720496896 0.6293929712460063 0.36024844720496896 0.6357827476038339 0.37267080745341613 0.6325878594249201 0.37888198757763975 0.6389776357827476 0.391304347826087 0.6389776357827476 0.39751552795031053 0.6421725239616614 0.40372670807453415 0.6421725239616614 0.422360248447205 0.6293929712460063 0.422360248447205 0.6166134185303515 0.4472049689440994 0.5878594249201278 0.4472049689440994 0.5878594249201278 0.4409937888198758 0.5846645367412141 0.43478260869565216 0.5846645367412141 0.4161490683229814 0.5878594249201278 0.40993788819875776 0.5878594249201278 0.39751552795031053 0.5846645367412141 0.391304347826087 0.5750798722044729 0.391304347826087 0.5718849840255591 0.38509316770186336 0.5814696485623003 0.38509316770186336 0.5846645367412141 0.37888198757763975 0.5878594249201278 0.38509316770186336 0.5942492012779552 0.38509316770186336 0.6006389776357828 0.37267080745341613 0.597444089456869 0.36645962732919257 0.6006389776357828 0.36024844720496896 0.597444089456869 0.35403726708074534 0.5750798722044729 0.35403726708074534 0.5718849840255591 0.36024844720496896 0.5718849840255591 0.36645962732919257 0.5686900958466453 0.36645962732919257 0.5686900958466453 0.32919254658385094 0.5718849840255591 0.32298136645962733 0.5718849840255591 0.3167701863354037 0.5750798722044729 0.3167701863354037 0.5782747603833865 0.3105590062111801 0.5846645367412141 0.3105590062111801 0.5878594249201278 0.30434782608695654 0.6006389776357828 0.30434782608695654
19 0.48562300319488816 0.6459627329192547 0.5015974440894568 0.6459627329192547 0.5047923322683706 0.639751552795031 0.5079872204472844 0.639751552795031 0.5079872204472844 0.6459627329192547 0.5143769968051118 0.6583850931677019 0.5143769968051118 0.6645962732919255 0.5175718849840255 0.6708074534161491 0.5143769968051118 0.6770186335403726 0.5143769968051118 0.6894409937888198 0.5079872204472844 0.7080745341614907 0.49201277955271566 0.7080745341614907 0.48562300319488816 0.6894409937888198 0.48242811501597443 0.6894409937888198 0.4792332268370607 0.6832298136645962 0.46645367412140576 0.6832298136645962 0.46645367412140576 0.6583850931677019 0.4728434504792332 0.6583850931677019 0.4696485623003195 0.6645962732919255 0.4728434504792332 0.6708074534161491 0.476038338658147 0.6708074534161491 0.4792332268370607 0.6645962732919255 0.48242811501597443 0.6645962732919255 0.48562300319488816 0.6583850931677019 0.48562300319488816 0.6521739130434783
19 0.3003194888178914 0.4720496894409938 0.30990415335463256 0.4782608695652174 0.31629392971246006 0.4906832298136646 0.31629392971246006 0.4968944099378882 0.3194888178913738 0.5031055900621118 0.3194888178913738 0.5093167701863354 0.31629392971246006 0.5093167701863354 0.3003194888178914 0.4782608695652174
19 0.5351437699680511 0.33540372670807456 0.03514376996805112 0.11180124223602485
19 0.46645367412140576 0.4782608695652174 0.4696485623003195 0.4782608695652174 0.4792332268370607 0.4658385093167702 0.48562300319488816 0.4658385093167702 0.48881789137380194 0.45962732919254656 0.5015974440894568 0.45962732919254656 0.5047923322683706 0.453416149068323 0.5143769968051118 0.453416149068323 0.5175718849840255 0.4472049689440994 0.5303514376996805 0.4472049689440994 0.5335463258785943 0.4409937888198758 0.549520766773163 0.4409937888198758 0.5527156549520766 0.4472049689440994 0.5591054313099042 0.4472049689440994 0.5623003194888179 0.453416149068323 0.5623003194888179 0.4658385093167702 0.5463258785942492 0.4658385093167702 0.536741214057508 0.484472049689441 0.5399361022364217 0.4906832298136646 0.5399361022364217 0.5031055900621118 0.536741214057508 0.5093167701863354 0.5463258785942492 0.5403726708074534 0.5431309904153354 0.546583850931677 0.5431309904153354 0.5527950310559007 0.549520766773163 0.5714285714285714 0.5559105431309904 0.5714285714285714 0.5591054313099042 0.577639751552795 0.5654952076677316 0.577639751552795 0.5686900958466453 0.5714285714285714 0.5750798722044729 0.5714285714285714 0.5750798722044729 0.5838509316770186 0.5718849840255591 0.5838509316770186 0.5686900958466453 0.5900621118012422 0.5623003194888179 0.5900621118012422 0.5591054313099042 0.5962732919254659 0.549520766773163 0.5962732919254659 0.5399361022364217 0.6086956521739131 0.5239616613418531 0.6086956521739131 0.5143769968051118 0.6211180124223602 0.5047923322683706 0.6211180124223602 0.5015974440894568 0.6273291925465838 0.4952076677316294 0.6273291925465838 0.49201277955271566 0.6335403726708074 0.476038338658147 0.6335403726708074 0.476038338658147 0.5900621118012422 0.4696485623003195 0.577639751552795 0.46325878594249204 0.577639751552795 0.46006389776357826 0.5714285714285714 0.43130990415335463 0.5714285714285714 0.4281150159744409 0.5652173913043478 0.41533546325878595 0.5652173913043478 0.40894568690095845 0.5527950310559007 0.3993610223642173 0.5527950310559007 0.3961661341853035 0.546583850931677 0.3929712460063898 0.5527950310559007 0.38977635782747605 0.5527950310559007 0.3929712460063898 0.5527950310559007 0.3961661341853035 0.546583850931677 0.3993610223642173 0.5527950310559007 0.402555910543131 0.546583850931677 0.40894568690095845 0.546583850931677 0.41214057507987223 0.5403726708074534 0.41533546325878595 0.5403726708074534 0.4185303514376997 0.546583850931677 0.4249201277955272 0.546583850931677 0.4281150159744409 0.5403726708074534 0.4249201277955272 0.5341614906832298 0.4249201277955272 0.5279503105590062 0.4281150159744409 0.5279503105590062 0.43450479233226835 0.515527950310559 0.43450479233226835 0.5031055900621118 0.43769968051118213 0.5031055900621118 0.4472843450479233 0.4906832298136646 0.46325878594249204 0.4906832298136646 0.46645367412140576 0.484472049689441
19 0.6070287539936102 0.5279503105590062 0.610223642172524 0.546583850931677 0.6070287539936102 0.546583850931677 0.6038338658146964 0.5527950310559007 0.6070287539936102 0.5590062111801242 0.6134185303514377 0.5590062111801242 0.6134185303514377 0.5714285714285714 0.6166134185303515 0.577639751552795 0.6166134185303515 0.5900621118012422 0.6134185303514377 0.5962732919254659 0.5942492012779552 0.5962732919254659 0.5910543130990416 0.5900621118012422 0.5814696485623003 0.5900621118012422 0.5878594249201278 0.577639751552795 0.5878594249201278 0.5652173913043478 0.5910543130990416 0.5590062111801242 0.5910543130990416 0.546583850931677 0.5942492012779552 0.546583850931677 0.597444089456869 0.5403726708074534 0.6006389776357828 0.546583850931677 0.6038338658146964 0.546583850931677 0.6070287539936102 0.5403726708074534 0.6070287539936102 0.5341614906832298
19 0.4249201277955272 0.21739130434782608 0.43130990415335463 0.21739130434782608 0.43450479233226835 0.2236024844720497 0.44089456869009586 0.2236024844720497 0.4440894568690096 0.22981366459627328 0.4472843450479233 0.22981366459627328 0.4536741214057508 0.2422360248447205 0.4536741214057508 0.2670807453416149 0.4504792332268371 0.2670807453416149 0.4472843450479233 0.2732919254658385 0.43130990415335463 0.2422360248447205 0.4281150159744409 0.2236024844720497
19 0.31629392971246006 0.2111801242236025 0.3194888178913738 0.21739130434782608 0.3226837060702875 0.21739130434782608 0.3226837060702875 0.2422360248447205 0.31629392971246006 0.2422360248447205 0.31309904153354634 0.2484472049689441 0.30670926517571884 0.2484472049689441 0.3035143769968051 0.22981366459627328 0.30670926517571884 0.2236024844720497 0.30670926517571884 0.21739130434782608 0.31309904153354634 0.21739130434782608
19 0.48562300319488816 0.5031055900621118 0.48881789137380194 0.5031055900621118 0.49201277955271566 0.4968944099378882 0.5015974440894568 0.4968944099378882 0.5079872204472844 0.5093167701863354 0.5079872204472844 0.5341614906832298 0.5111821086261981 0.5403726708074534 0.5111821086261981 0.5590062111801242 0.5143769968051118 0.5652173913043478 0.5143769968051118 0.5962732919254659 0.5079872204472844 0.6086956521739131 0.4984025559105431 0.6086956521739131 0.49201277955271566 0.5962732919254659 0.49201277955271566 0.5900621118012422 0.48881789137380194 0.5838509316770186 0.48881789137380194 0.5652173913043478 0.48562300319488816 0.5590062111801242 0.48562300319488816 0.5341614906832298 0.48242811501597443 0.5279503105590062 0.48562300319488816 0.5217391304347826 0.48562300319488816 0.5093167701863354
19 0.6198083067092651 0.6273291925465838 0.6293929712460063 0.6273291925465838 0.6389776357827476 0.6459627329192547 0.6389776357827476 0.6521739130434783 0.6421725239616614 0.6583850931677019 0.6421725239616614 0.6708074534161491 0.645367412140575 0.6770186335403726 0.645367412140575 0.6832298136645962 0.6517571884984026 0.6956521739130435 0.6517571884984026 0.7080745341614907 0.65814696485623 0.7204968944099379 0.65814696485623 0.7329192546583851 0.6613418530351438 0.7391304347826086 0.6613418530351438 0.7763975155279503 0.65814696485623 0.7763975155279503 0.6485623003194888 0.7888198757763976 0.6421725239616614 0.7888198757763976 0.6357827476038339 0.8012422360248447 0.6325878594249201 0.8012422360248447 0.6230031948881789 0.8136645962732919 0.6166134185303515 0.8136645962732919 0.6134185303514377 0.8198757763975155 0.6038338658146964 0.8198757763975155 0.6038338658146964 0.8136645962732919 0.597444089456869 0.8012422360248447 0.597444089456869 0.7950310559006211 0.5910543130990416 0.782608695652174 0.5910543130990416 0.7763975155279503 0.5846645367412141 0.7577639751552795 0.5846645367412141 0.7391304347826086 0.6006389776357828 0.7391304347826086 0.6038338658146964 0.7329192546583851 0.6070287539936102 0.7329192546583851 0.6166134185303515 0.7142857142857143 0.6166134185303515 0.6708074534161491 0.6198083067092651 0.6645962732919255 0.6166134185303515 0.6583850931677019 0.6166134185303515 0.6521739130434783 0.6198083067092651 0.6459627329192547 0.6198083067092651 0.6335403726708074
19 0.49201277955271566 0.6459627329192547 0.48562300319488816 0.6583850931677019 0.48562300319488816 0.6645962732919255 0.4792332268370607 0.6832298136645962 0.46645367412140576 0.6832298136645962 0.46645367412140576 0.6583850931677019 0.4696485623003195 0.6521739130434783 0.476038338658147 0.6521739130434783 0.4792332268370607 0.6459627329192547 0.48881789137380194 0.6459627329192547
19 0.38977635782747605 0.422360248447205 0.38977635782747605 0.42857142857142855 0.3961661341853035 0.4409937888198758 0.3961661341853035 0.4720496894409938 0.3993610223642173 0.4782608695652174 0.402555910543131 0.4782608695652174 0.402555910543131 0.484472049689441 0.40894568690095845 0.5031055900621118 0.4057507987220447 0.5093167701863354 0.4057507987220447 0.5217391304347826 0.402555910543131 0.5279503105590062 0.38977635782747605 0.5279503105590062 0.3801916932907348 0.5093167701863354 0.3801916932907348 0.5031055900621118 0.3738019169329074 0.484472049689441 0.3738019169329074 0.4720496894409938 0.36741214057507987 0.45962732919254656 0.36741214057507987 0.453416149068323 0.3610223642172524 0.43478260869565216 0.3610223642172524 0.4161490683229814 0.36421725239616615 0.40993788819875776 0.3801916932907348 0.40993788819875776 0.3865814696485623 0.422360248447205
19 0.3738019169329074 0.7267080745341615 0.38338658146964855 0.7453416149068323 0.38338658146964855 0.7515527950310559 0.3865814696485623 0.7577639751552795 0.3865814696485623 0.7701863354037267 0.38338658146964855 0.7763975155279503 0.3801916932907348 0.7950310559006211 0.3769968051118211 0.7950310559006211 0.3738019169329074 0.8012422360248447 0.35782747603833864 0.8012422360248447 0.34824281150159747 0.782608695652174 0.34824281150159747 0.7577639751552795 0.3450479233226837 0.7515527950310559 0.35782747603833864 0.7267080745341615 0.3610223642172524 0.7267080745341615 0.36421725239616615 0.7204968944099379 0.36741214057507987 0.7204968944099379 0.3706070287539936 0.7267080745341615
19 0.19488817891373802 0.6335403726708074 0.19808306709265175 0.6335403726708074 0.21405750798722045 0.6149068322981367 0.22044728434504793 0.6149068322981367 0.22364217252396165 0.6086956521739131 0.23322683706070288 0.6086956521739131 0.23322683706070288 0.6335403726708074 0.23003194888178913 0.639751552795031 0.23003194888178913 0.6459627329192547 0.22364217252396165 0.6583850931677019 0.22044728434504793 0.6583850931677019 0.21725239616613418 0.6645962732919255 0.2012779552715655 0.6645962732919255 0.19808306709265175 0.6583850931677019 0.19488817891373802 0.639751552795031
19 0.268370607028754 0.6024844720496895 0.28434504792332266 0.6335403726708074 0.28434504792332266 0.6459627329192547 0.2779552715654952 0.6583850931677019 0.2715654952076677 0.6583850931677019 0.268370607028754 0.6645962732919255 0.25878594249201275 0.6583850931677019 0.2523961661341853 0.639751552795031 0.2523961661341853 0.6086956521739131 0.25559105431309903 0.6024844720496895 0.26517571884984026 0.6024844720496895
19 0.46006389776357826 0.4720496894409938 0.4728434504792332 0.4720496894409938 0.476038338658147 0.4658385093167702 0.48562300319488816 0.4658385093167702 0.48881789137380194 0.45962732919254656 0.5015974440894568 0.45962732919254656 0.5047923322683706 0.453416149068323 0.5143769968051118 0.453416149068323 0.5175718849840255 0.4472049689440994 0.5303514376996805 0.4472049689440994 0.5335463258785943 0.4409937888198758 0.549520766773163 0.4409937888198758 0.5527156549520766 0.4472049689440994 0.5591054313099042 0.4472049689440994 0.5623003194888179 0.453416149068323 0.5591054313099042 0.45962732919254656 0.5463258785942492 0.45962732919254656 0.5431309904153354 0.4658385093167702 0.5399361022364217 0.4658385093167702 0.5335463258785943 0.4782608695652174 0.5335463258785943 0.484472049689441 0.536741214057508 0.4906832298136646 0.536741214057508 0.5031055900621118 0.5399361022364217 0.5093167701863354 0.5399361022364217 0.5341614906832298 0.5431309904153354 0.5403726708074534 0.5431309904153354 0.5590062111801242 0.5527156549520766 0.577639751552795 0.5559105431309904 0.577639751552795 0.5591054313099042 0.5838509316770186 0.5654952076677316 0.5838509316770186 0.5686900958466453 0.577639751552795 0.5750798722044729 0.577639751552795 0.5718849840255591 0.5838509316770186 0.5718849840255591 0.5900621118012422 0.5623003194888179 0.5900621118012422 0.5591054313099042 0.5962732919254659 0.5527156549520766 0.5962732919254659 0.549520766773163 0.6024844720496895 0.5431309904153354 0.6024844720496895 0.5399361022364217 0.6086956521739131 0.5303514376996805 0.6086956521739131 0.5271565495207667 0.6149068322981367 0.5175718849840255 0.6149068322981367 0.5143769968051118 0.6211180124223602 0.5111821086261981 0.6211180124223602 0.5079872204472844 0.6273291925465838 0.5015974440894568 0.6273291925465838 0.4984025559105431 0.6335403726708074 0.48881789137380194 0.6335403726708074 0.48562300319488816 0.639751552795031 0.4728434504792332 0.639751552795031 0.4728434504792332 0.6086956521739131 0.476038338658147 0.6024844720496895 0.476038338658147 0.5962732919254659 0.46645367412140576 0.577639751552795 0.44089456869009586 0.577639751552795 0.43769968051118213 0.5714285714285714 0.4217252396166134 0.5714285714285714 0.4185303514376997 0.5652173913043478 0.3929712460063898 0.5652173913043478 0.38977635782747605 0.5590062111801242 0.3865814696485623 0.5590062111801242 0.3865814696485623 0.5527950310559007 0.38977635782747605 0.546583850931677 0.3961661341853035 0.546583850931677 0.3993610223642173 0.5403726708074534 0.4057507987220447 0.5403726708074534 0.40894568690095845 0.5341614906832298 0.41533546325878595 0.5341614906832298 0.4185303514376997 0.5279503105590062 0.4249201277955272 0.5279503105590062 0.43130990415335463 0.515527950310559 0.43450479233226835 0.4968944099378882 0.44089456869009586 0.4968944099378882 0.4440894568690096 0.4906832298136646 0.45686900958466453 0.4906832298136646 0.46006389776357826 0.484472049689441 0.46006389776357826 0.4782608695652174
19 0.43769968051118213 0.6024844720496895 0.44089456869009586 0.6086956521739131 0.4504792332268371 0.6149068322981367 0.4504792332268371 0.6583850931677019 0.44089456869009586 0.6708074534161491 0.4249201277955272 0.6708074534161491 0.4185303514376997 0.6583850931677019 0.4185303514376997 0.6211180124223602 0.4217252396166134 0.6149068322981367 0.4217252396166134 0.6086956521739131 0.4281150159744409 0.6086956521739131 0.43130990415335463 0.6024844720496895 0.43450479233226835 0.6024844720496895
19 0.5814696485623003 0.4658385093167702 0.5910543130990416 0.4658385093167702 0.5942492012779552 0.4720496894409938 0.5942492012779552 0.484472049689441 0.597444089456869 0.4906832298136646 0.597444089456869 0.4968944099378882 0.6038338658146964 0.5093167701863354 0.6038338658146964 0.515527950310559 0.610223642172524 0.5341614906832298 0.610223642172524 0.546583850931677 0.6134185303514377 0.5527950310559007 0.6166134185303515 0.5714285714285714 0.6230031948881789 0.5838509316770186 0.6261980830670927 0.6024844720496895 0.6325878594249201 0.6149068322981367 0.6325878594249201 0.6211180124223602 0.6357827476038339 0.6273291925465838 0.6357827476038339 0.639751552795031 0.6389776357827476 0.6459627329192547 0.6389776357827476 0.6521739130434783 0.6421725239616614 0.6583850931677019 0.6421725239616614 0.6645962732919255 0.645367412140575 0.6708074534161491 0.645367412140575 0.6770186335403726 0.6485623003194888 0.6832298136645962 0.6485623003194888 0.6894409937888198 0.6517571884984026 0.6956521739130435 0.6517571884984026 0.7018633540372671 0.6549520766773163 0.7080745341614907 0.65814696485623 0.7267080745341615 0.6613418530351438 0.7329192546583851 0.6613418530351438 0.7763975155279503 0.65814696485623 0.7763975155279503 0.6485623003194888 0.7888198757763976 0.6421725239616614 0.7888198757763976 0.6357827476038339 0.8012422360248447 0.6325878594249201 0.8012422360248447 0.6293929712460063 0.8074534161490683 0.6230031948881789 0.8074534161490683 0.6134185303514377 0.8198757763975155 0.6038338658146964 0.8198757763975155 0.6006389776357828 0.8136645962732919 0.597444089456869 0.7950310559006211 0.5910543130990416 0.782608695652174 0.5910543130990416 0.7763975155279503 0.5846645367412141 0.7577639751552795 0.5846645367412141 0.7391304347826086 0.5910543130990416 0.7391304347826086 0.5942492012779552 0.7329192546583851 0.6070287539936102 0.7329192546583851 0.6134185303514377 0.7204968944099379 0.6134185303514377 0.6956521739130435 0.6166134185303515 0.6894409937888198 0.6166134185303515 0.6273291925465838 0.6198083067092651 0.6211180124223602 0.6166134185303515 0.6149068322981367 0.6166134185303515 0.6086956521739131 0.6070287539936102 0.5900621118012422 0.5878594249201278 0.5900621118012422 0.5878594249201278 0.5838509316770186 0.5910543130990416 0.577639751552795 0.5910543130990416 0.5403726708074534 0.5878594249201278 0.5341614906832298 0.5878594249201278 0.515527950310559 0.5846645367412141 0.5093167701863354 0.5846645367412141 0.4906832298136646 0.5814696485623003 0.484472049689441 0.5814696485623003 0.4720496894409938
19 0.476038338658147 0.2857142857142857 0.48242811501597443 0.2857142857142857 0.48562300319488816 0.2795031055900621 0.4984025559105431 0.2795031055900621 0.5015974440894568 0.2732919254658385 0.5079872204472844 0.2732919254658385 0.5111821086261981 0.2670807453416149 0.5239616613418531 0.2670807453416149 0.5271565495207667 0.2608695652173913 0.5431309904153354 0.2608695652173913 0.549520766773163 0.2732919254658385 0.549520766773163 0.2857142857142857 0.5527156549520766 0.2919254658385093 0.5527156549520766 0.30434782608695654 0.5559105431309904 0.3105590062111801 0.5559105431309904 0.3416149068322981 0.5591054313099042 0.34782608695652173 0.5591054313099042 0.36024844720496896 0.5623003194888179 0.36645962732919257 0.5623003194888179 0.391304347826087 0.5654952076677316 0.39751552795031053 0.5654952076677316 0.422360248447205 0.5591054313099042 0.422360248447205 0.5559105431309904 0.42857142857142855 0.5559105431309904 0.43478260869565216 0.5591054313099042 0.4409937888198758 0.5623003194888179 0.43478260869565216 0.5654952076677316 0.4409937888198758 0.5686900958466453 0.43478260869565216 0.5686900958466453 0.4472049689440994 0.5623003194888179 0.4472049689440994 0.5591054313099042 0.4409937888198758 0.5559105431309904 0.4472049689440994 0.5559105431309904 0.453416149068323 0.5591054313099042 0.45962732919254656 0.5718849840255591 0.45962732919254656 0.5718849840255591 0.4906832298136646 0.5750798722044729 0.4968944099378882 0.5750798722044729 0.5093167701863354 0.5782747603833865 0.515527950310559 0.5782747603833865 0.5341614906832298 0.5750798722044729 0.5403726708074534 0.5814696485623003 0.5590062111801242 0.5814696485623003 0.5714285714285714 0.5750798722044729 0.5838509316770186 0.5718849840255591 0.5838509316770186 0.5718849840255591 0.577639751552795 0.5686900958466453 0.5714285714285714 0.5559105431309904 0.5714285714285714 0.5527156549520766 0.5652173913043478 0.549520766773163 0.5652173913043478 0.549520766773163 0.5527950310559007 0.5463258785942492 0.546583850931677 0.536741214057508 0.5403726708074534 0.5431309904153354 0.5279503105590062 0.5431309904153354 0.5093167701863354 0.536741214057508 0.4968944099378882 0.5303514376996805 0.5093167701863354 0.5303514376996805 0.515527950310559 0.5271565495207667 0.515527950310559 0.5175718849840255 0.5279503105590062 0.5143769968051118 0.5217391304347826 0.5111821086261981 0.5279503105590062 0.5111821086261981 0.5403726708074534 0.5143769968051118 0.546583850931677 0.5143769968051118 0.5527950310559007 0.5207667731629393 0.5652173913043478 0.5303514376996805 0.5652173913043478 0.5303514376996805 0.577639751552795 0.5271565495207667 0.5838509316770186 0.5271565495207667 0.577639751552795 0.5239616613418531 0.5714285714285714 0.5207667731629393 0.5714285714285714 0.5175718849840255 0.577639751552795 0.5175718849840255 0.5838509316770186 0.5239616613418531 0.5962732919254659 0.5271565495207667 0.5962732919254659 0.5303514376996805 0.6024844720496895 0.536741214057508 0.6024844720496895 0.5239616613418531 0.6024844720496895 0.5207667731629393 0.6086956521739131 0.5207667731629393 0.6024844720496895 0.5175718849840255 0.5962732919254659 0.5143769968051118 0.6024844720496895 0.5143769968051118 0.6086956521739131 0.5111821086261981 0.6086956521739131 0.5079872204472844 0.6149068322981367 0.5047923322683706 0.6086956521739131 0.49201277955271566 0.6086956521739131 0.49201277955271566 0.6024844720496895 0.48562300319488816 0.5900621118012422 0.48242811501597443 0.5900621118012422 0.4792332268370607 0.5838509316770186 0.4792332268370607 0.577639751552795 0.48242811501597443 0.5714285714285714 0.4792332268370607 0.5652173913043478 0.4792332268370607 0.5590062111801242 0.48242811501597443 0.5527950310559007 0.48242811501597443 0.546583850931677 0.4792332268370607 0.5403726708074534 0.476038338658147 0.5403726708074534 0.4728434504792332 0.546583850931677 0.4728434504792332 0.5652173913043478 0.46006389776357826 0.5652173913043478 0.45686900958466453 0.5590062111801242 0.4536741214057508 0.5590062111801242 0.4440894568690096 0.5714285714285714 0.43769968051118213 0.5714285714285714 0.43450479233226835 0.5652173913043478 0.4249201277955272 0.5652173913043478 0.4249201277955272 0.5590062111801242 0.4281150159744409 0.5527950310559007 0.4249201277955272 0.546583850931677 0.4249201277955272 0.5279503105590062 0.43769968051118213 0.5279503105590062 0.44089456869009586 0.5217391304347826 0.43769968051118213 0.515527950310559 0.43450479233226835 0.515527950310559 0.43450479233226835 0.4906832298136646 0.43130990415335463 0.484472049689441 0.43450479233226835 0.484472049689441 0.43769968051118213 0.4782608695652174 0.43769968051118213 0.4658385093167702 0.44089456869009586 0.45962732919254656 0.44089456869009586 0.4472049689440994 0.4504792332268371 0.4409937888198758 0.46645367412140576 0.4161490683229814 0.46645367412140576 0.391304347826087 0.4696485623003195 0.38509316770186336 0.4696485623003195 0.37267080745341613 0.4728434504792332 0.36645962732919257 0.4728434504792332 0.35403726708074534 0.4696485623003195 0.34782608695652173 0.4696485623003195 0.3416149068322981 0.46325878594249204 0.32919254658385094 0.46325878594249204 0.2919254658385093 0.4728434504792332 0.2919254658385093
19 0.402555910543131 0.3416149068322981 0.40894568690095845 0.3416149068322981 0.41214057507987223 0.34782608695652173 0.41214057507987223 0.37888198757763975 0.40894568690095845 0.37888198757763975 0.4057507987220447 0.37267080745341613 0.4057507987220447 0.36645962732919257 0.402555910543131 0.36024844720496896 0.402555910543131 0.34782608695652173
19 0.34824281150159747 0.2546583850931677 0.3546325878594249 0.2670807453416149 0.3546325878594249 0.2732919254658385 0.36421725239616615 0.2919254658385093 0.36421725239616615 0.30434782608695654 0.36741214057507987 0.3105590062111801 0.36741214057507987 0.32298136645962733 0.3706070287539936 0.32919254658385094 0.3706070287539936 0.34782608695652173 0.3738019169329074 0.35403726708074534 0.3738019169329074 0.37888198757763975 0.36741214057507987 0.391304347826087 0.3610223642172524 0.391304347826087 0.35782747603833864 0.38509316770186336 0.34824281150159747 0.37888198757763975 0.34824281150159747 0.36645962732919257 0.3450479233226837 0.36024844720496896 0.3450479233226837 0.35403726708074534 0.33865814696485624 0.3416149068322981 0.33865814696485624 0.32919254658385094 0.3354632587859425 0.32298136645962733 0.3354632587859425 0.3167701863354037 0.329073482428115 0.2981366459627329 0.329073482428115 0.2857142857142857 0.3258785942492013 0.2795031055900621 0.3258785942492013 0.2732919254658385 0.329073482428115 0.2732919254658385 0.3354632587859425 0.2546583850931677 0.3450479233226837 0.2546583850931677
19 0.3769968051118211 0.5900621118012422 0.38338658146964855 0.5900621118012422 0.3865814696485623 0.5962732919254659 0.3961661341853035 0.6024844720496895 0.3961661341853035 0.6086956521739131 0.3993610223642173 0.6149068322981367 0.3993610223642173 0.639751552795031 0.3961661341853035 0.6459627329192547 0.3961661341853035 0.6521739130434783 0.38977635782747605 0.6645962732919255 0.3706070287539936 0.6645962732919255 0.3706070287539936 0.6521739130434783 0.3769968051118211 0.6335403726708074 0.3769968051118211 0.5962732919254659
19 0.2747603833865815 0.32919254658385094 0.2747603833865815 0.33540372670807456 0.2779552715654952 0.3416149068322981 0.2779552715654952 0.34782608695652173 0.28115015974440893 0.35403726708074534 0.28115015974440893 0.36024844720496896 0.28434504792332266 0.36645962732919257 0.28434504792332266 0.37267080745341613 0.28753993610223644 0.37888198757763975 0.29073482428115016 0.39751552795031053 0.2971246006389776 0.40993788819875776 0.2971246006389776 0.4161490683229814 0.3003194888178914 0.422360248447205 0.3003194888178914 0.4409937888198758 0.2971246006389776 0.4472049689440994 0.2971246006389776 0.453416149068323 0.2939297124600639 0.453416149068323 0.28753993610223644 0.4409937888198758 0.28753993610223644 0.43478260869565216 0.28115015974440893 0.422360248447205 0.28115015974440893 0.4161490683229814 0.268370607028754 0.391304347826087 0.26517571884984026 0.391304347826087 0.2523961661341853 0.36645962732919257 0.2523961661341853 0.36024844720496896 0.24920127795527156 0.35403726708074534 0.24920127795527156 0.3416149068322981 0.25559105431309903 0.32919254658385094 0.2715654952076677 0.32919254658385094
19 0.3258785942492013 0.7391304347826086 0.329073482428115 0.7453416149068323 0.329073482428115 0.7763975155279503 0.3258785942492013 0.782608695652174 0.3258785942492013 0.7888198757763976 0.31629392971246006 0.8012422360248447 0.3035143769968051 0.8012422360248447 0.3003194888178914 0.7950310559006211 0.2971246006389776 0.7950310559006211 0.2971246006389776 0.782608695652174 0.2939297124600639 0.7763975155279503 0.2939297124600639 0.7515527950310559 0.3003194888178914 0.7391304347826086 0.30670926517571884 0.7391304347826086 0.30990415335463256 0.7329192546583851 0.3194888178913738 0.7329192546583851 0.3226837060702875 0.7391304347826086
19 0.4472843450479233 0.6086956521739131 0.4536741214057508 0.6211180124223602 0.4536741214057508 0.6459627329192547 0.4504792332268371 0.6521739130434783 0.4536741214057508 0.6583850931677019 0.4504792332268371 0.6583850931677019 0.4440894568690096 0.6708074534161491 0.4249201277955272 0.6708074534161491 0.4185303514376997 0.6583850931677019 0.4185303514376997 0.6211180124223602 0.4217252396166134 0.6149068322981367 0.4217252396166134 0.6086956521739131 0.4249201277955272 0.6024844720496895 0.44089456869009586 0.6024844720496895 0.4440894568690096 0.6086956521739131
19 0.5047923322683706 0.6459627329192547 0.5143769968051118 0.6583850931677019 0.5143769968051118 0.6770186335403726 0.5079872204472844 0.6956521739130435 0.5079872204472844 0.7204968944099379 0.5047923322683706 0.7267080745341615 0.5047923322683706 0.7391304347826086 0.4984025559105431 0.7577639751552795 0.4984025559105431 0.7701863354037267 0.4952076677316294 0.7763975155279503 0.4952076677316294 0.7950310559006211 0.48242811501597443 0.8198757763975155 0.4792332268370607 0.8198757763975155 0.476038338658147 0.8136645962732919 0.46006389776357826 0.8136645962732919 0.45686900958466453 0.8074534161490683 0.4536741214057508 0.8074534161490683 0.4536741214057508 0.7639751552795031 0.45686900958466453 0.7577639751552795 0.45686900958466453 0.7391304347826086 0.46006389776357826 0.7329192546583851 0.46006389776357826 0.7142857142857143 0.46325878594249204 0.7080745341614907 0.46325878594249204 0.6956521739130435 0.46645367412140576 0.6894409937888198 0.46645367412140576 0.6708074534161491 0.4696485623003195 0.6645962732919255 0.4696485623003195 0.6583850931677019 0.4728434504792332 0.6521739130434783 0.48242811501597443 0.6521739130434783 0.48562300319488816 0.6459627329192547 0.5015974440894568 0.6459627329192547
19 0.46325878594249204 0.3105590062111801 0.476038338658147 0.3105590062111801 0.4792332268370607 0.3167701863354037 0.4792332268370607 0.32919254658385094 0.48242811501597443 0.33540372670807456 0.48242811501597443 0.3416149068322981 0.49201277955271566 0.37267080745341613 0.48881789137380194 0.37888198757763975 0.48881789137380194 0.38509316770186336 0.49201277955271566 0.391304347826087 0.48881789137380194 0.40993788819875776 0.48562300319488816 0.4161490683229814 0.4696485623003195 0.4161490683229814 0.46645367412140576 0.40993788819875776 0.46645367412140576 0.38509316770186336 0.4696485623003195 0.37888198757763975 0.4696485623003195 0.34782608695652173 0.46325878594249204 0.33540372670807456 0.46325878594249204 0.3167701863354037
19 0.36741214057507987 0.5714285714285714 0.3961661341853035 0.5714285714285714 0.3993610223642173 0.577639751552795 0.4281150159744409 0.577639751552795 0.43130990415335463 0.5838509316770186 0.46006389776357826 0.5838509316770186 0.46325878594249204 0.5900621118012422 0.46645367412140576 0.5900621118012422 0.4696485623003195 0.5962732919254659 0.4696485623003195 0.6149068322981367 0.46645367412140576 0.6211180124223602 0.46645367412140576 0.639751552795031 0.46325878594249204 0.639751552795031 0.45686900958466453 0.6521739130434783 0.46006389776357826 0.6583850931677019 0.46006389776357826 0.6645962732919255 0.4536741214057508 0.6770186335403726 0.45686900958466453 0.6832298136645962 0.43769968051118213 0.6832298136645962 0.43450479233226835 0.6894409937888198 0.36741214057507987 0.6894409937888198 0.36421725239616615 0.6956521739130435 0.35782747603833864 0.6956521739130435 0.3546325878594249 0.6894409937888198 0.28115015974440893 0.6894409937888198 0.2779552715654952 0.6956521739130435 0.18210862619808307 0.6956521739130435 0.17891373801916932 0.7018633540372671 0.1757188498402556 0.6956521739130435 0.17252396166134185 0.6956521739130435 0.17252396166134185 0.6459627329192547 0.1757188498402556 0.639751552795031 0.18849840255591055 0.639751552795031 0.19169329073482427 0.6335403726708074 0.19488817891373802 0.6335403726708074 0.19808306709265175 0.639751552795031 0.19808306709265175 0.6521739130434783 0.20447284345047922 0.6645962732919255 0.22044728434504793 0.6645962732919255 0.23322683706070288 0.639751552795031 0.23322683706070288 0.6149068322981367 0.23003194888178913 0.6086956521739131 0.2268370607028754 0.6086956521739131 0.23003194888178913 0.6086956521739131 0.2364217252396166 0.5962732919254659 0.24600638977635783 0.5962732919254659 0.24920127795527156 0.5900621118012422 0.26198083067092653 0.5900621118012422 0.26517571884984026 0.5962732919254659 0.26517571884984026 0.6024844720496895 0.25878594249201275 0.6024844720496895 0.2523961661341853 0.6211180124223602 0.2523961661341853 0.639751552795031 0.25559105431309903 0.6459627329192547 0.25559105431309903 0.6521739130434783 0.26198083067092653 0.6645962732919255 0.2747603833865815 0.6645962732919255 0.28434504792332266 0.6459627329192547 0.29073482428115016 0.6459627329192547 0.30990415335463256 0.6708074534161491 0.329073482428115 0.6708074534161491 0.33226837060702874 0.6770186335403726 0.3514376996805112 0.6770186335403726 0.3546325878594249 0.6708074534161491 0.3610223642172524 0.6708074534161491 0.36421725239616615 0.6645962732919255 0.3706070287539936 0.6645962732919255 0.3738019169329074 0.6708074534161491 0.3801916932907348 0.6708074534161491 0.38338658146964855 0.6645962732919255 0.38977635782747605 0.6645962732919255 0.3961661341853035 0.6521739130434783 0.3961661341853035 0.6459627329192547 0.3993610223642173 0.639751552795031 0.3993610223642173 0.6149068322981367 0.3929712460063898 0.6024844720496895 0.38977635782747605 0.6024844720496895 0.3801916932907348 0.5900621118012422 0.3738019169329074 0.5900621118012422 0.3706070287539936 0.5838509316770186 0.36741214057507987 0.5838509316770186 0.36741214057507987 0.577639751552795
19 0.5111821086261981 0.6459627329192547 0.5175718849840255 0.6645962732919255 0.5175718849840255 0.6770186335403726 0.5143769968051118 0.6832298136645962 0.5143769968051118 0.6956521739130435 0.5111821086261981 0.7018633540372671 0.5111821086261981 0.7142857142857143 0.5015974440894568 0.7453416149068323 0.5015974440894568 0.7577639751552795 0.4984025559105431 0.7639751552795031 0.4984025559105431 0.7763975155279503 0.4952076677316294 0.782608695652174 0.4952076677316294 0.7950310559006211 0.48881789137380194 0.8074534161490683 0.48881789137380194 0.8136645962732919 0.48562300319488816 0.8198757763975155 0.4728434504792332 0.8198757763975155 0.4696485623003195 0.8136645962732919 0.45686900958466453 0.8136645962732919 0.4536741214057508 0.8074534161490683 0.4504792332268371 0.8074534161490683 0.4504792332268371 0.8012422360248447 0.4536741214057508 0.7950310559006211 0.4536741214057508 0.782608695652174 0.4504792332268371 0.7763975155279503 0.4504792332268371 0.7701863354037267 0.4536741214057508 0.7639751552795031 0.4536741214057508 0.7515527950310559 0.45686900958466453 0.7453416149068323 0.45686900958466453 0.7329192546583851 0.46006389776357826 0.7267080745341615 0.46006389776357826 0.7080745341614907 0.46325878594249204 0.7018633540372671 0.46325878594249204 0.6894409937888198 0.46645367412140576 0.6832298136645962 0.46645367412140576 0.6583850931677019 0.4696485623003195 0.6521739130434783 0.476038338658147 0.6521739130434783 0.4792332268370607 0.6459627329192547 0.4984025559105431 0.6459627329192547 0.5015974440894568 0.639751552795031 0.5047923322683706 0.639751552795031 0.5079872204472844 0.6459627329192547
19 0.5047923322683706 0.639751552795031 0.5111821086261981 0.6521739130434783 0.5143769968051118 0.6521739130434783 0.5175718849840255 0.6708074534161491 0.5143769968051118 0.6770186335403726 0.5143769968051118 0.6894409937888198 0.5079872204472844 0.7080745341614907 0.5079872204472844 0.7267080745341615 0.5047923322683706 0.7329192546583851 0.5047923322683706 0.7391304347826086 0.5015974440894568 0.7453416149068323 0.4984025559105431 0.7639751552795031 0.4952076677316294 0.7577639751552795 0.4952076677316294 0.7453416149068323 0.48562300319488816 0.7267080745341615 0.48242811501597443 0.7267080745341615 0.4792332268370607 0.7329192546583851 0.4792332268370607 0.7267080745341615 0.48881789137380194 0.7142857142857143 0.48881789137380194 0.7080745341614907 0.4792332268370607 0.6956521739130435 0.48242811501597443 0.6894409937888198 0.48242811501597443 0.6832298136645962 0.48562300319488816 0.6770186335403726 0.48562300319488816 0.6645962732919255 0.49201277955271566 0.6521739130434783 0.49201277955271566 0.6459627329192547 0.5015974440894568 0.6459627329192547
19 0.38338658146964855 0.11180124223602485 0.38338658146964855 0.12422360248447205 0.3961661341853035 0.14906832298136646 0.3961661341853035 0.15527950310559005 0.402555910543131 0.16770186335403728 0.402555910543131 0.17391304347826086 0.41214057507987223 0.19254658385093168 0.41214057507987223 0.19875776397515527 0.41533546325878595 0.20496894409937888 0.41533546325878595 0.21739130434782608 0.43130990415335463 0.2484472049689441 0.43130990415335463 0.2608695652173913 0.43450479233226835 0.2670807453416149 0.43769968051118213 0.2670807453416149 0.4440894568690096 0.2795031055900621 0.44089456869009586 0.2795031055900621 0.43769968051118213 0.2857142857142857 0.4472843450479233 0.30434782608695654 0.4504792332268371 0.30434782608695654 0.4536741214057508 0.3105590062111801 0.4504792332268371 0.32919254658385094 0.45686900958466453 0.3416149068322981 0.46006389776357826 0.3416149068322981 0.46006389776357826 0.38509316770186336 0.45686900958466453 0.391304347826087 0.44089456869009586 0.391304347826087 0.43130990415335463 0.40372670807453415 0.4249201277955272 0.40372670807453415 0.4185303514376997 0.4161490683229814 0.41533546325878595 0.4161490683229814 0.4217252396166134 0.39751552795031053 0.4185303514376997 0.391304347826087 0.41533546325878595 0.391304347826087 0.40894568690095845 0.37267080745341613 0.4057507987220447 0.37267080745341613 0.402555910543131 0.36645962732919257 0.4057507987220447 0.36024844720496896 0.3993610223642173 0.3416149068322981 0.3993610223642173 0.32919254658385094 0.3961661341853035 0.32298136645962733 0.3961661341853035 0.3167701863354037 0.38977635782747605 0.30434782608695654 0.38977635782747605 0.2919254658385093 0.38338658146964855 0.2795031055900621 0.38338658146964855 0.2670807453416149 0.3801916932907348 0.2608695652173913 0.3769968051118211 0.2422360248447205 0.3706070287539936 0.22981366459627328 0.36741214057507987 0.22981366459627328 0.36421725239616615 0.2236024844720497 0.34824281150159747 0.2236024844720497 0.3450479233226837 0.21739130434782608 0.3258785942492013 0.21739130434782608 0.3226837060702875 0.2236024844720497 0.31629392971246006 0.2236024844720497 0.31309904153354634 0.22981366459627328 0.31309904153354634 0.2422360248447205 0.3035143769968051 0.2484472049689441 0.2971246006389776 0.2608695652173913 0.28753993610223644 0.2608695652173913 0.28434504792332266 0.2670807453416149 0.28115015974440893 0.2670807453416149 0.2779552715654952 0.2732919254658385 0.2747603833865815 0.2732919254658385 0.2715654952076677 0.2795031055900621 0.26198083067092653 0.2857142857142857 0.25878594249201275 0.2919254658385093 0.24920127795527156 0.2919254658385093 0.24920127795527156 0.2857142857142857 0.2523961661341853 0.2795031055900621 0.2523961661341853 0.2670807453416149 0.26198083067092653 0.2484472049689441 0.26517571884984026 0.2484472049689441 0.28434504792332266 0.2111801242236025 0.28753993610223644 0.2111801242236025 0.3035143769968051 0.19254658385093168 0.30670926517571884 0.19875776397515527 0.30990415335463256 0.19254658385093168 0.30990415335463256 0.18633540372670807 0.3194888178913738 0.18012422360248448 0.3226837060702875 0.17391304347826086 0.3226837060702875 0.16149068322981366 0.329073482428115 0.14906832298136646 0.33865814696485624 0.14285714285714285 0.34185303514376997 0.13664596273291926 0.34185303514376997 0.13043478260869565 0.3450479233226837 0.13043478260869565 0.3610223642172524 0.10559006211180125 0.3769968051118211 0.10559006211180125 0.3801916932907348 0.11180124223602485
19 0.36741214057507987 0.577639751552795 0.3706070287539936 0.5714285714285714 0.3929712460063898 0.5714285714285714 0.3961661341853035 0.577639751552795 0.4249201277955272 0.577639751552795 0.4281150159744409 0.5838509316770186 0.4504792332268371 0.5838509316770186 0.4536741214057508 0.5900621118012422 0.46645367412140576 0.5900621118012422 0.46645367412140576 0.6459627329192547 0.46325878594249204 0.6521739130434783 0.46325878594249204 0.6770186335403726 0.46006389776357826 0.6832298136645962 0.46006389776357826 0.6956521739130435 0.45686900958466453 0.7018633540372671 0.45686900958466453 0.7204968944099379 0.4536741214057508 0.7267080745341615 0.4536741214057508 0.7453416149068323 0.4504792332268371 0.7515527950310559 0.4504792332268371 0.7639751552795031 0.4472843450479233 0.7701863354037267 0.4472843450479233 0.8012422360248447 0.44089456869009586 0.8136645962732919 0.43450479233226835 0.8136645962732919 0.43130990415335463 0.8198757763975155 0.3706070287539936 0.8198757763975155 0.36741214057507987 0.8136645962732919 0.33226837060702874 0.8136645962732919 0.329073482428115 0.8198757763975155 0.3258785942492013 0.8198757763975155 0.3226837060702875 0.8136645962732919 0.31309904153354634 0.8136645962732919 0.30990415335463256 0.8198757763975155 0.24600638977635783 0.8198757763975155 0.24281150159744408 0.8260869565217391 0.20766773162939298 0.8260869565217391 0.20447284345047922 0.8322981366459627 0.16932907348242812 0.8322981366459627 0.16613418530351437 0.8260869565217391 0.16293929712460065 0.8260869565217391 0.16293929712460065 0.8136645962732919 0.1597444089456869 0.8074534161490683 0.1597444089456869 0.8012422360248447 0.16293929712460065 0.7950310559006211 0.16293929712460065 0.7577639751552795 0.16613418530351437 0.7515527950310559 0.16613418530351437 0.7142857142857143 0.16932907348242812 0.7080745341614907 0.16932907348242812 0.6894409937888198 0.17252396166134185 0.6832298136645962 0.17252396166134185 0.6521739130434783 0.17891373801916932 0.639751552795031 0.19488817891373802 0.639751552795031 0.19808306709265175 0.6459627329192547 0.19808306709265175 0.6583850931677019 0.20447284345047922 0.6708074534161491 0.2108626198083067 0.6708074534161491 0.21405750798722045 0.6645962732919255 0.22044728434504793 0.6645962732919255 0.2268370607028754 0.6521739130434783 0.22364217252396165 0.6459627329192547 0.2268370607028754 0.6459627329192547 0.23322683706070288 0.6335403726708074 0.23322683706070288 0.6149068322981367 0.23003194888178913 0.6086956521739131 0.23322683706070288 0.6086956521739131 0.23961661341853036 0.5962732919254659 0.2523961661341853 0.5962732919254659 0.25559105431309903 0.5900621118012422 0.25878594249201275 0.5900621118012422 0.26198083067092653 0.5962732919254659 0.26198083067092653 0.6024844720496895 0.25878594249201275 0.6024844720496895 0.2523961661341853 0.6211180124223602 0.2523961661341853 0.6459627329192547 0.25878594249201275 0.6645962732919255 0.2747603833865815 0.6645962732919255 0.28115015974440893 0.6521739130434783 0.29073482428115016 0.6459627329192547 0.2971246006389776 0.6583850931677019 0.3003194888178914 0.6583850931677019 0.30990415335463256 0.6708074534161491 0.3258785942492013 0.6708074534161491 0.329073482428115 0.6770186335403726 0.35782747603833864 0.6770186335403726 0.36741214057507987 0.6645962732919255 0.3706070287539936 0.6645962732919255 0.3738019169329074 0.6708074534161491 0.3865814696485623 0.6708074534161491 0.3961661341853035 0.6583850931677019 0.3961661341853035 0.6459627329192547 0.3993610223642173 0.639751552795031 0.3993610223642173 0.6211180124223602 0.3961661341853035 0.6149068322981367 0.3961661341853035 0.6086956521739131 0.38977635782747605 0.5962732919254659 0.3706070287539936 0.5838509316770186
19 0.28434504792332266 0.2111801242236025 0.29073482428115016 0.2236024844720497 0.2939297124600639 0.21739130434782608 0.30670926517571884 0.21739130434782608 0.30990415335463256 0.2111801242236025 0.3194888178913738 0.2111801242236025 0.3226837060702875 0.21739130434782608 0.3226837060702875 0.2422360248447205 0.3194888178913738 0.2484472049689441 0.30670926517571884 0.2484472049689441 0.3003194888178914 0.2608695652173913 0.2939297124600639 0.2608695652173913 0.29073482428115016 0.2670807453416149 0.28753993610223644 0.2670807453416149 0.28434504792332266 0.2732919254658385 0.28115015974440893 0.2732919254658385 0.2779552715654952 0.2795031055900621 0.2747603833865815 0.2795031055900621 0.2715654952076677 0.2857142857142857 0.268370607028754 0.2857142857142857 0.26517571884984026 0.2919254658385093 0.25559105431309903 0.2981366459627329 0.2523961661341853 0.30434782608695654 0.24600638977635783 0.30434782608695654 0.24600638977635783 0.2919254658385093 0.24920127795527156 0.2857142857142857 0.24920127795527156 0.2670807453416149 0.25878594249201275 0.2484472049689441 0.26198083067092653 0.2484472049689441 0.2779552715654952 0.21739130434782608 0.28115015974440893 0.21739130434782608
19 0.3450479233226837 0.031055900621118012 0.34824281150159747 0.037267080745341616 0.35782747603833864 0.037267080745341616 0.3610223642172524 0.043478260869565216 0.3706070287539936 0.043478260869565216 0.3738019169329074 0.049689440993788817 0.3801916932907348 0.049689440993788817 0.38338658146964855 0.055900621118012424 0.3929712460063898 0.055900621118012424 0.3961661341853035 0.062111801242236024 0.4057507987220447 0.062111801242236024 0.41533546325878595 0.07453416149068323 0.4217252396166134 0.07453416149068323 0.4249201277955272 0.08074534161490683 0.43450479233226835 0.08074534161490683 0.4440894568690096 0.09316770186335403 0.4536741214057508 0.09316770186335403 0.46325878594249204 0.10559006211180125 0.4696485623003195 0.10559006211180125 0.4728434504792332 0.11180124223602485 0.476038338658147 0.11180124223602485 0.48242811501597443 0.12422360248447205 0.48242811501597443 0.14285714285714285 0.4792332268370607 0.14906832298136646 0.4792332268370607 0.16149068322981366 0.476038338658147 0.16770186335403728 0.476038338658147 0.17391304347826086 0.4728434504792332 0.17391304347826086 0.46645367412140576 0.18633540372670807 0.4696485623003195 0.19254658385093168 0.46645367412140576 0.19875776397515527 0.46645367412140576 0.21739130434782608 0.46325878594249204 0.2236024844720497 0.46006389776357826 0.2422360248447205 0.4536741214057508 0.2546583850931677 0.4536741214057508 0.2732919254658385 0.4504792332268371 0.2670807453416149 0.4440894568690096 0.2670807453416149 0.4440894568690096 0.2608695652173913 0.43450479233226835 0.2422360248447205 0.43450479233226835 0.22981366459627328 0.4249201277955272 0.2111801242236025 0.4249201277955272 0.20496894409937888 0.4185303514376997 0.19254658385093168 0.41533546325878595 0.17391304347826086 0.40894568690095845 0.16149068322981366 0.40894568690095845 0.14906832298136646 0.3993610223642173 0.13664596273291926 0.3993610223642173 0.13043478260869565 0.3929712460063898 0.11801242236024845 0.3929712460063898 0.11180124223602485 0.38338658146964855 0.09316770186335403 0.3610223642172524 0.09316770186335403 0.3450479233226837 0.11801242236024845 0.34185303514376997 0.11801242236024845 0.33865814696485624 0.12422360248447205 0.329073482428115 0.13043478260869565 0.3194888178913738 0.14906832298136646 0.31309904153354634 0.14906832298136646 0.30990415335463256 0.15527950310559005 0.3035143769968051 0.15527950310559005 0.3035143769968051 0.14906832298136646 0.30670926517571884 0.14285714285714285 0.30990415335463256 0.14285714285714285 0.31309904153354634 0.13664596273291926 0.31309904153354634 0.13043478260869565 0.31629392971246006 0.13043478260869565 0.3194888178913738 0.12422360248447205 0.31629392971246006 0.11801242236024845 0.30670926517571884 0.11801242236024845 0.3035143769968051 0.12422360248447205 0.3003194888178914 0.12422360248447205 0.3003194888178914 0.11180124223602485 0.3035143769968051 0.10559006211180125 0.3035143769968051 0.09316770186335403 0.30670926517571884 0.08695652173913043 0.30670926517571884 0.07453416149068323 0.31309904153354634 0.055900621118012424 0.31309904153354634 0.043478260869565216 0.3194888178913738 0.031055900621118012 0.3258785942492013 0.031055900621118012 0.329073482428115 0.024844720496894408 0.33226837060702874 0.024844720496894408 0.3354632587859425 0.031055900621118012 0.34185303514376997 0.031055900621118012
19 0.3194888178913738 0.2608695652173913 0.3258785942492013 0.2608695652173913 0.3226837060702875 0.2670807453416149 0.3226837060702875 0.2732919254658385 0.3258785942492013 0.2795031055900621 0.3226837060702875 0.2857142857142857 0.3194888178913738 0.30434782608695654 0.3226837060702875 0.3105590062111801 0.3258785942492013 0.3105590062111801 0.3258785942492013 0.3167701863354037 0.329073482428115 0.32298136645962733 0.3258785942492013 0.32919254658385094 0.3354632587859425 0.34782608695652173 0.33865814696485624 0.34782608695652173 0.33226837060702874 0.34782608695652173 0.329073482428115 0.35403726708074534 0.33226837060702874 0.36024844720496896 0.33226837060702874 0.36645962732919257 0.33865814696485624 0.37888198757763975 0.34185303514376997 0.37888198757763975 0.34185303514376997 0.38509316770186336 0.33865814696485624 0.391304347826087 0.33865814696485624 0.40993788819875776 0.3354632587859425 0.4161490683229814 0.33226837060702874 0.4161490683229814 0.329073482428115 0.422360248447205 0.3194888178913738 0.422360248447205 0.30670926517571884 0.39751552795031053 0.30670926517571884 0.38509316770186336 0.2971246006389776 0.36645962732919257 0.2971246006389776 0.35403726708074534 0.29073482428115016 0.33540372670807456 0.2939297124600639 0.32919254658385094 0.28753993610223644 0.3167701863354037 0.2779552715654952 0.3105590062111801 0.2779552715654952 0.30434782608695654 0.28753993610223644 0.3167701863354037 0.2971246006389776 0.2857142857142857 0.30670926517571884 0.2857142857142857 0.30990415335463256 0.2795031055900621 0.31629392971246006 0.2795031055900621 0.3194888178913738 0.2732919254658385 0.3194888178913738 0.2670807453416149
19 0.3498402555910543 0.5031055900621118 0.04792332268370607 0.12422360248447205
19 0.4776357827476038 0.36645962732919257 0.02875399361022364 0.11180124223602485
19 0.5463258785942492 0.2608695652173913 0.549520766773163 0.2670807453416149 0.549520766773163 0.2732919254658385 0.5527156549520766 0.2795031055900621 0.5527156549520766 0.2919254658385093 0.5559105431309904 0.2981366459627329 0.5559105431309904 0.32919254658385094 0.5591054313099042 0.33540372670807456 0.5591054313099042 0.35403726708074534 0.5623003194888179 0.36024844720496896 0.5623003194888179 0.37888198757763975 0.5654952076677316 0.38509316770186336 0.5654952076677316 0.40372670807453415 0.5686900958466453 0.40993788819875776 0.5686900958466453 0.42857142857142855 0.5718849840255591 0.43478260869565216 0.5718849840255591 0.453416149068323 0.5750798722044729 0.45962732919254656 0.5750798722044729 0.484472049689441 0.5782747603833865 0.4906832298136646 0.5782747603833865 0.5093167701863354 0.5814696485623003 0.515527950310559 0.5814696485623003 0.5279503105590062 0.5846645367412141 0.5341614906832298 0.5846645367412141 0.5714285714285714 0.5814696485623003 0.577639751552795 0.5814696485623003 0.5838509316770186 0.5782747603833865 0.5838509316770186 0.5750798722044729 0.5900621118012422 0.5686900958466453 0.5900621118012422 0.5654952076677316 0.5962732919254659 0.5527156549520766 0.5962732919254659 0.549520766773163 0.6024844720496895 0.5431309904153354 0.6024844720496895 0.5399361022364217 0.6086956521739131 0.5303514376996805 0.6086956521739131 0.5271565495207667 0.6149068322981367 0.5175718849840255 0.6149068322981367 0.5079872204472844 0.6273291925465838 0.5015974440894568 0.6273291925465838 0.4984025559105431 0.6335403726708074 0.49201277955271566 0.6335403726708074 0.48881789137380194 0.639751552795031 0.4728434504792332 0.639751552795031 0.4728434504792332 0.6149068322981367 0.476038338658147 0.6086956521739131 0.476038338658147 0.5962732919254659 0.46645367412140576 0.577639751552795 0.4536741214057508 0.577639751552795 0.4504792332268371 0.5714285714285714 0.4281150159744409 0.5714285714285714 0.4249201277955272 0.5652173913043478 0.3961661341853035 0.5652173913043478 0.3929712460063898 0.5590062111801242 0.3865814696485623 0.5590062111801242 0.3865814696485623 0.5527950310559007 0.38977635782747605 0.5527950310559007 0.4057507987220447 0.5341614906832298 0.41533546325878595 0.5341614906832298 0.4185303514376997 0.5279503105590062 0.4217252396166134 0.5279503105590062 0.43130990415335463 0.5093167701863354 0.43130990415335463 0.4720496894409938 0.4249201277955272 0.453416149068323 0.43130990415335463 0.4409937888198758 0.44089456869009586 0.43478260869565216 0.4472843450479233 0.422360248447205 0.45686900958466453 0.422360248447205 0.46325878594249204 0.40993788819875776 0.46325878594249204 0.40372670807453415 0.4696485623003195 0.38509316770186336 0.4696485623003195 0.37267080745341613 0.4728434504792332 0.36645962732919257 0.4696485623003195 0.36024844720496896 0.4696485623003195 0.33540372670807456 0.46645367412140576 0.32919254658385094 0.46325878594249204 0.32919254658385094 0.46325878594249204 0.3105590062111801 0.46006389776357826 0.30434782608695654 0.46006389776357826 0.2919254658385093 0.46645367412140576 0.2919254658385093 0.4696485623003195 0.2857142857142857 0.4792332268370607 0.2857142857142857 0.48242811501597443 0.2795031055900621 0.4952076677316294 0.2795031055900621 0.4984025559105431 0.2732919254658385 0.5047923322683706 0.2732919254658385 0.5079872204472844 0.2670807453416149 0.5175718849840255 0.2670807453416149 0.5207667731629393 0.2608695652173913 0.5431309904153354 0.2608695652173913
19 0.402555910543131 0.14906832298136646 0.402555910543131 0.16149068322981366 0.41533546325878595 0.19254658385093168 0.4185303514376997 0.2111801242236025 0.4217252396166134 0.21739130434782608 0.4217252396166134 0.2236024844720497 0.43450479233226835 0.2484472049689441 0.43450479233226835 0.2546583850931677 0.44089456869009586 0.2670807453416149 0.44089456869009586 0.2732919254658385 0.45686900958466453 0.30434782608695654 0.45686900958466453 0.32919254658385094 0.46645367412140576 0.34782608695652173 0.46645367412140576 0.37267080745341613 0.46325878594249204 0.37888198757763975 0.46325878594249204 0.391304347826087 0.4536741214057508 0.40993788819875776 0.4504792332268371 0.40993788819875776 0.4472843450479233 0.4161490683229814 0.44089456869009586 0.4161490683229814 0.43450479233226835 0.42857142857142855 0.4281150159744409 0.42857142857142855 0.4249201277955272 0.43478260869565216 0.4185303514376997 0.43478260869565216 0.4185303514376997 0.42857142857142855 0.41214057507987223 0.4161490683229814 0.41214057507987223 0.40993788819875776 0.40894568690095845 0.40372670807453415 0.40894568690095845 0.38509316770186336 0.402555910543131 0.37267080745341613 0.402555910543131 0.35403726708074534 0.3993610223642173 0.34782608695652173 0.3993610223642173 0.3416149068322981 0.38977635782747605 0.32298136645962733 0.3865814696485623 0.32298136645962733 0.38977635782747605 0.3167701863354037 0.38338658146964855 0.2981366459627329 0.38338658146964855 0.2795031055900621 0.3801916932907348 0.2732919254658385 0.3801916932907348 0.2608695652173913 0.3706070287539936 0.2422360248447205 0.36741214057507987 0.2422360248447205 0.3610223642172524 0.2236024844720497 0.35782747603833864 0.22981366459627328 0.35782747603833864 0.2360248447204969 0.35782747603833864 0.22981366459627328 0.3546325878594249 0.2236024844720497 0.33865814696485624 0.2236024844720497 0.3354632587859425 0.22981366459627328 0.329073482428115 0.22981366459627328 0.3258785942492013 0.2360248447204969 0.3226837060702875 0.22981366459627328 0.31629392971246006 0.2422360248447205 0.3194888178913738 0.2484472049689441 0.30670926517571884 0.2484472049689441 0.3003194888178914 0.2608695652173913 0.29073482428115016 0.2608695652173913 0.28753993610223644 0.2670807453416149 0.2779552715654952 0.2732919254658385 0.2715654952076677 0.2857142857142857 0.268370607028754 0.2857142857142857 0.26517571884984026 0.2919254658385093 0.25878594249201275 0.2919254658385093 0.2523961661341853 0.30434782608695654 0.24920127795527156 0.2981366459627329 0.24920127795527156 0.2732919254658385 0.26517571884984026 0.2422360248447205 0.268370607028754 0.2422360248447205 0.29073482428115016 0.19875776397515527 0.2939297124600639 0.19875776397515527 0.2971246006389776 0.19254658385093168 0.3003194888178914 0.19254658385093168 0.3035143769968051 0.18633540372670807 0.31309904153354634 0.18012422360248448 0.3226837060702875 0.16149068322981366 0.3226837060702875 0.15527950310559005 0.3258785942492013 0.14906832298136646 0.329073482428115 0.14906832298136646 0.33865814696485624 0.13043478260869565 0.34185303514376997 0.13043478260869565 0.35782747603833864 0.10559006211180125 0.3610223642172524 0.10559006211180125 0.36421725239616615 0.09937888198757763 0.3738019169329074 0.09937888198757763 0.3769968051118211 0.10559006211180125 0.38338658146964855 0.10559006211180125 0.3993610223642173 0.14906832298136646
19 0.4249201277955272 0.7267080745341615 0.4281150159744409 0.7329192546583851 0.43130990415335463 0.7329192546583851 0.43130990415335463 0.7391304347826086 0.43769968051118213 0.7515527950310559 0.43769968051118213 0.7577639751552795 0.44089456869009586 0.7639751552795031 0.44089456869009586 0.7701863354037267 0.43769968051118213 0.7763975155279503 0.43769968051118213 0.7888198757763976 0.43130990415335463 0.8012422360248447 0.40894568690095845 0.8012422360248447 0.40894568690095845 0.7950310559006211 0.402555910543131 0.782608695652174 0.402555910543131 0.7577639751552795 0.4057507987220447 0.7515527950310559 0.4057507987220447 0.7391304347826086 0.40894568690095845 0.7329192546583851 0.41533546325878595 0.7329192546583851 0.4185303514376997 0.7267080745341615 0.4217252396166134 0.7267080745341615
19 0.4249201277955272 0.21739130434782608 0.43130990415335463 0.21739130434782608 0.43450479233226835 0.2236024844720497 0.44089456869009586 0.2236024844720497 0.4472843450479233 0.2360248447204969 0.4504792332268371 0.2360248447204969 0.4504792332268371 0.2422360248447205 0.4536741214057508 0.2484472049689441 0.4536741214057508 0.2608695652173913 0.4472843450479233 0.2732919254658385 0.43130990415335463 0.2422360248447205 0.4281150159744409 0.2236024844720497
19 0.31629392971246006 0.2111801242236025 0.3194888178913738 0.21739130434782608 0.33865814696485624 0.21739130434782608 0.34185303514376997 0.2236024844720497 0.3610223642172524 0.2236024844720497 0.36421725239616615 0.22981366459627328 0.3706070287539936 0.22981366459627328 0.3738019169329074 0.2360248447204969 0.3738019169329074 0.2422360248447205 0.3769968051118211 0.2484472049689441 0.3769968051118211 0.2608695652173913 0.3801916932907348 0.2670807453416149 0.3801916932907348 0.2795031055900621 0.3865814696485623 0.2919254658385093 0.3865814696485623 0.30434782608695654 0.3961661341853035 0.3167701863354037 0.3929712460063898 0.32298136645962733 0.3961661341853035 0.32919254658385094 0.3961661341853035 0.3416149068322981 0.3993610223642173 0.34782608695652173 0.3993610223642173 0.36024844720496896 0.402555910543131 0.36645962732919257 0.402555910543131 0.37267080745341613 0.40894568690095845 0.38509316770186336 0.40894568690095845 0.40993788819875776 0.41214057507987223 0.4161490683229814 0.41533546325878595 0.43478260869565216 0.4217252396166134 0.4472049689440994 0.4217252396166134 0.45962732919254656 0.4249201277955272 0.4658385093167702 0.4249201277955272 0.484472049689441 0.4281150159744409 0.4906832298136646 0.4281150159744409 0.5031055900621118 0.4249201277955272 0.5093167701863354 0.4249201277955272 0.515527950310559 0.4217252396166134 0.515527950310559 0.4185303514376997 0.5217391304347826 0.4057507987220447 0.5217391304347826 0.3961661341853035 0.5341614906832298 0.38977635782747605 0.5341614906832298 0.3865814696485623 0.5403726708074534 0.3801916932907348 0.5403726708074534 0.3706070287539936 0.5590062111801242 0.3610223642172524 0.5652173913043478 0.3514376996805112 0.546583850931677 0.34824281150159747 0.546583850931677 0.33226837060702874 0.515527950310559 0.329073482428115 0.515527950310559 0.3258785942492013 0.5093167701863354 0.3226837060702875 0.5093167701863354 0.31629392971246006 0.4968944099378882 0.31309904153354634 0.4968944099378882 0.2971246006389776 0.4658385093167702 0.2939297124600639 0.4472049689440994 0.28434504792332266 0.42857142857142855 0.28434504792332266 0.422360248447205 0.26517571884984026 0.38509316770186336 0.26198083067092653 0.38509316770186336 0.25559105431309903 0.37267080745341613 0.25559105431309903 0.36645962732919257 0.24920127795527156 0.35403726708074534 0.24920127795527156 0.3105590062111801 0.2715654952076677 0.2732919254658385 0.28115015974440893 0.2732919254658385 0.28434504792332266 0.2670807453416149 0.28753993610223644 0.2670807453416149 0.29073482428115016 0.2608695652173913 0.28753993610223644 0.2546583850931677 0.29073482428115016 0.2608695652173913 0.2971246006389776 0.2608695652173913 0.3003194888178914 0.2546583850931677 0.30990415335463256 0.2546583850931677 0.31309904153354634 0.2484472049689441 0.31309904153354634 0.2422360248447205 0.30990415335463256 0.2360248447204969 0.3194888178913738 0.2360248447204969 0.3226837060702875 0.22981366459627328 0.3194888178913738 0.2236024844720497 0.3194888178913738 0.21739130434782608
19 0.28115015974440893 0.12422360248447205 0.28434504792332266 0.12422360248447205 0.28115015974440893 0.12422360248447205 0.2779552715654952 0.13043478260869565 0.28115015974440893 0.13664596273291926 0.28753993610223644 0.13664596273291926 0.28753993610223644 0.15527950310559005 0.28434504792332266 0.16149068322981366 0.28434504792332266 0.18633540372670807 0.2779552715654952 0.19875776397515527 0.2779552715654952 0.20496894409937888 0.268370607028754 0.20496894409937888 0.26517571884984026 0.19875776397515527 0.25878594249201275 0.19875776397515527 0.24920127795527156 0.18633540372670807 0.2364217252396166 0.18633540372670807 0.23003194888178913 0.17391304347826086 0.2364217252396166 0.15527950310559005 0.2364217252396166 0.14285714285714285 0.23961661341853036 0.13664596273291926 0.23961661341853036 0.13043478260869565 0.2779552715654952 0.13043478260869565
19 0.4504792332268371 0.7763975155279503 0.4536741214057508 0.7701863354037267 0.4536741214057508 0.7577639751552795 0.45686900958466453 0.7515527950310559 0.45686900958466453 0.7329192546583851 0.46006389776357826 0.7267080745341615 0.46325878594249204 0.7267080745341615 0.46645367412140576 0.7329192546583851 0.46645367412140576 0.7577639751552795 0.46325878594249204 0.7639751552795031 0.46325878594249204 0.7763975155279503 0.46006389776357826 0.782608695652174 0.4536741214057508 0.782608695652174
19 0.43450479233226835 0.546583850931677 0.4440894568690096 0.546583850931677 0.4472843450479233 0.5527950310559007 0.4472843450479233 0.5652173913043478 0.4440894568690096 0.5714285714285714 0.44089456869009586 0.5714285714285714 0.4440894568690096 0.5714285714285714 0.4472843450479233 0.5652173913043478 0.4440894568690096 0.5590062111801242 0.43450479233226835 0.5527950310559007
19 0.5463258785942492 0.2608695652173913 0.5559105431309904 0.2919254658385093 0.5559105431309904 0.3167701863354037 0.5591054313099042 0.32298136645962733 0.5591054313099042 0.35403726708074534 0.5623003194888179 0.36024844720496896 0.5623003194888179 0.37888198757763975 0.5654952076677316 0.38509316770186336 0.5654952076677316 0.40372670807453415 0.5686900958466453 0.40993788819875776 0.5686900958466453 0.422360248447205 0.5654952076677316 0.422360248447205 0.5623003194888179 0.42857142857142855 0.5559105431309904 0.42857142857142855 0.5527156549520766 0.43478260869565216 0.5207667731629393 0.43478260869565216 0.5175718849840255 0.4409937888198758 0.5047923322683706 0.4409937888198758 0.5015974440894568 0.4472049689440994 0.49201277955271566 0.4472049689440994 0.48881789137380194 0.4409937888198758 0.4696485623003195 0.4409937888198758 0.46645367412140576 0.43478260869565216 0.46325878594249204 0.43478260869565216 0.46325878594249204 0.422360248447205 0.46645367412140576 0.4161490683229814 0.46645367412140576 0.38509316770186336 0.4696485623003195 0.37888198757763975 0.4696485623003195 0.3416149068322981 0.46645367412140576 0.33540372670807456 0.46325878594249204 0.33540372670807456 0.46325878594249204 0.3105590062111801 0.46006389776357826 0.30434782608695654 0.46006389776357826 0.2919254658385093 0.46325878594249204 0.2919254658385093 0.46645367412140576 0.2857142857142857 0.476038338658147 0.2857142857142857 0.4792332268370607 0.2795031055900621 0.49201277955271566 0.2795031055900621 0.4952076677316294 0.2732919254658385 0.5047923322683706 0.2732919254658385 0.5079872204472844 0.2670807453416149 0.5143769968051118 0.2670807453416149 0.5175718849840255 0.2608695652173913 0.5335463258785943 0.2608695652173913 0.536741214057508 0.2546583850931677 0.5399361022364217 0.2546583850931677 0.5431309904153354 0.2608695652173913
19 0.17891373801916932 0.7763975155279503 0.18210862619808307 0.7701863354037267 0.18210862619808307 0.7577639751552795 0.18849840255591055 0.7453416149068323 0.19169329073482427 0.7453416149068323 0.19488817891373802 0.7391304347826086 0.20447284345047922 0.7391304347826086 0.20766773162939298 0.7453416149068323 0.21405750798722045 0.7453416149068323 0.22044728434504793 0.7639751552795031 0.22044728434504793 0.782608695652174 0.21725239616613418 0.7888198757763976 0.21725239616613418 0.7950310559006211 0.2108626198083067 0.8074534161490683 0.20766773162939298 0.8074534161490683 0.20447284345047922 0.8136645962732919 0.18849840255591055 0.8136645962732919 0.18210862619808307 0.8012422360248447 0.18210862619808307 0.7950310559006211 0.17891373801916932 0.7888198757763976 0.18210862619808307 0.782608695652174
19 0.4249201277955272 0.546583850931677 0.4281150159744409 0.546583850931677 0.43450479233226835 0.5341614906832298 0.4440894568690096 0.5341614906832298 0.4440894568690096 0.5403726708074534 0.4504792332268371 0.5590062111801242 0.4504792332268371 0.5714285714285714 0.4472843450479233 0.577639751552795 0.44089456869009586 0.577639751552795 0.43769968051118213 0.5714285714285714 0.4249201277955272 0.5714285714285714 0.4217252396166134 0.5652173913043478 0.4185303514376997 0.5652173913043478 0.4249201277955272 0.5527950310559007
19 0.3610223642172524 0.037267080745341616 0.36421725239616615 0.043478260869565216 0.3738019169329074 0.043478260869565216 0.3769968051118211 0.049689440993788817 0.38338658146964855 0.049689440993788817 0.3865814696485623 0.055900621118012424 0.3961661341853035 0.055900621118012424 0.3993610223642173 0.062111801242236024 0.4057507987220447 0.062111801242236024 0.40894568690095845 0.06832298136645963 0.41533546325878595 0.06832298136645963 0.4185303514376997 0.07453416149068323 0.4249201277955272 0.07453416149068323 0.4281150159744409 0.08074534161490683 0.43769968051118213 0.08074534161490683 0.4472843450479233 0.09316770186335403 0.4536741214057508 0.09316770186335403 0.45686900958466453 0.09937888198757763 0.46325878594249204 0.09937888198757763 0.46645367412140576 0.10559006211180125 0.4728434504792332 0.10559006211180125 0.48242811501597443 0.11801242236024845 0.48242811501597443 0.14906832298136646 0.4792332268370607 0.15527950310559005 0.4792332268370607 0.16770186335403728 0.4696485623003195 0.19875776397515527 0.4696485623003195 0.2111801242236025 0.46325878594249204 0.22981366459627328 0.46325878594249204 0.2422360248447205 0.46006389776357826 0.2484472049689441 0.46006389776357826 0.2546583850931677 0.45686900958466453 0.2608695652173913 0.45686900958466453 0.2732919254658385 0.4536741214057508 0.2795031055900621 0.4504792332268371 0.2795031055900621 0.44089456869009586 0.2608695652173913 0.44089456869009586 0.2546583850931677 0.43130990415335463 0.2360248447204969 0.43130990415335463 0.22981366459627328 0.4185303514376997 0.19875776397515527 0.4185303514376997 0.19254658385093168 0.41533546325878595 0.18633540372670807 0.41214057507987223 0.16770186335403728 0.4057507987220447 0.15527950310559005 0.4057507987220447 0.14906832298136646 0.3929712460063898 0.12422360248447205 0.38977635782747605 0.10559006211180125 0.3801916932907348 0.09316770186335403 0.36421725239616615 0.09316770186335403 0.3610223642172524 0.09937888198757763 0.35782747603833864 0.09937888198757763 0.34824281150159747 0.11801242236024845 0.33865814696485624 0.12422360248447205 0.33226837060702874 0.13664596273291926 0.329073482428115 0.13664596273291926 0.3226837060702875 0.14906832298136646 0.3194888178913738 0.14906832298136646 0.31309904153354634 0.16149068322981366 0.31309904153354634 0.16770186335403728 0.30990415335463256 0.16770186335403728 0.3035143769968051 0.18012422360248448 0.2939297124600639 0.18633540372670807 0.28753993610223644 0.19875776397515527 0.28434504792332266 0.19875776397515527 0.28434504792332266 0.19254658385093168 0.28753993610223644 0.18633540372670807 0.28753993610223644 0.17391304347826086 0.29073482428115016 0.16770186335403728 0.29073482428115016 0.15527950310559005 0.2939297124600639 0.14906832298136646 0.2939297124600639 0.13664596273291926 0.3003194888178914 0.11801242236024845 0.3003194888178914 0.10559006211180125 0.3035143769968051 0.09937888198757763 0.3035143769968051 0.08695652173913043 0.30670926517571884 0.08074534161490683 0.30670926517571884 0.06832298136645963 0.30990415335463256 0.062111801242236024 0.30990415335463256 0.049689440993788817 0.31309904153354634 0.043478260869565216 0.31309904153354634 0.037267080745341616 0.3226837060702875 0.024844720496894408 0.33865814696485624 0.024844720496894408 0.34185303514376997 0.031055900621118012 0.34824281150159747 0.031055900621118012 0.3514376996805112 0.037267080745341616 0.35782747603833864 0.037267080745341616
19 0.46006389776357826 0.7329192546583851 0.4792332268370607 0.7329192546583851 0.48242811501597443 0.7391304347826086 0.48881789137380194 0.7391304347826086 0.4952076677316294 0.7515527950310559 0.4952076677316294 0.782608695652174 0.49201277955271566 0.7888198757763976 0.49201277955271566 0.8012422360248447 0.48562300319488816 0.8136645962732919 0.476038338658147 0.8074534161490683 0.4696485623003195 0.7950310559006211 0.46006389776357826 0.7950310559006211 0.46006389776357826 0.7888198757763976 0.45686900958466453 0.782608695652174 0.46006389776357826 0.7763975155279503 0.45686900958466453 0.7701863354037267 0.4536741214057508 0.7701863354037267 0.45686900958466453 0.7701863354037267 0.46006389776357826 0.7763975155279503 0.46325878594249204 0.7701863354037267 0.46325878594249204 0.7391304347826086
19 0.5846645367412141 0.5900621118012422 0.5878594249201278 0.5962732919254659 0.5942492012779552 0.5962732919254659 0.597444089456869 0.5900621118012422 0.6070287539936102 0.5900621118012422 0.6134185303514377 0.6024844720496895 0.6134185303514377 0.6086956521739131 0.6166134185303515 0.6149068322981367 0.6134185303514377 0.6211180124223602 0.6134185303514377 0.6894409937888198 0.610223642172524 0.6956521739130435 0.610223642172524 0.7204968944099379 0.6070287539936102 0.7267080745341615 0.597444089456869 0.7267080745341615 0.5942492012779552 0.7329192546583851 0.5750798722044729 0.7329192546583851 0.5718849840255591 0.7267080745341615 0.5431309904153354 0.7267080745341615 0.5399361022364217 0.7204968944099379 0.5111821086261981 0.7204968944099379 0.5047923322683706 0.7329192546583851 0.5047923322683706 0.7391304347826086 0.4984025559105431 0.7577639751552795 0.4984025559105431 0.7701863354037267 0.4952076677316294 0.7763975155279503 0.4952076677316294 0.7888198757763976 0.49201277955271566 0.7950310559006211 0.48881789137380194 0.8136645962732919 0.48562300319488816 0.8136645962732919 0.48242811501597443 0.8198757763975155 0.476038338658147 0.8198757763975155 0.4728434504792332 0.8136645962732919 0.45686900958466453 0.8136645962732919 0.4536741214057508 0.8074534161490683 0.4504792332268371 0.8074534161490683 0.4536741214057508 0.8012422360248447 0.4536741214057508 0.7701863354037267 0.45686900958466453 0.7639751552795031 0.45686900958466453 0.7391304347826086 0.46006389776357826 0.7329192546583851 0.46006389776357826 0.7204968944099379 0.46325878594249204 0.7142857142857143 0.46325878594249204 0.6956521739130435 0.46645367412140576 0.6894409937888198 0.46645367412140576 0.6708074534161491 0.4728434504792332 0.6521739130434783 0.48242811501597443 0.6521739130434783 0.48562300319488816 0.6459627329192547 0.5015974440894568 0.6459627329192547 0.5047923322683706 0.639751552795031 0.5079872204472844 0.639751552795031 0.5143769968051118 0.6273291925465838 0.5207667731629393 0.6273291925465838 0.5239616613418531 0.6211180124223602 0.5335463258785943 0.6211180124223602 0.536741214057508 0.6149068322981367 0.5431309904153354 0.6149068322981367 0.5463258785942492 0.6086956521739131 0.5559105431309904 0.6086956521739131 0.5591054313099042 0.6024844720496895 0.5718849840255591 0.6024844720496895 0.5750798722044729 0.5962732919254659 0.5814696485623003 0.5962732919254659
19 0.34185303514376997 0.07453416149068323 0.35782747603833864 0.09316770186335403 0.35782747603833864 0.09937888198757763 0.34185303514376997 0.12422360248447205 0.329073482428115 0.12422360248447205 0.3194888178913738 0.10559006211180125 0.3194888178913738 0.08074534161490683 0.3226837060702875 0.07453416149068323 0.33865814696485624 0.07453416149068323
19 0.4728434504792332 0.30434782608695654 0.48242811501597443 0.3167701863354037 0.48242811501597443 0.33540372670807456 0.48881789137380194 0.34782608695652173 0.48881789137380194 0.36024844720496896 0.4952076677316294 0.37267080745341613 0.48881789137380194 0.38509316770186336 0.49201277955271566 0.391304347826087 0.49201277955271566 0.40372670807453415 0.48881789137380194 0.40993788819875776 0.48881789137380194 0.4161490683229814 0.48242811501597443 0.4161490683229814 0.4792332268370607 0.422360248447205 0.476038338658147 0.422360248447205 0.46645367412140576 0.40993788819875776 0.46645367412140576 0.38509316770186336 0.4696485623003195 0.37888198757763975 0.4696485623003195 0.34782608695652173 0.46325878594249204 0.33540372670807456 0.46325878594249204 0.3105590062111801 0.46645367412140576 0.30434782608695654 0.4696485623003195 0.30434782608695654
19 0.5846645367412141 0.5900621118012422 0.5878594249201278 0.5962732919254659 0.610223642172524 0.5962732919254659 0.6166134185303515 0.6086956521739131 0.6166134185303515 0.639751552795031 0.6134185303514377 0.6459627329192547 0.6134185303514377 0.7080745341614907 0.610223642172524 0.7142857142857143 0.610223642172524 0.7204968944099379 0.6038338658146964 0.7329192546583851 0.5782747603833865 0.7329192546583851 0.5750798722044729 0.7267080745341615 0.5431309904153354 0.7267080745341615 0.5399361022364217 0.7204968944099379 0.5143769968051118 0.7204968944099379 0.5143769968051118 0.7018633540372671 0.5175718849840255 0.6956521739130435 0.5175718849840255 0.6521739130434783 0.5111821086261981 0.639751552795031 0.5111821086261981 0.6335403726708074 0.5143769968051118 0.6273291925465838 0.5175718849840255 0.6273291925465838 0.5207667731629393 0.6211180124223602 0.5335463258785943 0.6211180124223602 0.536741214057508 0.6149068322981367 0.5431309904153354 0.6149068322981367 0.5463258785942492 0.6086956521739131 0.5559105431309904 0.6086956521739131 0.5591054313099042 0.6024844720496895 0.5718849840255591 0.6024844720496895 0.5750798722044729 0.5962732919254659 0.5814696485623003 0.5962732919254659
19 0.43130990415335463 0.12422360248447205 0.43769968051118213 0.13664596273291926 0.4440894568690096 0.13664596273291926 0.4472843450479233 0.14285714285714285 0.4536741214057508 0.14285714285714285 0.45686900958466453 0.14906832298136646 0.46006389776357826 0.14906832298136646 0.46645367412140576 0.16149068322981366 0.46645367412140576 0.18012422360248448 0.46325878594249204 0.18633540372670807 0.4504792332268371 0.18633540372670807 0.4472843450479233 0.18012422360248448 0.43450479233226835 0.18012422360248448 0.43130990415335463 0.17391304347826086 0.4249201277955272 0.17391304347826086 0.4217252396166134 0.16770186335403728 0.41214057507987223 0.16770186335403728 0.40894568690095845 0.16149068322981366 0.40894568690095845 0.13043478260869565 0.41214057507987223 0.12422360248447205 0.4281150159744409 0.12422360248447205
19 0.25559105431309903 0.7329192546583851 0.25878594249201275 0.7391304347826086 0.2715654952076677 0.7391304347826086 0.2779552715654952 0.7577639751552795 0.2779552715654952 0.7701863354037267 0.2747603833865815 0.7763975155279503 0.2747603833865815 0.7888198757763976 0.268370607028754 0.8012422360248447 0.26517571884984026 0.8012422360248447 0.26198083067092653 0.8074534161490683 0.2523961661341853 0.8074534161490683 0.24920127795527156 0.8012422360248447 0.24281150159744408 0.8012422360248447 0.24281150159744408 0.7950310559006211 0.23961661341853036 0.7888198757763976 0.23961661341853036 0.7515527950310559 0.24281150159744408 0.7453416149068323 0.24281150159744408 0.7391304347826086 0.2523961661341853 0.7329192546583851
19 0.5591054313099042 0.5217391304347826 0.038338658146964855 0.11180124223602485
19 0.3546325878594249 0.7018633540372671 0.35782747603833864 0.7080745341614907 0.3610223642172524 0.7080745341614907 0.36421725239616615 0.7018633540372671 0.43450479233226835 0.7018633540372671 0.43769968051118213 0.6956521739130435 0.4472843450479233 0.7018633540372671 0.4504792332268371 0.7080745341614907 0.4504792332268371 0.7142857142857143 0.4472843450479233 0.7204968944099379 0.4536741214057508 0.7391304347826086 0.4472843450479233 0.7577639751552795 0.4472843450479233 0.7888198757763976 0.4504792332268371 0.7950310559006211 0.4472843450479233 0.8012422360248447 0.4472843450479233 0.8074534161490683 0.4440894568690096 0.8074534161490683 0.43450479233226835 0.8198757763975155 0.25559105431309903 0.8198757763975155 0.2523961661341853 0.8260869565217391 0.21405750798722045 0.8260869565217391 0.2108626198083067 0.8322981366459627 0.16613418530351437 0.8322981366459627 0.16293929712460065 0.8260869565217391 0.16293929712460065 0.8136645962732919 0.1597444089456869 0.8074534161490683 0.1597444089456869 0.8012422360248447 0.16293929712460065 0.7950310559006211 0.16293929712460065 0.7577639751552795 0.16613418530351437 0.7515527950310559 0.16613418530351437 0.7329192546583851 0.1757188498402556 0.7142857142857143 0.17891373801916932 0.7142857142857143 0.18210862619808307 0.7080745341614907 0.19169329073482427 0.7080745341614907 0.19488817891373802 0.7018633540372671 0.29073482428115016 0.7018633540372671 0.2939297124600639 0.6956521739130435 0.34185303514376997 0.6956521739130435 0.3450479233226837 0.7018633540372671 0.3514376996805112 0.7018633540372671
19 0.2971246006389776 0.16149068322981366 0.3003194888178914 0.16149068322981366 0.30670926517571884 0.14906832298136646 0.31629392971246006 0.14906832298136646 0.3194888178913738 0.15527950310559005 0.3194888178913738 0.16149068322981366 0.31629392971246006 0.16770186335403728 0.31309904153354634 0.16770186335403728 0.3035143769968051 0.18012422360248448 0.3003194888178914 0.18012422360248448 0.3003194888178914 0.17391304347826086 0.2971246006389776 0.16770186335403728