19 0.4336734693877551 0.25 0.44387755102040816 0.2611111111111111 0.4489795918367347 0.2611111111111111 0.4489795918367347 0.26666666666666666 0.45918367346938777 0.2777777777777778 0.45918367346938777 0.3055555555555556 0.45408163265306123 0.3111111111111111 0.45408163265306123 0.31666666666666665 0.4489795918367347 0.32222222222222224 0.44387755102040816 0.32222222222222224 0.4387755102040816 0.3277777777777778 0.42857142857142855 0.3277777777777778 0.42346938775510207 0.3333333333333333 0.37244897959183676 0.3333333333333333 0.3673469387755102 0.3277777777777778 0.35714285714285715 0.3277777777777778 0.35714285714285715 0.32222222222222224 0.3520408163265306 0.31666666666666665 0.3520408163265306 0.2722222222222222 0.37244897959183676 0.25 0.3826530612244898 0.25 0.3877551020408163 0.24444444444444444 0.42346938775510207 0.24444444444444444 0.42857142857142855 0.25
19 0.16326530612244897 0.23333333333333334 0.1683673469387755 0.2388888888888889 0.1836734693877551 0.2388888888888889 0.18877551020408162 0.24444444444444444 0.19387755102040816 0.24444444444444444 0.21428571428571427 0.26666666666666666 0.21428571428571427 0.2722222222222222 0.2193877551020408 0.2777777777777778 0.2193877551020408 0.29444444444444445 0.21428571428571427 0.3 0.21428571428571427 0.3055555555555556 0.20918367346938777 0.3111111111111111 0.20918367346938777 0.31666666666666665 0.1989795918367347 0.3277777777777778 0.14795918367346939 0.3277777777777778 0.14285714285714285 0.32222222222222224 0.1326530612244898 0.32222222222222224 0.11734693877551021 0.3055555555555556 0.11734693877551021 0.3 0.11224489795918367 0.29444444444444445 0.11224489795918367 0.2833333333333333 0.10714285714285714 0.2777777777777778 0.10714285714285714 0.2722222222222222 0.11224489795918367 0.26666666666666666 0.11224489795918367 0.2611111111111111 0.12755102040816327 0.24444444444444444 0.1326530612244898 0.24444444444444444 0.1377551020408163 0.2388888888888889 0.15816326530612246 0.2388888888888889
19 0.5255102040816326 0.5555555555555556 0.5306122448979592 0.5611111111111111 0.5459183673469388 0.5611111111111111 0.5510204081632653 0.5666666666666667 0.5561224489795918 0.5666666666666667 0.5612244897959183 0.5722222222222222 0.5663265306122449 0.5722222222222222 0.5663265306122449 0.5777777777777777 0.5714285714285714 0.5833333333333334 0.5714285714285714 0.5888888888888889 0.576530612244898 0.5944444444444444 0.576530612244898 0.6111111111111112 0.5714285714285714 0.6166666666666667 0.5714285714285714 0.6222222222222222 0.5663265306122449 0.6222222222222222 0.5612244897959183 0.6277777777777778 0.5561224489795918 0.6277777777777778 0.5510204081632653 0.6333333333333333 0.5357142857142857 0.6333333333333333 0.5306122448979592 0.6388888888888888 0.4846938775510204 0.6388888888888888 0.4744897959183674 0.6277777777777778 0.46938775510204084 0.6277777777777778 0.45408163265306123 0.6111111111111112 0.45408163265306123 0.5888888888888889 0.45918367346938777 0.5833333333333334 0.45918367346938777 0.5777777777777777 0.46938775510204084 0.5666666666666667 0.4744897959183674 0.5666666666666667 0.47959183673469385 0.5611111111111111 0.5 0.5611111111111111 0.5051020408163265 0.5555555555555556 0.5204081632653061 0.5555555555555556
19 0.75 0.5388888888888889 0.7551020408163265 0.5444444444444444 0.7806122448979592 0.5444444444444444 0.7857142857142857 0.55 0.8010204081632653 0.55 0.8163265306122449 0.5666666666666667 0.8163265306122449 0.5722222222222222 0.8214285714285714 0.5777777777777777 0.8214285714285714 0.5833333333333334 0.826530612244898 0.5888888888888889 0.826530612244898 0.5944444444444444 0.8214285714285714 0.6 0.8214285714285714 0.6222222222222222 0.8163265306122449 0.6277777777777778 0.8112244897959183 0.6277777777777778 0.8010204081632653 0.6388888888888888 0.7959183673469388 0.6388888888888888 0.7908163265306123 0.6444444444444445 0.7653061224489796 0.6444444444444445 0.7602040816326531 0.6388888888888888 0.75 0.6388888888888888 0.7448979591836735 0.6333333333333333 0.7397959183673469 0.6333333333333333 0.7346938775510204 0.6277777777777778 0.7295918367346939 0.6277777777777778 0.7142857142857143 0.6111111111111112 0.7142857142857143 0.6055555555555555 0.7091836734693877 0.6 0.7091836734693877 0.5777777777777777 0.7142857142857143 0.5722222222222222 0.7142857142857143 0.5666666666666667 0.7346938775510204 0.5444444444444444 0.7448979591836735 0.5444444444444444
19 0.3877551020408163 0.4388888888888889 0.39285714285714285 0.4444444444444444 0.4030612244897959 0.4444444444444444 0.40816326530612246 0.45 0.413265306122449 0.45 0.41836734693877553 0.45555555555555555 0.42857142857142855 0.45555555555555555 0.44387755102040816 0.4722222222222222 0.44387755102040816 0.48333333333333334 0.4489795918367347 0.4888888888888889 0.4489795918367347 0.5055555555555555 0.44387755102040816 0.5111111111111111 0.44387755102040816 0.5222222222222223 0.4387755102040816 0.5277777777777778 0.4336734693877551 0.5277777777777778 0.42857142857142855 0.5333333333333333 0.4030612244897959 0.5333333333333333 0.3979591836734694 0.5277777777777778 0.3673469387755102 0.5277777777777778 0.3622448979591837 0.5222222222222223 0.35714285714285715 0.5222222222222223 0.3469387755102041 0.5111111111111111 0.34183673469387754 0.5111111111111111 0.34183673469387754 0.5055555555555555 0.336734693877551 0.5 0.336734693877551 0.49444444444444446 0.33163265306122447 0.4888888888888889 0.33163265306122447 0.48333333333333334 0.336734693877551 0.4777777777777778 0.336734693877551 0.4722222222222222 0.3622448979591837 0.4444444444444444 0.37244897959183676 0.4444444444444444 0.37755102040816324 0.4388888888888889 0.3826530612244898 0.4388888888888889
19 0.2755102040816326 0.34444444444444444 0.28061224489795916 0.35 0.29591836734693877 0.35 0.3010204081632653 0.35555555555555557 0.30612244897959184 0.35555555555555557 0.3112244897959184 0.3611111111111111 0.3163265306122449 0.3611111111111111 0.33163265306122447 0.37777777777777777 0.33163265306122447 0.4 0.32653061224489793 0.40555555555555556 0.32653061224489793 0.4111111111111111 0.32142857142857145 0.4166666666666667 0.3112244897959184 0.4166666666666667 0.3010204081632653 0.42777777777777776 0.2653061224489796 0.42777777777777776 0.2602040816326531 0.4222222222222222 0.2602040816326531 0.4166666666666667 0.25510204081632654 0.4111111111111111 0.25510204081632654 0.40555555555555556 0.25 0.4 0.25 0.39444444444444443 0.24489795918367346 0.3888888888888889 0.25 0.38333333333333336 0.25 0.37222222222222223 0.27040816326530615 0.35
19 0.28061224489795916 0.06111111111111111 0.2857142857142857 0.06666666666666667 0.3010204081632653 0.06666666666666667 0.3112244897959184 0.07777777777777778 0.3163265306122449 0.07777777777777778 0.35714285714285715 0.12222222222222222 0.3622448979591837 0.12222222222222222 0.3826530612244898 0.14444444444444443 0.3877551020408163 0.14444444444444443 0.413265306122449 0.17222222222222222 0.41836734693877553 0.17222222222222222 0.49489795918367346 0.25555555555555554 0.5 0.25555555555555554 0.5102040816326531 0.26666666666666666 0.5153061224489796 0.26666666666666666 0.5306122448979592 0.2833333333333333 0.5357142857142857 0.2833333333333333 0.5612244897959183 0.3111111111111111 0.5663265306122449 0.3111111111111111 0.5663265306122449 0.31666666666666665 0.576530612244898 0.3277777777777778 0.5816326530612245 0.3277777777777778 0.5918367346938775 0.3388888888888889 0.5969387755102041 0.3388888888888889 0.6071428571428571 0.35 0.6122448979591837 0.35 0.6173469387755102 0.35555555555555557 0.6224489795918368 0.35555555555555557 0.6275510204081632 0.3611111111111111 0.6326530612244898 0.3611111111111111 0.6377551020408163 0.36666666666666664 0.6428571428571429 0.36666666666666664 0.6581632653061225 0.38333333333333336 0.6632653061224489 0.38333333333333336 0.6887755102040817 0.4111111111111111 0.6938775510204082 0.4111111111111111 0.7040816326530612 0.4222222222222222 0.7091836734693877 0.4222222222222222 0.7193877551020408 0.43333333333333335 0.7244897959183674 0.43333333333333335 0.7295918367346939 0.4388888888888889 0.7346938775510204 0.4388888888888889 0.7448979591836735 0.45 0.75 0.45 0.7551020408163265 0.45555555555555555 0.7602040816326531 0.45555555555555555 0.7857142857142857 0.48333333333333334 0.7908163265306123 0.48333333333333334 0.8061224489795918 0.5 0.8112244897959183 0.5 0.826530612244898 0.5166666666666667 0.8316326530612245 0.5166666666666667 0.8469387755102041 0.5333333333333333 0.8520408163265306 0.5333333333333333 0.8928571428571429 0.5777777777777777 0.8928571428571429 0.6 0.8469387755102041 0.65 0.8469387755102041 0.6555555555555556 0.8367346938775511 0.6666666666666666 0.8316326530612245 0.6666666666666666 0.8061224489795918 0.6944444444444444 0.8010204081632653 0.6944444444444444 0.7908163265306123 0.7055555555555556 0.7857142857142857 0.7055555555555556 0.7704081632653061 0.7222222222222222 0.7653061224489796 0.7222222222222222 0.75 0.7388888888888889 0.7448979591836735 0.7388888888888889 0.7193877551020408 0.7666666666666667 0.7142857142857143 0.7666666666666667 0.673469387755102 0.8111111111111111 0.6683673469387755 0.8111111111111111 0.6632653061224489 0.8166666666666667 0.6581632653061225 0.8166666666666667 0.6530612244897959 0.8222222222222222 0.6326530612244898 0.8222222222222222 0.6275510204081632 0.8166666666666667 0.6224489795918368 0.8166666666666667 0.6173469387755102 0.8111111111111111 0.6122448979591837 0.8111111111111111 0.5459183673469388 0.7388888888888889 0.5408163265306123 0.7388888888888889 0.5153061224489796 0.7111111111111111 0.5102040816326531 0.7111111111111111 0.5 0.7 0.49489795918367346 0.7 0.47959183673469385 0.6833333333333333 0.4744897959183674 0.6833333333333333 0.4642857142857143 0.6722222222222223 0.45918367346938777 0.6722222222222223 0.44387755102040816 0.6555555555555556 0.4387755102040816 0.6555555555555556 0.336734693877551 0.5444444444444444 0.33163265306122447 0.5444444444444444 0.3163265306122449 0.5277777777777778 0.3112244897959184 0.5277777777777778 0.29591836734693877 0.5111111111111111 0.29081632653061223 0.5111111111111111 0.2755102040816326 0.49444444444444446 0.27040816326530615 0.49444444444444446 0.25510204081632654 0.4777777777777778 0.25 0.4777777777777778 0.23979591836734693 0.4666666666666667 0.23469387755102042 0.4666666666666667 0.22448979591836735 0.45555555555555555 0.2193877551020408 0.45555555555555555 0.20408163265306123 0.4388888888888889 0.1989795918367347 0.4388888888888889 0.1836734693877551 0.4222222222222222 0.17857142857142858 0.4222222222222222 0.1326530612244898 0.37222222222222223 0.1326530612244898 0.36666666666666664 0.12244897959183673 0.35555555555555557 0.12244897959183673 0.35 0.05612244897959184 0.2777777777777778 0.05612244897959184 0.2722222222222222 0.04081632653061224 0.25555555555555554 0.04081632653061224 0.25 0.03571428571428571 0.24444444444444444 0.03571428571428571 0.23333333333333334 0.04591836734693878 0.2222222222222222 0.05102040816326531 0.2222222222222222 0.05612244897959184 0.21666666666666667 0.061224489795918366 0.21666666666666667 0.0663265306122449 0.2111111111111111 0.07653061224489796 0.2111111111111111 0.08163265306122448 0.20555555555555555 0.08673469387755102 0.20555555555555555 0.09183673469387756 0.2 0.09693877551020408 0.2 0.10204081632653061 0.19444444444444445 0.10714285714285714 0.19444444444444445 0.11224489795918367 0.18888888888888888 0.11734693877551021 0.18888888888888888 0.12244897959183673 0.18333333333333332 0.12755102040816327 0.18333333333333332 0.1326530612244898 0.17777777777777778 0.1377551020408163 0.17777777777777778 0.14285714285714285 0.17222222222222222 0.14795918367346939 0.17222222222222222 0.1836734693877551 0.13333333333333333 0.18877551020408162 0.13333333333333333 0.2193877551020408 0.1 0.22448979591836735 0.1 0.25 0.07222222222222222 0.25510204081632654 0.07222222222222222 0.2602040816326531 0.06666666666666667 0.2755102040816326 0.06666666666666667
19 0.6581632653061225 0.65 0.673469387755102 0.6666666666666666 0.6785714285714286 0.6666666666666666 0.6836734693877551 0.6722222222222223 0.6887755102040817 0.6722222222222223 0.6989795918367347 0.6833333333333333 0.6989795918367347 0.6888888888888889 0.7040816326530612 0.6944444444444444 0.7040816326530612 0.7111111111111111 0.6989795918367347 0.7166666666666667 0.6989795918367347 0.7222222222222222 0.6785714285714286 0.7444444444444445 0.673469387755102 0.7444444444444445 0.6683673469387755 0.75 0.6581632653061225 0.75 0.6530612244897959 0.7555555555555555 0.6224489795918368 0.7555555555555555 0.6173469387755102 0.75 0.6071428571428571 0.75 0.6020408163265306 0.7444444444444445 0.5969387755102041 0.7444444444444445 0.5918367346938775 0.7388888888888889 0.5918367346938775 0.7333333333333333 0.5867346938775511 0.7277777777777777 0.5867346938775511 0.7222222222222222 0.5816326530612245 0.7166666666666667 0.5816326530612245 0.6833333333333333 0.5867346938775511 0.6777777777777778 0.5867346938775511 0.6722222222222223 0.5918367346938775 0.6666666666666666 0.5969387755102041 0.6666666666666666 0.6071428571428571 0.6555555555555556 0.6122448979591837 0.6555555555555556 0.6173469387755102 0.65 0.6530612244897959 0.65
19 0.33163265306122447 0.14444444444444443 0.336734693877551 0.15 0.336734693877551 0.15555555555555556 0.3469387755102041 0.16666666666666666 0.3469387755102041 0.20555555555555555 0.34183673469387754 0.2111111111111111 0.34183673469387754 0.21666666666666667 0.336734693877551 0.21666666666666667 0.33163265306122447 0.2222222222222222 0.32653061224489793 0.2222222222222222 0.32142857142857145 0.22777777777777777 0.2602040816326531 0.22777777777777777 0.23979591836734693 0.20555555555555555 0.23979591836734693 0.19444444444444445 0.23469387755102042 0.18888888888888888 0.23469387755102042 0.17777777777777778 0.23979591836734693 0.17222222222222222 0.23979591836734693 0.16666666666666666 0.25510204081632654 0.15 0.27040816326530615 0.15 0.28061224489795916 0.1388888888888889 0.2857142857142857 0.1388888888888889 0.29081632653061223 0.14444444444444443 0.29591836734693877 0.1388888888888889 0.32142857142857145 0.1388888888888889 0.32653061224489793 0.14444444444444443
19 0.5306122448979592 0.34444444444444444 0.5357142857142857 0.35 0.5408163265306123 0.35 0.5510204081632653 0.3611111111111111 0.5561224489795918 0.3611111111111111 0.5612244897959183 0.36666666666666664 0.5663265306122449 0.36666666666666664 0.5714285714285714 0.37222222222222223 0.5714285714285714 0.38333333333333336 0.576530612244898 0.3888888888888889 0.576530612244898 0.39444444444444443 0.5714285714285714 0.4 0.5714285714285714 0.4111111111111111 0.5663265306122449 0.4166666666666667 0.5612244897959183 0.4166666666666667 0.5510204081632653 0.42777777777777776 0.5459183673469388 0.42777777777777776 0.5408163265306123 0.43333333333333335 0.4846938775510204 0.43333333333333335 0.47959183673469385 0.42777777777777776 0.47959183673469385 0.4222222222222222 0.4744897959183674 0.4166666666666667 0.4744897959183674 0.4111111111111111 0.4642857142857143 0.4 0.4642857142857143 0.3888888888888889 0.46938775510204084 0.38333333333333336 0.46938775510204084 0.37222222222222223 0.4744897959183674 0.36666666666666664 0.4744897959183674 0.3611111111111111 0.47959183673469385 0.3611111111111111 0.4846938775510204 0.35555555555555557 0.49489795918367346 0.35555555555555557 0.5 0.35 0.5153061224489796 0.35 0.5204081632653061 0.34444444444444444 0.5255102040816326 0.34444444444444444
19 0.6632653061224489 0.4388888888888889 0.6785714285714286 0.45555555555555555 0.6836734693877551 0.45555555555555555 0.6938775510204082 0.4666666666666667 0.6938775510204082 0.49444444444444446 0.6887755102040817 0.5 0.6887755102040817 0.5055555555555555 0.6785714285714286 0.5166666666666667 0.673469387755102 0.5166666666666667 0.6683673469387755 0.5222222222222223 0.6632653061224489 0.5222222222222223 0.6581632653061225 0.5277777777777778 0.6530612244897959 0.5277777777777778 0.6479591836734694 0.5333333333333333 0.6173469387755102 0.5333333333333333 0.6122448979591837 0.5277777777777778 0.6071428571428571 0.5277777777777778 0.6020408163265306 0.5222222222222223 0.5969387755102041 0.5222222222222223 0.5867346938775511 0.5111111111111111 0.5867346938775511 0.4777777777777778 0.5918367346938775 0.4722222222222222 0.5918367346938775 0.4666666666666667 0.5969387755102041 0.46111111111111114 0.5969387755102041 0.45555555555555555 0.6020408163265306 0.45555555555555555 0.6071428571428571 0.45 0.6122448979591837 0.45 0.6173469387755102 0.4444444444444444 0.6377551020408163 0.4444444444444444 0.6428571428571429 0.4388888888888889 0.6581632653061225 0.4388888888888889