19 0.44074074074074077 0.4666666666666667 0.4444444444444444 0.4666666666666667 0.4444444444444444 0.4722222222222222 0.44814814814814813 0.4777777777777778 0.45925925925925926 0.4777777777777778 0.45925925925925926 0.48333333333333334 0.45555555555555555 0.48333333333333334 0.45185185185185184 0.4888888888888889 0.4444444444444444 0.4777777777777778 0.44074074074074077 0.4777777777777778 0.44074074074074077 0.4722222222222222
19 0.5185185185185185 0.6944444444444444 0.5296296296296297 0.7111111111111111 0.5296296296296297 0.7277777777777777 0.5259259259259259 0.7333333333333333 0.5259259259259259 0.7388888888888889 0.5222222222222223 0.7388888888888889 0.5185185185185185 0.7444444444444445 0.5111111111111111 0.7444444444444445 0.5074074074074074 0.7388888888888889 0.5 0.7388888888888889 0.4962962962962963 0.7333333333333333 0.4962962962962963 0.7222222222222222 0.5037037037037037 0.7111111111111111 0.5037037037037037 0.7055555555555556 0.5111111111111111 0.6944444444444444 0.5148148148148148 0.6944444444444444
19 0.37407407407407406 0.5111111111111111 0.37777777777777777 0.5111111111111111 0.36666666666666664 0.5166666666666667 0.362962962962963 0.5222222222222223 0.362962962962963 0.5277777777777778 0.36666666666666664 0.5333333333333333 0.37777777777777777 0.5333333333333333 0.37777777777777777 0.5444444444444444 0.3814814814814815 0.55 0.3814814814814815 0.5611111111111111 0.37407407407407406 0.5722222222222222 0.37407407407407406 0.5777777777777777 0.37037037037037035 0.5833333333333334 0.37037037037037035 0.5888888888888889 0.36666666666666664 0.5944444444444444 0.362962962962963 0.6111111111111112 0.35555555555555557 0.6222222222222222 0.35555555555555557 0.6333333333333333 0.35185185185185186 0.6388888888888888 0.35185185185185186 0.65 0.34444444444444444 0.6611111111111111 0.34444444444444444 0.6666666666666666 0.34074074074074073 0.6722222222222223 0.32222222222222224 0.6722222222222223 0.3074074074074074 0.65 0.3074074074074074 0.6444444444444445 0.3037037037037037 0.6388888888888888 0.3 0.6388888888888888 0.3 0.6333333333333333 0.29259259259259257 0.6166666666666667 0.29259259259259257 0.5944444444444444 0.2962962962962963 0.5888888888888889 0.2962962962962963 0.5777777777777777 0.3037037037037037 0.5666666666666667 0.3037037037037037 0.5611111111111111 0.31851851851851853 0.5388888888888889 0.31851851851851853 0.5333333333333333 0.3296296296296296 0.5166666666666667 0.34074074074074073 0.5277777777777778 0.34444444444444444 0.5222222222222223 0.35185185185185186 0.5222222222222223 0.35555555555555557 0.5166666666666667 0.37037037037037035 0.5166666666666667
19 0.6111111111111112 0.5055555555555555 0.6111111111111112 0.5 0.6148148148148148 0.49444444444444446 0.6185185185185185 0.4777777777777778 0.6148148148148148 0.4722222222222222 0.6148148148148148 0.46111111111111114 0.6037037037037037 0.4444444444444444 0.6037037037037037 0.4388888888888889 0.6111111111111112 0.42777777777777776 0.6148148148148148 0.4111111111111111 0.6222222222222222 0.4 0.6296296296296297 0.4 0.6333333333333333 0.39444444444444443 0.6370370370370371 0.39444444444444443 0.6444444444444445 0.4111111111111111 0.6444444444444445 0.4777777777777778 0.6333333333333333 0.4777777777777778 0.6148148148148148 0.5055555555555555
19 0.5518518518518518 0.32222222222222224 0.5592592592592592 0.3333333333333333 0.5592592592592592 0.3388888888888889 0.562962962962963 0.34444444444444444 0.562962962962963 0.36666666666666664 0.5666666666666667 0.37222222222222223 0.5666666666666667 0.39444444444444443 0.5703703703703704 0.4 0.5666666666666667 0.40555555555555556 0.562962962962963 0.40555555555555556 0.5592592592592592 0.4 0.5481481481481482 0.39444444444444443 0.5407407407407407 0.38333333333333336 0.5407407407407407 0.37777777777777777 0.5333333333333333 0.3611111111111111 0.5333333333333333 0.3277777777777778 0.5370370370370371 0.32222222222222224 0.5481481481481482 0.32222222222222224
19 0.6407407407407407 0.48333333333333334 0.6481481481481481 0.5 0.6481481481481481 0.5222222222222223 0.6444444444444445 0.5277777777777778 0.6444444444444445 0.5611111111111111 0.6518518518518519 0.5722222222222222 0.6518518518518519 0.5888888888888889 0.6555555555555556 0.5944444444444444 0.6555555555555556 0.6 0.6518518518518519 0.6055555555555555 0.6518518518518519 0.6388888888888888 0.6555555555555556 0.6444444444444445 0.6555555555555556 0.6833333333333333 0.6518518518518519 0.6888888888888889 0.6518518518518519 0.6944444444444444 0.6481481481481481 0.7 0.6444444444444445 0.7 0.6407407407407407 0.7055555555555556 0.6370370370370371 0.7055555555555556 0.6333333333333333 0.7111111111111111 0.6222222222222222 0.7166666666666667 0.6148148148148148 0.7277777777777777 0.6074074074074074 0.7277777777777777 0.5962962962962963 0.7388888888888889 0.5888888888888889 0.7388888888888889 0.5851851851851851 0.7444444444444445 0.5777777777777777 0.7444444444444445 0.5666666666666667 0.7555555555555555 0.5592592592592592 0.7555555555555555 0.5555555555555556 0.7611111111111111 0.5481481481481482 0.7611111111111111 0.5444444444444444 0.7666666666666667 0.5370370370370371 0.7666666666666667 0.5259259259259259 0.7777777777777778 0.5185185185185185 0.7777777777777778 0.5148148148148148 0.7833333333333333 0.5074074074074074 0.7833333333333333 0.5037037037037037 0.7888888888888889 0.5 0.7888888888888889 0.4962962962962963 0.7944444444444444 0.4888888888888889 0.7944444444444444 0.48518518518518516 0.8 0.4777777777777778 0.8 0.4777777777777778 0.7833333333333333 0.48148148148148145 0.7777777777777778 0.48148148148148145 0.7666666666666667 0.4888888888888889 0.7555555555555555 0.4888888888888889 0.75 0.4925925925925926 0.7444444444444445 0.4925925925925926 0.7388888888888889 0.4962962962962963 0.7333333333333333 0.5 0.7166666666666667 0.5 0.7388888888888889 0.5037037037037037 0.7444444444444445 0.5185185185185185 0.7444444444444445 0.5296296296296297 0.7277777777777777 0.5259259259259259 0.7222222222222222 0.5296296296296297 0.7166666666666667 0.5296296296296297 0.7111111111111111 0.5222222222222223 0.7 0.5074074074074074 0.7 0.5185185185185185 0.6888888888888889 0.5185185185185185 0.6833333333333333 0.5259259259259259 0.6722222222222223 0.5259259259259259 0.6666666666666666 0.5333333333333333 0.6555555555555556 0.5333333333333333 0.65 0.5333333333333333 0.6555555555555556 0.5407407407407407 0.6666666666666666 0.5592592592592592 0.6666666666666666 0.5666666666666667 0.6555555555555556 0.5666666666666667 0.65 0.5703703703703704 0.6444444444444445 0.5666666666666667 0.6388888888888888 0.5666666666666667 0.6277777777777778 0.562962962962963 0.6222222222222222 0.5518518518518518 0.6166666666666667 0.5666666666666667 0.5944444444444444 0.5666666666666667 0.5888888888888889 0.5703703703703704 0.5833333333333334 0.5740740740740741 0.5833333333333334 0.5851851851851851 0.5722222222222222 0.5814814814814815 0.5666666666666667 0.5777777777777777 0.5666666666666667 0.5851851851851851 0.5555555555555556 0.5888888888888889 0.5555555555555556 0.5851851851851851 0.5555555555555556 0.5814814814814815 0.5611111111111111 0.5851851851851851 0.5666666666666667 0.5851851851851851 0.5722222222222222 0.5777777777777777 0.5833333333333334 0.5814814814814815 0.5888888888888889 0.5851851851851851 0.5888888888888889 0.5888888888888889 0.5833333333333334 0.5962962962962963 0.5833333333333334 0.6 0.5777777777777777 0.6 0.5666666666666667 0.6037037037037037 0.5611111111111111 0.6 0.5555555555555556 0.6 0.5388888888888889 0.6074074074074074 0.5277777777777778 0.6074074074074074 0.5222222222222223 0.6111111111111112 0.5222222222222223 0.6259259259259259 0.5 0.6259259259259259 0.49444444444444446 0.6333333333333333 0.48333333333333334 0.6370370370370371 0.48333333333333334
19 0.5592592592592592 0.6666666666666666 0.5555555555555556 0.6722222222222223 0.5666666666666667 0.6888888888888889 0.5666666666666667 0.7055555555555556 0.5555555555555556 0.7222222222222222 0.5407407407407407 0.7222222222222222 0.5370370370370371 0.7166666666666667 0.5296296296296297 0.7277777777777777 0.5259259259259259 0.7277777777777777 0.5296296296296297 0.7222222222222222 0.5259259259259259 0.7166666666666667 0.5296296296296297 0.7111111111111111 0.5222222222222223 0.7 0.5148148148148148 0.7 0.5222222222222223 0.6888888888888889 0.5222222222222223 0.6777777777777778 0.5259259259259259 0.6777777777777778 0.5296296296296297 0.6722222222222223 0.5555555555555556 0.6722222222222223
19 0.6703703703703704 0.32222222222222224 0.6703703703703704 0.35555555555555557 0.674074074074074 0.3611111111111111 0.6703703703703704 0.36666666666666664 0.6703703703703704 0.38333333333333336 0.674074074074074 0.3888888888888889 0.6703703703703704 0.39444444444444443 0.6703703703703704 0.4 0.674074074074074 0.40555555555555556 0.674074074074074 0.4388888888888889 0.6703703703703704 0.4444444444444444 0.6703703703703704 0.45 0.674074074074074 0.45555555555555555 0.6703703703703704 0.46111111111111114 0.6703703703703704 0.55 0.6666666666666666 0.5555555555555556 0.6666666666666666 0.5722222222222222 0.662962962962963 0.5777777777777777 0.662962962962963 0.5833333333333334 0.6592592592592592 0.5888888888888889 0.6555555555555556 0.5833333333333334 0.6555555555555556 0.5666666666666667 0.6481481481481481 0.55 0.6481481481481481 0.5388888888888889 0.6518518518518519 0.5333333333333333 0.6518518518518519 0.49444444444444446 0.6444444444444445 0.4777777777777778 0.6444444444444445 0.46111111111111114 0.6481481481481481 0.45555555555555555 0.6481481481481481 0.43333333333333335 0.6444444444444445 0.42777777777777776 0.6444444444444445 0.38333333333333336 0.6481481481481481 0.37777777777777777 0.6518518518518519 0.3611111111111111 0.662962962962963 0.34444444444444444 0.6666666666666666 0.3277777777777778
19 0.29444444444444445 0.5166666666666667 0.07777777777777778 0.17777777777777778
19 0.36666666666666664 0.5333333333333333 0.37037037037037035 0.5388888888888889 0.37037037037037035 0.5833333333333334 0.36666666666666664 0.5888888888888889 0.36666666666666664 0.5944444444444444 0.3592592592592593 0.6055555555555555 0.3592592592592593 0.6111111111111112 0.337037037037037 0.6444444444444445 0.3296296296296296 0.6444444444444445 0.32592592592592595 0.6388888888888888 0.32222222222222224 0.6388888888888888 0.3111111111111111 0.6222222222222222 0.3111111111111111 0.6166666666666667 0.3074074074074074 0.6111111111111112 0.3074074074074074 0.6055555555555555 0.3111111111111111 0.6 0.3111111111111111 0.5888888888888889 0.31851851851851853 0.5777777777777777 0.32222222222222224 0.5611111111111111 0.3333333333333333 0.5444444444444444 0.3333333333333333 0.5388888888888889 0.337037037037037 0.5388888888888889 0.34814814814814815 0.5277777777777778 0.35185185185185186 0.5277777777777778 0.35555555555555557 0.5333333333333333 0.362962962962963 0.5333333333333333
19 0.5222222222222223 0.2222222222222222 0.5259259259259259 0.22777777777777777 0.5296296296296297 0.22777777777777777 0.5296296296296297 0.23333333333333334 0.5370370370370371 0.25 0.5481481481481482 0.25555555555555554 0.5481481481481482 0.2611111111111111 0.5518518518518518 0.26666666666666666 0.5555555555555556 0.26666666666666666 0.5555555555555556 0.2722222222222222 0.5592592592592592 0.2777777777777778 0.562962962962963 0.29444444444444445 0.5777777777777777 0.31666666666666665 0.5851851851851851 0.31666666666666665 0.5814814814814815 0.32222222222222224 0.5814814814814815 0.3333333333333333 0.6074074074074074 0.37222222222222223 0.6074074074074074 0.4222222222222222 0.5962962962962963 0.4388888888888889 0.5925925925925926 0.43333333333333335 0.5888888888888889 0.43333333333333335 0.5814814814814815 0.4222222222222222 0.5777777777777777 0.4222222222222222 0.5666666666666667 0.40555555555555556 0.562962962962963 0.40555555555555556 0.5592592592592592 0.4 0.562962962962963 0.39444444444444443 0.562962962962963 0.37777777777777777 0.5666666666666667 0.37222222222222223 0.562962962962963 0.36666666666666664 0.562962962962963 0.35555555555555557 0.5592592592592592 0.35 0.5592592592592592 0.3333333333333333 0.5555555555555556 0.3277777777777778 0.5518518518518518 0.3277777777777778 0.5481481481481482 0.3333333333333333 0.5481481481481482 0.3388888888888889 0.5444444444444444 0.3333333333333333 0.5407407407407407 0.3333333333333333 0.5444444444444444 0.3333333333333333 0.5481481481481482 0.3277777777777778 0.5444444444444444 0.32222222222222224 0.5370370370370371 0.32222222222222224 0.5333333333333333 0.3277777777777778 0.5333333333333333 0.35 0.5370370370370371 0.35555555555555557 0.5407407407407407 0.35 0.5370370370370371 0.35555555555555557 0.5370370370370371 0.37222222222222223 0.5333333333333333 0.37222222222222223 0.5296296296296297 0.36666666666666664 0.5185185185185185 0.3611111111111111 0.5074074074074074 0.34444444444444444 0.5074074074074074 0.3388888888888889 0.5111111111111111 0.3388888888888889 0.5185185185185185 0.3277777777777778 0.5185185185185185 0.2777777777777778 0.5222222222222223 0.2722222222222222 0.5222222222222223 0.26666666666666666 0.5296296296296297 0.26666666666666666 0.5333333333333333 0.2611111111111111 0.5296296296296297 0.25555555555555554 0.5259259259259259 0.25555555555555554 0.5222222222222223 0.25 0.5222222222222223 0.24444444444444444 0.5111111111111111 0.22777777777777777 0.5185185185185185 0.22777777777777777
19 0.5 0.2222222222222222 0.5037037037037037 0.22777777777777777 0.5074074074074074 0.22777777777777777 0.5074074074074074 0.23333333333333334 0.5148148148148148 0.25 0.5148148148148148 0.3277777777777778 0.5111111111111111 0.3333333333333333 0.4962962962962963 0.3333333333333333 0.4925925925925926 0.3277777777777778 0.4888888888888889 0.3277777777777778 0.4888888888888889 0.3055555555555556 0.48518518518518516 0.3 0.48518518518518516 0.2833333333333333 0.48148148148148145 0.2777777777777778 0.48148148148148145 0.22777777777777777 0.48518518518518516 0.2222222222222222 0.4962962962962963 0.2222222222222222
19 0.3851851851851852 0.32222222222222224 0.40370370370370373 0.35 0.40370370370370373 0.3611111111111111 0.4 0.36666666666666664 0.4 0.37777777777777777 0.3962962962962963 0.38333333333333336 0.3962962962962963 0.39444444444444443 0.37037037037037035 0.43333333333333335 0.36666666666666664 0.43333333333333335 0.362962962962963 0.4388888888888889 0.3592592592592593 0.43333333333333335 0.34814814814814815 0.43333333333333335 0.34074074074074073 0.4222222222222222 0.337037037037037 0.4222222222222222 0.3333333333333333 0.4166666666666667 0.3333333333333333 0.40555555555555556 0.3296296296296296 0.4 0.3296296296296296 0.39444444444444443 0.34074074074074073 0.37777777777777777 0.34074074074074073 0.37222222222222223 0.34814814814814815 0.3611111111111111 0.34814814814814815 0.35555555555555557 0.37037037037037035 0.32222222222222224 0.3814814814814815 0.32222222222222224
19 0.44814814814814813 0.2388888888888889 0.45925925925925926 0.2388888888888889 0.46296296296296297 0.24444444444444444 0.4703703703703704 0.24444444444444444 0.4703703703703704 0.2722222222222222 0.46296296296296297 0.2833333333333333 0.4740740740740741 0.3 0.4740740740740741 0.32222222222222224 0.48148148148148145 0.3333333333333333 0.4777777777777778 0.3388888888888889 0.48148148148148145 0.34444444444444444 0.48518518518518516 0.34444444444444444 0.48518518518518516 0.35 0.4888888888888889 0.35555555555555557 0.4925925925925926 0.35555555555555557 0.48518518518518516 0.36666666666666664 0.48518518518518516 0.37222222222222223 0.4740740740740741 0.37777777777777777 0.45925925925925926 0.4 0.45925925925925926 0.40555555555555556 0.45555555555555555 0.40555555555555556 0.45185185185185184 0.4111111111111111 0.45185185185185184 0.4166666666666667 0.44074074074074077 0.4222222222222222 0.42962962962962964 0.4388888888888889 0.42962962962962964 0.45 0.42592592592592593 0.45 0.4222222222222222 0.45555555555555555 0.4222222222222222 0.46111111111111114 0.4148148148148148 0.4722222222222222 0.4148148148148148 0.4777777777777778 0.4074074074074074 0.4777777777777778 0.4 0.4888888888888889 0.4 0.5055555555555555 0.3962962962962963 0.5111111111111111 0.3962962962962963 0.5166666666666667 0.3925925925925926 0.5166666666666667 0.3888888888888889 0.5222222222222223 0.3888888888888889 0.5277777777777778 0.3851851851851852 0.5277777777777778 0.3814814814814815 0.5333333333333333 0.3814814814814815 0.5611111111111111 0.37407407407407406 0.5722222222222222 0.37407407407407406 0.5444444444444444 0.35555555555555557 0.5222222222222223 0.362962962962963 0.5111111111111111 0.3592592592592593 0.5055555555555555 0.35185185185185186 0.5055555555555555 0.34444444444444444 0.5166666666666667 0.34814814814814815 0.5222222222222223 0.34444444444444444 0.5222222222222223 0.32592592592592595 0.55 0.32592592592592595 0.5555555555555556 0.31851851851851853 0.5666666666666667 0.31851851851851853 0.5722222222222222 0.3074074074074074 0.5888888888888889 0.3074074074074074 0.5944444444444444 0.3111111111111111 0.6 0.3074074074074074 0.6055555555555555 0.3074074074074074 0.6111111111111112 0.3111111111111111 0.6166666666666667 0.3111111111111111 0.6222222222222222 0.3148148148148148 0.6277777777777778 0.32222222222222224 0.6277777777777778 0.3296296296296296 0.6444444444444445 0.3333333333333333 0.6444444444444445 0.337037037037037 0.6388888888888888 0.34814814814814815 0.65 0.34074074074074073 0.6611111111111111 0.34074074074074073 0.6666666666666666 0.337037037037037 0.6666666666666666 0.3333333333333333 0.6722222222222223 0.32222222222222224 0.6666666666666666 0.3037037037037037 0.6388888888888888 0.3037037037037037 0.6333333333333333 0.2962962962962963 0.6166666666666667 0.2962962962962963 0.6055555555555555 0.29259259259259257 0.6 0.2814814814814815 0.6 0.26296296296296295 0.5722222222222222 0.26296296296296295 0.5666666666666667 0.25555555555555554 0.55 0.25555555555555554 0.5444444444444444 0.25925925925925924 0.5388888888888889 0.25925925925925924 0.5277777777777778 0.26296296296296295 0.5222222222222223 0.25925925925925924 0.5166666666666667 0.26296296296296295 0.5111111111111111 0.26296296296296295 0.5055555555555555 0.27037037037037037 0.49444444444444446 0.27037037037037037 0.4888888888888889 0.2777777777777778 0.4777777777777778 0.2777777777777778 0.4722222222222222 0.2814814814814815 0.4722222222222222 0.2851851851851852 0.4666666666666667 0.2851851851851852 0.46111111111111114 0.2962962962962963 0.4444444444444444 0.2962962962962963 0.4388888888888889 0.3037037037037037 0.42777777777777776 0.3111111111111111 0.42777777777777776 0.32222222222222224 0.4166666666666667 0.32222222222222224 0.40555555555555556 0.32592592592592595 0.4 0.32592592592592595 0.3888888888888889 0.3296296296296296 0.38333333333333336 0.3333333333333333 0.36666666666666664 0.337037037037037 0.3611111111111111 0.34074074074074073 0.3611111111111111 0.35555555555555557 0.3388888888888889 0.3592592592592593 0.32222222222222224 0.37777777777777777 0.29444444444444445 0.3888888888888889 0.29444444444444445 0.3888888888888889 0.3 0.3962962962962963 0.3111111111111111 0.40370370370370373 0.3111111111111111 0.4148148148148148 0.29444444444444445 0.4185185185185185 0.3 0.42592592592592593 0.3 0.42962962962962964 0.29444444444444445 0.42962962962962964 0.28888888888888886 0.4222222222222222 0.2777777777777778 0.4185185185185185 0.2833333333333333 0.42592592592592593 0.2722222222222222 0.42592592592592593 0.26666666666666666 0.43703703703703706 0.25 0.4444444444444444 0.25 0.44814814814814813 0.25555555555555554 0.45185185185185184 0.25 0.45185185185185184 0.24444444444444444
19 0.4740740740740741 0.2722222222222222 0.4703703703703704 0.26666666666666666 0.45925925925925926 0.2833333333333333 0.45925925925925926 0.28888888888888886 0.46296296296296297 0.29444444444444445 0.46296296296296297 0.3 0.4666666666666667 0.3055555555555556 0.4703703703703704 0.32222222222222224 0.4740740740740741 0.3277777777777778 0.48148148148148145 0.3277777777777778 0.48518518518518516 0.3333333333333333 0.4888888888888889 0.3333333333333333 0.48148148148148145 0.3333333333333333 0.4740740740740741 0.34444444444444444 0.4777777777777778 0.35 0.4777777777777778 0.35555555555555557 0.48518518518518516 0.36666666666666664 0.48518518518518516 0.37222222222222223 0.4740740740740741 0.38333333333333336 0.4703703703703704 0.38333333333333336 0.4666666666666667 0.37777777777777777 0.46296296296296297 0.37777777777777777 0.45185185185185184 0.3611111111111111 0.4444444444444444 0.3611111111111111 0.44074074074074077 0.35555555555555557 0.44074074074074077 0.35 0.4222222222222222 0.32222222222222224 0.4185185185185185 0.32222222222222224 0.4074074074074074 0.3055555555555556 0.4074074074074074 0.3 0.4111111111111111 0.29444444444444445 0.4111111111111111 0.28888888888888886 0.4185185185185185 0.2777777777777778 0.4185185185185185 0.2722222222222222 0.42962962962962964 0.25555555555555554 0.42962962962962964 0.25 0.43703703703703706 0.2388888888888889 0.44074074074074077 0.2388888888888889 0.4444444444444444 0.23333333333333334 0.44814814814814813 0.23333333333333334 0.45555555555555555 0.25 0.45925925925925926 0.25 0.46296296296296297 0.24444444444444444 0.4740740740740741 0.24444444444444444 0.4740740740740741 0.25 0.4666666666666667 0.25 0.46296296296296297 0.25555555555555554 0.4703703703703704 0.26666666666666666
19 0.45185185185185184 0.23333333333333334 0.45555555555555555 0.2388888888888889 0.46296296296296297 0.2388888888888889 0.4666666666666667 0.23333333333333334 0.4777777777777778 0.23333333333333334 0.4777777777777778 0.26666666666666666 0.48148148148148145 0.2722222222222222 0.48148148148148145 0.3 0.48518518518518516 0.3055555555555556 0.48518518518518516 0.32222222222222224 0.4925925925925926 0.3388888888888889 0.5074074074074074 0.3388888888888889 0.5074074074074074 0.35555555555555557 0.5037037037037037 0.3611111111111111 0.4962962962962963 0.3611111111111111 0.48518518518518516 0.37777777777777777 0.48148148148148145 0.37777777777777777 0.4703703703703704 0.3888888888888889 0.45925925925925926 0.3888888888888889 0.45555555555555555 0.39444444444444443 0.45185185185185184 0.3888888888888889 0.4444444444444444 0.3888888888888889 0.42592592592592593 0.3611111111111111 0.4222222222222222 0.3611111111111111 0.4222222222222222 0.35555555555555557 0.42962962962962964 0.34444444444444444 0.42592592592592593 0.3388888888888889 0.4222222222222222 0.3388888888888889 0.4074074074074074 0.31666666666666665 0.4074074074074074 0.3 0.4148148148148148 0.28888888888888886 0.4185185185185185 0.2722222222222222 0.42962962962962964 0.25555555555555554 0.42962962962962964 0.25 0.43703703703703706 0.2388888888888889 0.44814814814814813 0.23333333333333334
19 0.6222222222222222 0.6333333333333333 0.6333333333333333 0.6277777777777778 0.6481481481481481 0.65 0.6370370370370371 0.65 0.6333333333333333 0.6555555555555556 0.6370370370370371 0.6611111111111111 0.6481481481481481 0.6611111111111111 0.6481481481481481 0.6722222222222223 0.6407407407407407 0.6722222222222223 0.6333333333333333 0.6833333333333333 0.6370370370370371 0.6888888888888889 0.6407407407407407 0.6888888888888889 0.6333333333333333 0.6888888888888889 0.6296296296296297 0.6944444444444444 0.6259259259259259 0.6944444444444444 0.6222222222222222 0.7 0.6222222222222222 0.7055555555555556 0.6259259259259259 0.7111111111111111 0.6222222222222222 0.7166666666666667 0.6185185185185185 0.7166666666666667 0.6111111111111112 0.7277777777777777 0.6037037037037037 0.7277777777777777 0.5925925925925926 0.7388888888888889 0.5851851851851851 0.7388888888888889 0.5814814814814815 0.7444444444444445 0.5740740740740741 0.7444444444444445 0.562962962962963 0.7555555555555555 0.5481481481481482 0.7555555555555555 0.5444444444444444 0.7611111111111111 0.5370370370370371 0.7611111111111111 0.5333333333333333 0.7666666666666667 0.5222222222222223 0.7666666666666667 0.5148148148148148 0.7777777777777778 0.5074074074074074 0.7777777777777778 0.4962962962962963 0.7888888888888889 0.48148148148148145 0.7888888888888889 0.48148148148148145 0.7777777777777778 0.48518518518518516 0.7722222222222223 0.48518518518518516 0.7666666666666667 0.4925925925925926 0.7555555555555555 0.4962962962962963 0.7555555555555555 0.5 0.75 0.5 0.7444444444444445 0.4962962962962963 0.7388888888888889 0.5 0.7388888888888889 0.5037037037037037 0.7444444444444445 0.5148148148148148 0.75 0.5185185185185185 0.7444444444444445 0.5222222222222223 0.7444444444444445 0.5296296296296297 0.7333333333333333 0.5296296296296297 0.7166666666666667 0.5333333333333333 0.7111111111111111 0.5259259259259259 0.7 0.5185185185185185 0.7 0.5222222222222223 0.6833333333333333 0.5296296296296297 0.6722222222222223 0.5333333333333333 0.6722222222222223 0.5370370370370371 0.6666666666666666 0.5407407407407407 0.6722222222222223 0.5518518518518518 0.6722222222222223 0.5555555555555556 0.6777777777777778 0.562962962962963 0.6777777777777778 0.5666666666666667 0.6722222222222223 0.5666666666666667 0.6611111111111111 0.5740740740740741 0.65 0.5962962962962963 0.65 0.5962962962962963 0.6555555555555556 0.6 0.6611111111111111 0.6111111111111112 0.6666666666666666 0.6222222222222222 0.6833333333333333 0.6259259259259259 0.6833333333333333 0.6296296296296297 0.6777777777777778 0.6296296296296297 0.6555555555555556 0.6333333333333333 0.65 0.6259259259259259 0.6333333333333333 0.6222222222222222 0.6388888888888888 0.6222222222222222 0.6444444444444445 0.6185185185185185 0.6388888888888888
19 0.6518518518518519 0.5222222222222223 0.6592592592592592 0.5222222222222223 0.662962962962963 0.5166666666666667 0.6666666666666666 0.5166666666666667 0.6666666666666666 0.5277777777777778 0.6703703703703704 0.5333333333333333 0.6703703703703704 0.5444444444444444 0.6666666666666666 0.55 0.6666666666666666 0.5722222222222222 0.6592592592592592 0.5888888888888889 0.6592592592592592 0.5833333333333334 0.6555555555555556 0.5777777777777777 0.6555555555555556 0.5666666666666667 0.6481481481481481 0.55 0.6481481481481481 0.5388888888888889 0.6518518518518519 0.5333333333333333 0.6518518518518519 0.5277777777777778
19 0.6037037037037037 0.4444444444444444 0.6074074074074074 0.4388888888888889 0.6074074074074074 0.43333333333333335 0.6111111111111112 0.42777777777777776 0.6148148148148148 0.4111111111111111 0.6185185185185185 0.40555555555555556 0.6222222222222222 0.40555555555555556 0.6296296296296297 0.39444444444444443 0.6333333333333333 0.39444444444444443 0.6444444444444445 0.37777777777777777 0.6444444444444445 0.37222222222222223 0.6666666666666666 0.3388888888888889 0.6703703703703704 0.3388888888888889 0.6703703703703704 0.5444444444444444 0.6666666666666666 0.55 0.6666666666666666 0.5722222222222222 0.662962962962963 0.5777777777777777 0.6592592592592592 0.5944444444444444 0.6555555555555556 0.5944444444444444 0.6555555555555556 0.5777777777777777 0.6481481481481481 0.5611111111111111 0.6481481481481481 0.5277777777777778 0.6518518518518519 0.5222222222222223 0.6518518518518519 0.5111111111111111 0.6481481481481481 0.5055555555555555 0.6481481481481481 0.49444444444444446 0.6407407407407407 0.48333333333333334 0.6296296296296297 0.48333333333333334 0.6259259259259259 0.4888888888888889 0.6148148148148148 0.49444444444444446 0.6111111111111112 0.5 0.6111111111111112 0.5111111111111111 0.6111111111111112 0.5 0.6185185185185185 0.4888888888888889 0.6185185185185185 0.4722222222222222 0.6148148148148148 0.4666666666666667 0.6148148148148148 0.46111111111111114 0.6074074074074074 0.45
19 0.6518518518518519 0.4444444444444444 0.662962962962963 0.4444444444444444 0.6703703703703704 0.45555555555555555 0.6703703703703704 0.55 0.6666666666666666 0.5555555555555556 0.6666666666666666 0.5722222222222222 0.6592592592592592 0.5888888888888889 0.6555555555555556 0.5833333333333334 0.6555555555555556 0.5722222222222222 0.6481481481481481 0.5555555555555556 0.6481481481481481 0.5333333333333333 0.6518518518518519 0.5277777777777778 0.6518518518518519 0.49444444444444446 0.6481481481481481 0.4888888888888889 0.6481481481481481 0.4666666666666667 0.6518518518518519 0.4666666666666667 0.6555555555555556 0.46111111111111114 0.6518518518518519 0.45555555555555555 0.6518518518518519 0.45
19 0.4148148148148148 0.34444444444444444 0.4185185185185185 0.35 0.4185185185185185 0.36666666666666664 0.42592592592592593 0.37777777777777777 0.43703703703703706 0.38333333333333336 0.43703703703703706 0.3888888888888889 0.44074074074074077 0.39444444444444443 0.45185185185185184 0.39444444444444443 0.45555555555555555 0.4 0.46296296296296297 0.4 0.46296296296296297 0.40555555555555556 0.4444444444444444 0.43333333333333335 0.44074074074074077 0.43333333333333335 0.43703703703703706 0.4388888888888889 0.43703703703703706 0.4444444444444444 0.42592592592592593 0.46111111111111114 0.42592592592592593 0.4666666666666667 0.4148148148148148 0.48333333333333334 0.4111111111111111 0.48333333333333334 0.4074074074074074 0.4888888888888889 0.4074074074074074 0.49444444444444446 0.40370370370370373 0.5 0.40370370370370373 0.5055555555555555 0.4 0.5111111111111111 0.3962962962962963 0.5277777777777778 0.3888888888888889 0.5388888888888889 0.3888888888888889 0.55 0.3851851851851852 0.5555555555555556 0.3851851851851852 0.5611111111111111 0.37407407407407406 0.5777777777777777 0.37037037037037035 0.5944444444444444 0.362962962962963 0.6055555555555555 0.362962962962963 0.6111111111111112 0.34814814814814815 0.6388888888888888 0.35185185185185186 0.6444444444444445 0.35185185185185186 0.65 0.34074074074074073 0.6666666666666666 0.32222222222222224 0.6666666666666666 0.3 0.6333333333333333 0.3 0.6277777777777778 0.2962962962962963 0.6222222222222222 0.2962962962962963 0.6 0.3037037037037037 0.6 0.3074074074074074 0.5944444444444444 0.3037037037037037 0.5888888888888889 0.3037037037037037 0.5666666666666667 0.3074074074074074 0.5611111111111111 0.3148148148148148 0.5611111111111111 0.31851851851851853 0.5555555555555556 0.32222222222222224 0.5555555555555556 0.32592592592592595 0.55 0.32222222222222224 0.5444444444444444 0.31851851851851853 0.5444444444444444 0.32592592592592595 0.5444444444444444 0.3296296296296296 0.5388888888888889 0.32592592592592595 0.5333333333333333 0.32592592592592595 0.5222222222222223 0.3333333333333333 0.5111111111111111 0.3333333333333333 0.5 0.34074074074074073 0.4888888888888889 0.337037037037037 0.48333333333333334 0.337037037037037 0.4666666666666667 0.3333333333333333 0.46111111111111114 0.3333333333333333 0.45 0.34074074074074073 0.45 0.34074074074074073 0.45555555555555555 0.34814814814814815 0.4666666666666667 0.3592592592592593 0.46111111111111114 0.36666666666666664 0.45 0.36666666666666664 0.4444444444444444 0.37037037037037035 0.4388888888888889 0.37777777777777777 0.4388888888888889 0.37777777777777777 0.4444444444444444 0.3814814814814815 0.45 0.3851851851851852 0.45 0.3888888888888889 0.4444444444444444 0.3851851851851852 0.4388888888888889 0.3851851851851852 0.4222222222222222 0.3888888888888889 0.4222222222222222 0.3925925925925926 0.4166666666666667 0.3925925925925926 0.4111111111111111 0.3962962962962963 0.40555555555555556 0.4 0.3888888888888889 0.4074074074074074 0.37777777777777777 0.4074074074074074 0.36666666666666664 0.4111111111111111 0.3611111111111111 0.4111111111111111 0.35
19 0.5 0.16111111111111112 0.5111111111111111 0.17222222222222222 0.5185185185185185 0.17222222222222222 0.5259259259259259 0.18333333333333332 0.5296296296296297 0.18333333333333332 0.5333333333333333 0.18888888888888888 0.5370370370370371 0.18888888888888888 0.5481481481481482 0.2 0.5555555555555556 0.2 0.5666666666666667 0.21666666666666667 0.5666666666666667 0.22777777777777777 0.5592592592592592 0.22777777777777777 0.5555555555555556 0.23333333333333334 0.5444444444444444 0.2388888888888889 0.5407407407407407 0.24444444444444444 0.5407407407407407 0.25 0.5481481481481482 0.2611111111111111 0.5481481481481482 0.26666666666666666 0.5592592592592592 0.2777777777777778 0.5592592592592592 0.28888888888888886 0.562962962962963 0.29444444444444445 0.562962962962963 0.3 0.5740740740740741 0.31666666666666665 0.5740740740740741 0.32222222222222224 0.5814814814814815 0.3388888888888889 0.5777777777777777 0.34444444444444444 0.5814814814814815 0.35 0.5888888888888889 0.35 0.6037037037037037 0.37222222222222223 0.6037037037037037 0.37777777777777777 0.6074074074074074 0.38333333333333336 0.6074074074074074 0.4166666666666667 0.6 0.43333333333333335 0.5925925925925926 0.43333333333333335 0.5740740740740741 0.4111111111111111 0.5740740740740741 0.39444444444444443 0.5666666666666667 0.37777777777777777 0.5666666666666667 0.34444444444444444 0.562962962962963 0.3388888888888889 0.562962962962963 0.3333333333333333 0.5592592592592592 0.3277777777777778 0.5592592592592592 0.31666666666666665 0.5555555555555556 0.3111111111111111 0.5333333333333333 0.3111111111111111 0.5296296296296297 0.31666666666666665 0.5259259259259259 0.31666666666666665 0.5259259259259259 0.3111111111111111 0.5222222222222223 0.3055555555555556 0.5222222222222223 0.28888888888888886 0.5259259259259259 0.2833333333333333 0.5259259259259259 0.26666666666666666 0.5296296296296297 0.26666666666666666 0.5333333333333333 0.2611111111111111 0.5259259259259259 0.25 0.5259259259259259 0.2388888888888889 0.5222222222222223 0.23333333333333334 0.5148148148148148 0.23333333333333334 0.5074074074074074 0.21666666666666667 0.5 0.21666666666666667 0.4962962962962963 0.2111111111111111 0.4888888888888889 0.2111111111111111 0.4777777777777778 0.2222222222222222 0.4703703703703704 0.2222222222222222 0.4666666666666667 0.22777777777777777 0.4703703703703704 0.23333333333333334 0.4666666666666667 0.2388888888888889 0.4703703703703704 0.24444444444444444 0.4703703703703704 0.25555555555555554 0.4740740740740741 0.2611111111111111 0.4703703703703704 0.26666666666666666 0.4740740740740741 0.2722222222222222 0.4703703703703704 0.2722222222222222 0.4666666666666667 0.2777777777777778 0.4666666666666667 0.2833333333333333 0.4740740740740741 0.29444444444444445 0.4740740740740741 0.31666666666666665 0.4777777777777778 0.32222222222222224 0.48148148148148145 0.3388888888888889 0.4888888888888889 0.35 0.4925925925925926 0.35 0.4925925925925926 0.3611111111111111 0.48518518518518516 0.37222222222222223 0.4740740740740741 0.37777777777777777 0.4703703703703704 0.38333333333333336 0.4703703703703704 0.3888888888888889 0.46296296296296297 0.4 0.46296296296296297 0.40555555555555556 0.45925925925925926 0.40555555555555556 0.4444444444444444 0.42777777777777776 0.43703703703703706 0.42777777777777776 0.43333333333333335 0.43333333333333335 0.43333333333333335 0.4444444444444444 0.4148148148148148 0.4722222222222222 0.4148148148148148 0.4777777777777778 0.4074074074074074 0.4777777777777778 0.40370370370370373 0.48333333333333334 0.40370370370370373 0.49444444444444446 0.4 0.5 0.3962962962962963 0.5166666666666667 0.3925925925925926 0.5166666666666667 0.3888888888888889 0.5222222222222223 0.3888888888888889 0.5277777777777778 0.3814814814814815 0.5388888888888889 0.3814814814814815 0.5611111111111111 0.37777777777777777 0.5666666666666667 0.37777777777777777 0.5722222222222222 0.37407407407407406 0.5722222222222222 0.37407407407407406 0.5444444444444444 0.36666666666666664 0.5333333333333333 0.3592592592592593 0.5333333333333333 0.3592592592592593 0.5277777777777778 0.35555555555555557 0.5222222222222223 0.362962962962963 0.5111111111111111 0.3592592592592593 0.5055555555555555 0.34814814814814815 0.5055555555555555 0.34444444444444444 0.5111111111111111 0.34814814814814815 0.5277777777777778 0.34444444444444444 0.5277777777777778 0.3333333333333333 0.5388888888888889 0.3333333333333333 0.5444444444444444 0.32222222222222224 0.5611111111111111 0.32222222222222224 0.5666666666666667 0.3148148148148148 0.5777777777777777 0.3148148148148148 0.5833333333333334 0.3111111111111111 0.5888888888888889 0.3111111111111111 0.6 0.3074074074074074 0.6055555555555555 0.3111111111111111 0.6222222222222222 0.3148148148148148 0.6277777777777778 0.32592592592592595 0.6277777777777778 0.32592592592592595 0.6388888888888888 0.3296296296296296 0.6444444444444445 0.3333333333333333 0.6444444444444445 0.337037037037037 0.6388888888888888 0.34814814814814815 0.6444444444444445 0.34814814814814815 0.6555555555555556 0.337037037037037 0.6722222222222223 0.3296296296296296 0.6722222222222223 0.32592592592592595 0.6666666666666666 0.32222222222222224 0.6666666666666666 0.3037037037037037 0.6388888888888888 0.3037037037037037 0.6333333333333333 0.2962962962962963 0.6166666666666667 0.2962962962962963 0.6055555555555555 0.29259259259259257 0.6 0.2814814814814815 0.6 0.26296296296296295 0.5722222222222222 0.26296296296296295 0.5666666666666667 0.25555555555555554 0.5555555555555556 0.25555555555555554 0.5277777777777778 0.25925925925925924 0.5222222222222223 0.25925925925925924 0.5111111111111111 0.26666666666666666 0.5 0.26666666666666666 0.49444444444444446 0.2740740740740741 0.48333333333333334 0.2740740740740741 0.4777777777777778 0.29259259259259257 0.45 0.29259259259259257 0.4444444444444444 0.3037037037037037 0.42777777777777776 0.3074074074074074 0.42777777777777776 0.3111111111111111 0.4222222222222222 0.31851851851851853 0.4222222222222222 0.32222222222222224 0.4166666666666667 0.32222222222222224 0.40555555555555556 0.32592592592592595 0.4 0.32592592592592595 0.3888888888888889 0.3296296296296296 0.38333333333333336 0.3333333333333333 0.36666666666666664 0.34444444444444444 0.35 0.34814814814814815 0.35 0.35555555555555557 0.3388888888888889 0.3592592592592593 0.32222222222222224 0.37777777777777777 0.29444444444444445 0.3888888888888889 0.29444444444444445 0.3962962962962963 0.3111111111111111 0.40370370370370373 0.3111111111111111 0.4148148148148148 0.29444444444444445 0.4185185185185185 0.2777777777777778 0.42962962962962964 0.2611111111111111 0.42962962962962964 0.25555555555555554 0.44074074074074077 0.2388888888888889 0.44814814814814813 0.2388888888888889 0.45925925925925926 0.22777777777777777 0.45555555555555555 0.2222222222222222 0.45555555555555555 0.2 0.45555555555555555 0.20555555555555555 0.46296296296296297 0.21666666666666667 0.4740740740740741 0.21666666666666667 0.4777777777777778 0.2111111111111111 0.4777777777777778 0.2 0.48148148148148145 0.2 0.4888888888888889 0.18888888888888888 0.48518518518518516 0.18333333333333332 0.4888888888888889 0.17777777777777778 0.48518518518518516 0.17222222222222222 0.48148148148148145 0.17222222222222222 0.4777777777777778 0.17777777777777778 0.4666666666666667 0.18333333333333332 0.46296296296296297 0.18888888888888888 0.4740740740740741 0.17222222222222222 0.4777777777777778 0.17222222222222222 0.48518518518518516 0.16111111111111112 0.4962962962962963 0.16111111111111112
19 0.37407407407407406 0.29444444444444445 0.3851851851851852 0.29444444444444445 0.3925925925925926 0.3055555555555556 0.3962962962962963 0.3055555555555556 0.4 0.3111111111111111 0.40370370370370373 0.3111111111111111 0.4074074074074074 0.3055555555555556 0.4148148148148148 0.31666666666666665 0.4185185185185185 0.31666666666666665 0.43333333333333335 0.3388888888888889 0.43703703703703706 0.3388888888888889 0.44074074074074077 0.34444444444444444 0.43703703703703706 0.35 0.43333333333333335 0.35 0.42962962962962964 0.35555555555555557 0.42962962962962964 0.3611111111111111 0.43333333333333335 0.36666666666666664 0.43333333333333335 0.37222222222222223 0.4444444444444444 0.3888888888888889 0.45185185185185184 0.3888888888888889 0.45555555555555555 0.38333333333333336 0.4666666666666667 0.38333333333333336 0.4666666666666667 0.4 0.46296296296296297 0.40555555555555556 0.46296296296296297 0.4111111111111111 0.45925925925925926 0.4111111111111111 0.4444444444444444 0.43333333333333335 0.44074074074074077 0.43333333333333335 0.43333333333333335 0.45 0.4222222222222222 0.4444444444444444 0.42592592592592593 0.4388888888888889 0.4222222222222222 0.43333333333333335 0.4 0.43333333333333335 0.3925925925925926 0.4444444444444444 0.3888888888888889 0.4388888888888889 0.3851851851851852 0.4388888888888889 0.3814814814814815 0.4444444444444444 0.3814814814814815 0.45555555555555555 0.37037037037037035 0.45555555555555555 0.36666666666666664 0.45 0.37037037037037035 0.4444444444444444 0.36666666666666664 0.4388888888888889 0.37407407407407406 0.4388888888888889 0.37777777777777777 0.43333333333333335 0.37777777777777777 0.4222222222222222 0.3851851851851852 0.4111111111111111 0.3814814814814815 0.40555555555555556 0.37037037037037035 0.40555555555555556 0.37037037037037035 0.39444444444444443 0.37777777777777777 0.38333333333333336 0.3814814814814815 0.38333333333333336 0.3851851851851852 0.37777777777777777 0.3851851851851852 0.36666666666666664 0.3962962962962963 0.36666666666666664 0.4 0.3611111111111111 0.4 0.35555555555555557 0.3925925925925926 0.34444444444444444 0.3925925925925926 0.3333333333333333 0.3851851851851852 0.32222222222222224 0.37037037037037035 0.32222222222222224 0.362962962962963 0.3333333333333333 0.362962962962963 0.3388888888888889 0.35555555555555557 0.35 0.35555555555555557 0.35555555555555557 0.35185185185185186 0.35555555555555557 0.34814814814814815 0.3611111111111111 0.34814814814814815 0.36666666666666664 0.34444444444444444 0.37222222222222223 0.34444444444444444 0.37777777777777777 0.337037037037037 0.39444444444444443 0.34074074074074073 0.4 0.34074074074074073 0.40555555555555556 0.337037037037037 0.4111111111111111 0.337037037037037 0.4166666666666667 0.34074074074074073 0.4222222222222222 0.34074074074074073 0.43333333333333335 0.3333333333333333 0.4222222222222222 0.32592592592592595 0.4222222222222222 0.32592592592592595 0.4166666666666667 0.32222222222222224 0.4111111111111111 0.32222222222222224 0.3888888888888889 0.3333333333333333 0.37222222222222223 0.3333333333333333 0.36666666666666664 0.337037037037037 0.3611111111111111 0.34074074074074073 0.36666666666666664 0.34444444444444444 0.3611111111111111 0.34444444444444444 0.35555555555555557 0.35555555555555557 0.3388888888888889 0.3592592592592593 0.32222222222222224 0.37407407407407406 0.3
19 0.4444444444444444 0.2722222222222222 0.45555555555555555 0.2833333333333333 0.45555555555555555 0.3 0.45925925925925926 0.3055555555555556 0.45925925925925926 0.3111111111111111 0.4666666666666667 0.3277777777777778 0.4666666666666667 0.35 0.4703703703703704 0.35555555555555557 0.4703703703703704 0.3611111111111111 0.4777777777777778 0.37222222222222223 0.4666666666666667 0.3888888888888889 0.45925925925925926 0.3888888888888889 0.45555555555555555 0.39444444444444443 0.45185185185185184 0.3888888888888889 0.4444444444444444 0.3888888888888889 0.42962962962962964 0.3611111111111111 0.42962962962962964 0.35555555555555557 0.43703703703703706 0.34444444444444444 0.42962962962962964 0.3333333333333333 0.42592592592592593 0.3333333333333333 0.42592592592592593 0.3277777777777778 0.4074074074074074 0.3055555555555556 0.4148148148148148 0.29444444444444445 0.42592592592592593 0.3 0.42962962962962964 0.29444444444444445 0.42962962962962964 0.28888888888888886 0.43703703703703706 0.2777777777777778 0.44074074074074077 0.2777777777777778
19 0.46296296296296297 0.2388888888888889 0.4666666666666667 0.24444444444444444 0.46296296296296297 0.25 0.46296296296296297 0.2611111111111111 0.4703703703703704 0.2722222222222222 0.4703703703703704 0.2833333333333333 0.4740740740740741 0.28888888888888886 0.4777777777777778 0.28888888888888886 0.4777777777777778 0.29444444444444445 0.48518518518518516 0.3055555555555556 0.48518518518518516 0.3277777777777778 0.4925925925925926 0.3388888888888889 0.5111111111111111 0.3388888888888889 0.5148148148148148 0.3333333333333333 0.5222222222222223 0.3333333333333333 0.5333333333333333 0.32222222222222224 0.5296296296296297 0.31666666666666665 0.5259259259259259 0.31666666666666665 0.5259259259259259 0.3111111111111111 0.5222222222222223 0.3055555555555556 0.5222222222222223 0.29444444444444445 0.5259259259259259 0.28888888888888886 0.5259259259259259 0.2722222222222222 0.5296296296296297 0.2722222222222222 0.5333333333333333 0.26666666666666666 0.5370370370370371 0.2722222222222222 0.5444444444444444 0.2722222222222222 0.5481481481481482 0.26666666666666666 0.5518518518518518 0.2722222222222222 0.5555555555555556 0.2722222222222222 0.5555555555555556 0.2833333333333333 0.5666666666666667 0.3 0.5666666666666667 0.3055555555555556 0.5740740740740741 0.31666666666666665 0.5777777777777777 0.31666666666666665 0.5777777777777777 0.3333333333333333 0.6074074074074074 0.37777777777777777 0.6074074074074074 0.4222222222222222 0.5962962962962963 0.4388888888888889 0.5888888888888889 0.42777777777777776 0.5777777777777777 0.4222222222222222 0.5592592592592592 0.4 0.5481481481481482 0.39444444444444443 0.5296296296296297 0.36666666666666664 0.5259259259259259 0.36666666666666664 0.5185185185185185 0.35555555555555557 0.5148148148148148 0.35555555555555557 0.5111111111111111 0.35 0.5 0.3611111111111111 0.4962962962962963 0.35555555555555557 0.4925925925925926 0.3611111111111111 0.4925925925925926 0.36666666666666664 0.4888888888888889 0.36666666666666664 0.48148148148148145 0.37777777777777777 0.46296296296296297 0.37777777777777777 0.45925925925925926 0.37222222222222223 0.45555555555555555 0.37777777777777777 0.45185185185185184 0.37777777777777777 0.44814814814814813 0.37222222222222223 0.4444444444444444 0.37222222222222223 0.4444444444444444 0.36666666666666664 0.44074074074074077 0.3611111111111111 0.44074074074074077 0.34444444444444444 0.4222222222222222 0.31666666666666665 0.4185185185185185 0.31666666666666665 0.4111111111111111 0.3055555555555556 0.4111111111111111 0.3 0.4148148148148148 0.29444444444444445 0.4185185185185185 0.2777777777777778 0.43333333333333335 0.25555555555555554 0.43333333333333335 0.25 0.43703703703703706 0.24444444444444444 0.4444444444444444 0.24444444444444444 0.44814814814814813 0.2388888888888889 0.45925925925925926 0.2388888888888889
19 0.5 0.15555555555555556 0.5037037037037037 0.16111111111111112 0.5074074074074074 0.16111111111111112 0.5111111111111111 0.16666666666666666 0.5148148148148148 0.16666666666666666 0.5259259259259259 0.17777777777777778 0.5296296296296297 0.17777777777777778 0.5370370370370371 0.18888888888888888 0.5407407407407407 0.18888888888888888 0.5444444444444444 0.19444444444444445 0.5481481481481482 0.19444444444444445 0.5518518518518518 0.2 0.562962962962963 0.20555555555555555 0.5703703703703704 0.21666666666666667 0.5703703703703704 0.2222222222222222 0.5666666666666667 0.22777777777777777 0.5592592592592592 0.22777777777777777 0.5481481481481482 0.2388888888888889 0.5444444444444444 0.23333333333333334 0.5370370370370371 0.23333333333333334 0.5333333333333333 0.22777777777777777 0.5333333333333333 0.2222222222222222 0.5259259259259259 0.2111111111111111 0.5222222222222223 0.2111111111111111 0.5185185185185185 0.21666666666666667 0.5148148148148148 0.21666666666666667 0.5111111111111111 0.2111111111111111 0.5074074074074074 0.21666666666666667 0.5037037037037037 0.2111111111111111 0.48148148148148145 0.2111111111111111 0.4703703703703704 0.2222222222222222 0.45555555555555555 0.2222222222222222 0.45185185185185184 0.21666666666666667 0.45185185185185184 0.20555555555555555 0.45555555555555555 0.2 0.45555555555555555 0.19444444444444445 0.4777777777777778 0.16111111111111112 0.48148148148148145 0.16111111111111112 0.48518518518518516 0.15555555555555556 0.4962962962962963 0.15555555555555556
19 0.37037037037037035 0.3 0.37407407407407406 0.3 0.37777777777777777 0.29444444444444445 0.3888888888888889 0.29444444444444445 0.3962962962962963 0.3055555555555556 0.3962962962962963 0.3111111111111111 0.4 0.31666666666666665 0.3888888888888889 0.3277777777777778 0.3888888888888889 0.3388888888888889 0.3851851851851852 0.3333333333333333 0.3814814814814815 0.3388888888888889 0.37777777777777777 0.3333333333333333 0.37037037037037035 0.3333333333333333 0.3592592592592593 0.35 0.35555555555555557 0.35 0.34814814814814815 0.3611111111111111 0.34814814814814815 0.36666666666666664 0.3333333333333333 0.3888888888888889 0.3333333333333333 0.4 0.32592592592592595 0.4111111111111111 0.3296296296296296 0.4166666666666667 0.32592592592592595 0.4222222222222222 0.337037037037037 0.43333333333333335 0.34074074074074073 0.42777777777777776 0.34444444444444444 0.42777777777777776 0.35555555555555557 0.4444444444444444 0.35185185185185186 0.4444444444444444 0.34814814814814815 0.45 0.34814814814814815 0.46111111111111114 0.34814814814814815 0.45555555555555555 0.34444444444444444 0.45 0.34444444444444444 0.4388888888888889 0.34074074074074073 0.43333333333333335 0.337037037037037 0.4388888888888889 0.337037037037037 0.45555555555555555 0.3333333333333333 0.46111111111111114 0.3333333333333333 0.4777777777777778 0.337037037037037 0.48333333333333334 0.34814814814814815 0.48333333333333334 0.34444444444444444 0.48333333333333334 0.34074074074074073 0.4888888888888889 0.34074074074074073 0.49444444444444446 0.32592592592592595 0.5222222222222223 0.32592592592592595 0.5444444444444444 0.32222222222222224 0.55 0.31851851851851853 0.5444444444444444 0.3111111111111111 0.5555555555555556 0.3111111111111111 0.5666666666666667 0.3074074074074074 0.5666666666666667 0.3 0.5777777777777777 0.3 0.5833333333333334 0.3074074074074074 0.5944444444444444 0.2962962962962963 0.5944444444444444 0.29259259259259257 0.6 0.2814814814814815 0.6 0.26296296296296295 0.5722222222222222 0.26296296296296295 0.5666666666666667 0.25555555555555554 0.5555555555555556 0.25555555555555554 0.5166666666666667 0.26296296296296295 0.5055555555555555 0.26666666666666666 0.4888888888888889 0.2851851851851852 0.46111111111111114 0.2851851851851852 0.45555555555555555 0.3074074074074074 0.4222222222222222 0.3111111111111111 0.4222222222222222 0.31851851851851853 0.4111111111111111 0.31851851851851853 0.40555555555555556 0.32222222222222224 0.4 0.32222222222222224 0.3888888888888889 0.3296296296296296 0.37777777777777777 0.3296296296296296 0.37222222222222223 0.35555555555555557 0.3333333333333333 0.35555555555555557 0.3277777777777778 0.37037037037037035 0.3055555555555556
19 0.3888888888888889 0.29444444444444445 0.4 0.3111111111111111 0.40370370370370373 0.3111111111111111 0.4074074074074074 0.31666666666666665 0.4111111111111111 0.31666666666666665 0.4148148148148148 0.32222222222222224 0.42592592592592593 0.3277777777777778 0.43703703703703706 0.34444444444444444 0.43703703703703706 0.35 0.43333333333333335 0.35 0.42962962962962964 0.35555555555555557 0.42962962962962964 0.3611111111111111 0.43333333333333335 0.36666666666666664 0.43333333333333335 0.37222222222222223 0.44074074074074077 0.38333333333333336 0.4444444444444444 0.38333333333333336 0.44814814814814813 0.3888888888888889 0.46296296296296297 0.3888888888888889 0.4666666666666667 0.38333333333333336 0.4666666666666667 0.4 0.44814814814814813 0.42777777777777776 0.44814814814814813 0.43333333333333335 0.4444444444444444 0.43333333333333335 0.43703703703703706 0.4444444444444444 0.43703703703703706 0.45 0.4074074074074074 0.49444444444444446 0.4074074074074074 0.5 0.4 0.5111111111111111 0.3962962962962963 0.5277777777777778 0.3888888888888889 0.5388888888888889 0.3888888888888889 0.55 0.37407407407407406 0.5777777777777777 0.37037037037037035 0.5944444444444444 0.3592592592592593 0.6111111111111112 0.3592592592592593 0.6166666666666667 0.35555555555555557 0.6222222222222222 0.35555555555555557 0.6333333333333333 0.35185185185185186 0.6388888888888888 0.35185185185185186 0.65 0.34444444444444444 0.6611111111111111 0.34444444444444444 0.6666666666666666 0.34074074074074073 0.6722222222222223 0.32592592592592595 0.6722222222222223 0.3148148148148148 0.6555555555555556 0.3111111111111111 0.6555555555555556 0.3111111111111111 0.65 0.2962962962962963 0.6277777777777778 0.2962962962962963 0.6166666666666667 0.29259259259259257 0.6111111111111112 0.29259259259259257 0.6055555555555555 0.28888888888888886 0.6 0.2814814814814815 0.6 0.26296296296296295 0.5722222222222222 0.26296296296296295 0.5666666666666667 0.25555555555555554 0.5555555555555556 0.25555555555555554 0.5166666666666667 0.26296296296296295 0.5055555555555555 0.26296296296296295 0.5 0.27037037037037037 0.4888888888888889 0.27037037037037037 0.48333333333333334 0.29259259259259257 0.45 0.29259259259259257 0.4444444444444444 0.3074074074074074 0.4222222222222222 0.3148148148148148 0.4222222222222222 0.31851851851851853 0.4166666666666667 0.31851851851851853 0.4111111111111111 0.32222222222222224 0.40555555555555556 0.32222222222222224 0.3888888888888889 0.3296296296296296 0.37777777777777777 0.3296296296296296 0.37222222222222223 0.3592592592592593 0.3277777777777778 0.3592592592592593 0.32222222222222224 0.37037037037037035 0.3055555555555556 0.37037037037037035 0.3 0.37407407407407406 0.29444444444444445 0.3851851851851852 0.29444444444444445
19 0.6037037037037037 0.4444444444444444 0.6074074074074074 0.4388888888888889 0.6074074074074074 0.43333333333333335 0.6111111111111112 0.42777777777777776 0.6148148148148148 0.4111111111111111 0.6222222222222222 0.4 0.6259259259259259 0.4 0.6481481481481481 0.36666666666666664 0.6481481481481481 0.3611111111111111 0.6555555555555556 0.35 0.6592592592592592 0.35 0.662962962962963 0.34444444444444444 0.662962962962963 0.3277777777777778 0.6666666666666666 0.32222222222222224 0.6703703703703704 0.32222222222222224 0.6703703703703704 0.35555555555555557 0.674074074074074 0.3611111111111111 0.6703703703703704 0.36666666666666664 0.6703703703703704 0.40555555555555556 0.674074074074074 0.4111111111111111 0.674074074074074 0.4166666666666667 0.6703703703703704 0.4222222222222222 0.674074074074074 0.42777777777777776 0.674074074074074 0.43333333333333335 0.6703703703703704 0.4388888888888889 0.6703703703703704 0.45 0.674074074074074 0.45555555555555555 0.6703703703703704 0.46111111111111114 0.6703703703703704 0.55 0.6666666666666666 0.5555555555555556 0.6666666666666666 0.5722222222222222 0.662962962962963 0.5777777777777777 0.6592592592592592 0.5944444444444444 0.6555555555555556 0.5888888888888889 0.6555555555555556 0.5722222222222222 0.6481481481481481 0.5555555555555556 0.6481481481481481 0.5277777777777778 0.6518518518518519 0.5222222222222223 0.6518518518518519 0.5055555555555555 0.6481481481481481 0.5 0.6481481481481481 0.49444444444444446 0.6370370370370371 0.4777777777777778 0.6333333333333333 0.4777777777777778 0.6296296296296297 0.48333333333333334 0.6185185185185185 0.4888888888888889 0.6185185185185185 0.4722222222222222 0.6148148148148148 0.4666666666666667 0.6148148148148148 0.46111111111111114 0.6074074074074074 0.45
19 0.4740740740740741 0.23333333333333334 0.4740740740740741 0.25 0.4703703703703704 0.25555555555555554 0.4703703703703704 0.2611111111111111 0.4777777777777778 0.2722222222222222 0.4777777777777778 0.2833333333333333 0.48518518518518516 0.29444444444444445 0.48518518518518516 0.32222222222222224 0.4925925925925926 0.3388888888888889 0.5111111111111111 0.3388888888888889 0.5222222222222223 0.32222222222222224 0.5222222222222223 0.3111111111111111 0.5185185185185185 0.3055555555555556 0.5185185185185185 0.2777777777777778 0.5259259259259259 0.26666666666666666 0.5296296296296297 0.26666666666666666 0.5333333333333333 0.2611111111111111 0.5259259259259259 0.25 0.5222222222222223 0.25 0.5370370370370371 0.25 0.5444444444444444 0.2611111111111111 0.5481481481481482 0.2611111111111111 0.5592592592592592 0.2777777777777778 0.5592592592592592 0.2833333333333333 0.562962962962963 0.28888888888888886 0.562962962962963 0.29444444444444445 0.5703703703703704 0.3055555555555556 0.5703703703703704 0.3111111111111111 0.5814814814814815 0.32222222222222224 0.5814814814814815 0.3333333333333333 0.5851851851851851 0.3388888888888889 0.5851851851851851 0.34444444444444444 0.6 0.36666666666666664 0.6037037037037037 0.36666666666666664 0.6037037037037037 0.37222222222222223 0.6074074074074074 0.37777777777777777 0.6074074074074074 0.4222222222222222 0.6037037037037037 0.42777777777777776 0.6037037037037037 0.43333333333333335 0.6 0.43333333333333335 0.5962962962962963 0.4388888888888889 0.5925925925925926 0.43333333333333335 0.5888888888888889 0.43333333333333335 0.5814814814814815 0.4222222222222222 0.5777777777777777 0.4222222222222222 0.5666666666666667 0.40555555555555556 0.562962962962963 0.40555555555555556 0.5555555555555556 0.39444444444444443 0.5518518518518518 0.39444444444444443 0.5481481481481482 0.3888888888888889 0.5481481481481482 0.37777777777777777 0.5444444444444444 0.37222222222222223 0.5407407407407407 0.37777777777777777 0.5370370370370371 0.37777777777777777 0.5296296296296297 0.36666666666666664 0.5259259259259259 0.36666666666666664 0.5185185185185185 0.35555555555555557 0.5148148148148148 0.35555555555555557 0.5111111111111111 0.35 0.5074074074074074 0.35555555555555557 0.4962962962962963 0.35555555555555557 0.48148148148148145 0.37777777777777777 0.4666666666666667 0.37777777777777777 0.45925925925925926 0.36666666666666664 0.44814814814814813 0.36666666666666664 0.44814814814814813 0.3611111111111111 0.44074074074074077 0.35 0.44074074074074077 0.3388888888888889 0.43703703703703706 0.3333333333333333 0.43333333333333335 0.3333333333333333 0.4222222222222222 0.31666666666666665 0.4185185185185185 0.31666666666666665 0.4111111111111111 0.3055555555555556 0.4111111111111111 0.29444444444444445 0.4148148148148148 0.28888888888888886 0.4148148148148148 0.2833333333333333 0.42962962962962964 0.2611111111111111 0.42962962962962964 0.25555555555555554 0.44074074074074077 0.2388888888888889 0.44814814814814813 0.2388888888888889 0.45185185185185184 0.23333333333333334 0.4703703703703704 0.23333333333333334
19 0.43333333333333335 0.25555555555555554 0.44074074074074077 0.25555555555555554 0.43703703703703706 0.2611111111111111 0.43703703703703706 0.26666666666666666 0.44814814814814813 0.2777777777777778 0.44814814814814813 0.2833333333333333 0.4444444444444444 0.28888888888888886 0.44814814814814813 0.29444444444444445 0.45555555555555555 0.29444444444444445 0.45555555555555555 0.3055555555555556 0.45925925925925926 0.3111111111111111 0.45925925925925926 0.3277777777777778 0.46296296296296297 0.3333333333333333 0.45925925925925926 0.3388888888888889 0.46296296296296297 0.34444444444444444 0.45925925925925926 0.35 0.46296296296296297 0.35555555555555557 0.4666666666666667 0.35555555555555557 0.4666666666666667 0.38333333333333336 0.46296296296296297 0.3888888888888889 0.45555555555555555 0.3888888888888889 0.45185185185185184 0.39444444444444443 0.43703703703703706 0.37222222222222223 0.43703703703703706 0.36666666666666664 0.43333333333333335 0.3611111111111111 0.42962962962962964 0.3611111111111111 0.42962962962962964 0.35555555555555557 0.42592592592592593 0.35 0.43333333333333335 0.35 0.43703703703703706 0.34444444444444444 0.43333333333333335 0.3388888888888889 0.42962962962962964 0.3388888888888889 0.4222222222222222 0.32222222222222224 0.4111111111111111 0.31666666666666665 0.42592592592592593 0.31666666666666665 0.42962962962962964 0.32222222222222224 0.43333333333333335 0.31666666666666665 0.43333333333333335 0.2833333333333333 0.42962962962962964 0.2777777777777778 0.43333333333333335 0.2722222222222222 0.42962962962962964 0.26666666666666666 0.42592592592592593 0.26666666666666666 0.42962962962962964 0.2611111111111111
19 0.5925925925925926 0.23333333333333334 0.6 0.24444444444444444 0.6111111111111112 0.25 0.6185185185185185 0.2611111111111111 0.6222222222222222 0.2611111111111111 0.6333333333333333 0.2777777777777778 0.6370370370370371 0.2777777777777778 0.6444444444444445 0.28888888888888886 0.6481481481481481 0.28888888888888886 0.662962962962963 0.31666666666666665 0.6666666666666666 0.3111111111111111 0.6703703703703704 0.31666666666666665 0.662962962962963 0.31666666666666665 0.6592592592592592 0.32222222222222224 0.6555555555555556 0.3388888888888889 0.6444444444444445 0.35555555555555557 0.6444444444444445 0.3611111111111111 0.6296296296296297 0.38333333333333336 0.6296296296296297 0.3888888888888889 0.6259259259259259 0.3888888888888889 0.6222222222222222 0.39444444444444443 0.6148148148148148 0.39444444444444443 0.6148148148148148 0.3888888888888889 0.6111111111111112 0.38333333333333336 0.6111111111111112 0.37222222222222223 0.5888888888888889 0.3388888888888889 0.5888888888888889 0.3333333333333333 0.5851851851851851 0.3277777777777778 0.5851851851851851 0.31666666666666665 0.5666666666666667 0.28888888888888886 0.562962962962963 0.2722222222222222 0.5518518518518518 0.25555555555555554 0.5518518518518518 0.24444444444444444 0.562962962962963 0.23333333333333334 0.5888888888888889 0.23333333333333334
19 0.5851851851851851 0.5722222222222222 0.5925925925925926 0.5722222222222222 0.5962962962962963 0.5666666666666667 0.5962962962962963 0.5555555555555556 0.5925925925925926 0.55 0.5888888888888889 0.5555555555555556 0.5888888888888889 0.5611111111111111 0.5814814814814815 0.5611111111111111 0.5777777777777777 0.5666666666666667 0.5777777777777777 0.5722222222222222 0.5740740740740741 0.5722222222222222 0.5888888888888889 0.5444444444444444 0.5925925925925926 0.5444444444444444 0.5962962962962963 0.55 0.5962962962962963 0.5722222222222222 0.5925925925925926 0.5777777777777777 0.5888888888888889 0.5722222222222222
19 0.5333333333333333 0.7833333333333333 0.5407407407407407 0.8 0.5407407407407407 0.8166666666666667 0.5333333333333333 0.8277777777777777 0.5111111111111111 0.8277777777777777 0.5111111111111111 0.8222222222222222 0.5074074074074074 0.8166666666666667 0.5074074074074074 0.7944444444444444 0.5185185185185185 0.7833333333333333 0.5296296296296297 0.7833333333333333
19 0.6370370370370371 0.4 0.6444444444444445 0.4111111111111111 0.6407407407407407 0.4166666666666667 0.6444444444444445 0.4222222222222222 0.6444444444444445 0.45555555555555555 0.6333333333333333 0.4722222222222222 0.6296296296296297 0.4722222222222222 0.6296296296296297 0.4666666666666667 0.6259259259259259 0.46111111111111114 0.6185185185185185 0.46111111111111114 0.6074074074074074 0.4444444444444444 0.6074074074074074 0.43333333333333335 0.6111111111111112 0.42777777777777776 0.6148148148148148 0.4111111111111111 0.6185185185185185 0.40555555555555556 0.6259259259259259 0.40555555555555556 0.6296296296296297 0.4 0.6333333333333333 0.4
19 0.5259259259259259 0.37222222222222223 0.5444444444444444 0.4 0.5555555555555556 0.40555555555555556 0.562962962962963 0.4166666666666667 0.5666666666666667 0.4166666666666667 0.5740740740740741 0.42777777777777776 0.5777777777777777 0.42777777777777776 0.5851851851851851 0.4388888888888889 0.5888888888888889 0.4388888888888889 0.5962962962962963 0.45 0.6 0.45 0.6074074074074074 0.46111111111111114 0.6074074074074074 0.4666666666666667 0.6111111111111112 0.4722222222222222 0.6111111111111112 0.48333333333333334 0.6074074074074074 0.4888888888888889 0.6074074074074074 0.49444444444444446 0.6 0.5055555555555555 0.5962962962962963 0.5222222222222223 0.5703703703703704 0.5611111111111111 0.5703703703703704 0.5666666666666667 0.5592592592592592 0.5833333333333334 0.5592592592592592 0.5888888888888889 0.5518518518518518 0.6 0.5481481481481482 0.6 0.5333333333333333 0.6222222222222222 0.5333333333333333 0.6277777777777778 0.5259259259259259 0.6388888888888888 0.5259259259259259 0.6444444444444445 0.5222222222222223 0.65 0.5222222222222223 0.6555555555555556 0.5185185185185185 0.6611111111111111 0.5148148148148148 0.6777777777777778 0.5 0.7 0.5 0.7055555555555556 0.4925925925925926 0.7166666666666667 0.4925925925925926 0.7277777777777777 0.4888888888888889 0.7333333333333333 0.4888888888888889 0.7388888888888889 0.48148148148148145 0.75 0.48148148148148145 0.7555555555555555 0.4777777777777778 0.7611111111111111 0.4777777777777778 0.7666666666666667 0.4703703703703704 0.7777777777777778 0.4703703703703704 0.7833333333333333 0.46296296296296297 0.7944444444444444 0.46296296296296297 0.8055555555555556 0.45185185185185184 0.8166666666666667 0.44814814814814813 0.8111111111111111 0.42962962962962964 0.8111111111111111 0.42592592592592593 0.8055555555555556 0.4185185185185185 0.8055555555555556 0.4074074074074074 0.7944444444444444 0.4 0.7944444444444444 0.3962962962962963 0.7888888888888889 0.3888888888888889 0.7888888888888889 0.3851851851851852 0.7833333333333333 0.37407407407407406 0.7777777777777778 0.3592592592592593 0.7555555555555555 0.35555555555555557 0.7555555555555555 0.35185185185185186 0.75 0.34814814814814815 0.75 0.34444444444444444 0.7444444444444445 0.3333333333333333 0.7388888888888889 0.3296296296296296 0.7333333333333333 0.3296296296296296 0.7277777777777777 0.3333333333333333 0.7222222222222222 0.3333333333333333 0.7111111111111111 0.34074074074074073 0.7 0.34074074074074073 0.6944444444444444 0.34444444444444444 0.6888888888888889 0.34444444444444444 0.6777777777777778 0.35555555555555557 0.6611111111111111 0.35555555555555557 0.6555555555555556 0.3592592592592593 0.65 0.3592592592592593 0.6388888888888888 0.362962962962963 0.6333333333333333 0.36666666666666664 0.6166666666666667 0.37407407407407406 0.6055555555555555 0.37407407407407406 0.6 0.37777777777777777 0.5944444444444444 0.3814814814814815 0.5777777777777777 0.3888888888888889 0.5666666666666667 0.3888888888888889 0.5611111111111111 0.3925925925925926 0.5555555555555556 0.3925925925925926 0.55 0.3962962962962963 0.5444444444444444 0.3962962962962963 0.5388888888888889 0.4 0.5333333333333333 0.40370370370370373 0.5166666666666667 0.4148148148148148 0.5 0.4148148148148148 0.49444444444444446 0.45555555555555555 0.43333333333333335 0.45555555555555555 0.42777777777777776 0.45925925925925926 0.4222222222222222 0.46296296296296297 0.4222222222222222 0.4703703703703704 0.4111111111111111 0.4703703703703704 0.40555555555555556 0.48518518518518516 0.38333333333333336 0.4888888888888889 0.38333333333333336 0.5 0.36666666666666664 0.5185185185185185 0.36666666666666664 0.5222222222222223 0.37222222222222223
19 0.6518518518518519 0.36666666666666664 0.6518518518518519 0.37222222222222223 0.6481481481481481 0.37777777777777777 0.6481481481481481 0.4 0.6555555555555556 0.4111111111111111 0.6592592592592592 0.4111111111111111 0.6592592592592592 0.4222222222222222 0.662962962962963 0.42777777777777776 0.6666666666666666 0.42777777777777776 0.6703703703703704 0.4222222222222222 0.6703703703703704 0.4111111111111111 0.6703703703703704 0.42777777777777776 0.6666666666666666 0.42777777777777776 0.6592592592592592 0.4388888888888889 0.6518518518518519 0.4388888888888889 0.6518518518518519 0.43333333333333335 0.6444444444444445 0.4222222222222222 0.6444444444444445 0.39444444444444443 0.6481481481481481 0.3888888888888889 0.6481481481481481 0.37222222222222223
19 0.5111111111111111 0.16666666666666666 0.5148148148148148 0.17222222222222222 0.5185185185185185 0.17222222222222222 0.5222222222222223 0.17777777777777778 0.5259259259259259 0.17777777777777778 0.5296296296296297 0.18333333333333332 0.5333333333333333 0.18333333333333332 0.5370370370370371 0.18888888888888888 0.5407407407407407 0.18888888888888888 0.5444444444444444 0.19444444444444445 0.5481481481481482 0.19444444444444445 0.5592592592592592 0.20555555555555555 0.562962962962963 0.20555555555555555 0.5666666666666667 0.2111111111111111 0.5666666666666667 0.22777777777777777 0.562962962962963 0.23333333333333334 0.5518518518518518 0.23333333333333334 0.5481481481481482 0.2388888888888889 0.5481481481481482 0.25555555555555554 0.562962962962963 0.2777777777777778 0.562962962962963 0.28888888888888886 0.5703703703703704 0.3 0.5703703703703704 0.3055555555555556 0.5777777777777777 0.31666666666666665 0.5814814814814815 0.31666666666666665 0.5851851851851851 0.32222222222222224 0.5814814814814815 0.3277777777777778 0.5814814814814815 0.3333333333333333 0.6074074074074074 0.37222222222222223 0.6074074074074074 0.4222222222222222 0.6 0.43333333333333335 0.5925925925925926 0.43333333333333335 0.5888888888888889 0.42777777777777776 0.5851851851851851 0.42777777777777776 0.5666666666666667 0.40555555555555556 0.5703703703703704 0.4 0.5703703703703704 0.39444444444444443 0.5666666666666667 0.3888888888888889 0.5666666666666667 0.35555555555555557 0.562962962962963 0.35 0.562962962962963 0.3333333333333333 0.5555555555555556 0.32222222222222224 0.5518518518518518 0.32222222222222224 0.5481481481481482 0.31666666666666665 0.5370370370370371 0.31666666666666665 0.5296296296296297 0.3277777777777778 0.5296296296296297 0.34444444444444444 0.5333333333333333 0.35 0.5333333333333333 0.36666666666666664 0.5259259259259259 0.36666666666666664 0.5111111111111111 0.34444444444444444 0.5074074074074074 0.34444444444444444 0.5037037037037037 0.3388888888888889 0.5074074074074074 0.3388888888888889 0.5185185185185185 0.3277777777777778 0.5185185185185185 0.28888888888888886 0.5148148148148148 0.2833333333333333 0.5148148148148148 0.2777777777777778 0.5222222222222223 0.2611111111111111 0.5148148148148148 0.25 0.5148148148148148 0.24444444444444444 0.5074074074074074 0.22777777777777777 0.5037037037037037 0.22777777777777777 0.5 0.2222222222222222 0.48148148148148145 0.2222222222222222 0.4777777777777778 0.22777777777777777 0.4777777777777778 0.2777777777777778 0.48518518518518516 0.28888888888888886 0.48518518518518516 0.3 0.4888888888888889 0.3055555555555556 0.4888888888888889 0.32222222222222224 0.48518518518518516 0.3277777777777778 0.48518518518518516 0.3333333333333333 0.48148148148148145 0.3333333333333333 0.4740740740740741 0.34444444444444444 0.4777777777777778 0.35 0.4777777777777778 0.3611111111111111 0.4740740740740741 0.3611111111111111 0.4740740740740741 0.35555555555555557 0.4703703703703704 0.35 0.4740740740740741 0.3333333333333333 0.45925925925925926 0.3055555555555556 0.45925925925925926 0.29444444444444445 0.45555555555555555 0.28888888888888886 0.45555555555555555 0.2777777777777778 0.45185185185185184 0.2722222222222222 0.44074074074074077 0.2722222222222222 0.42962962962962964 0.28888888888888886 0.42962962962962964 0.29444444444444445 0.42592592592592593 0.3 0.4222222222222222 0.29444444444444445 0.4148148148148148 0.29444444444444445 0.4148148148148148 0.28888888888888886 0.42592592592592593 0.2722222222222222 0.42592592592592593 0.26666666666666666 0.43333333333333335 0.25555555555555554 0.43333333333333335 0.25 0.44074074074074077 0.2388888888888889 0.44814814814814813 0.2388888888888889 0.45555555555555555 0.22777777777777777 0.45555555555555555 0.21666666666666667 0.45185185185185184 0.2111111111111111 0.45555555555555555 0.20555555555555555 0.45925925925925926 0.18888888888888888 0.4703703703703704 0.17222222222222222 0.4777777777777778 0.17222222222222222 0.48518518518518516 0.16111111111111112 0.5037037037037037 0.16111111111111112 0.5074074074074074 0.16666666666666666
19 0.5962962962962963 0.5944444444444444 0.6 0.6 0.6037037037037037 0.6 0.6037037037037037 0.6277777777777778 0.5962962962962963 0.6444444444444445 0.5851851851851851 0.6444444444444445 0.5814814814814815 0.6388888888888888 0.5777777777777777 0.6444444444444445 0.5740740740740741 0.6388888888888888 0.5703703703703704 0.6388888888888888 0.5703703703703704 0.6166666666666667 0.5740740740740741 0.6111111111111112 0.5740740740740741 0.6055555555555555 0.5814814814814815 0.5944444444444444 0.5925925925925926 0.5944444444444444
19 0.4962962962962963 0.15555555555555556 0.5 0.16111111111111112 0.5037037037037037 0.16111111111111112 0.5074074074074074 0.16666666666666666 0.5111111111111111 0.16666666666666666 0.5148148148148148 0.17222222222222222 0.5185185185185185 0.17222222222222222 0.5222222222222223 0.17777777777777778 0.5333333333333333 0.18333333333333332 0.5407407407407407 0.19444444444444445 0.5481481481481482 0.19444444444444445 0.5518518518518518 0.2 0.5555555555555556 0.2 0.562962962962963 0.2111111111111111 0.5666666666666667 0.2111111111111111 0.5666666666666667 0.21666666666666667 0.5703703703703704 0.2222222222222222 0.562962962962963 0.23333333333333334 0.5518518518518518 0.23333333333333334 0.5481481481481482 0.2388888888888889 0.5333333333333333 0.2388888888888889 0.5333333333333333 0.23333333333333334 0.5259259259259259 0.21666666666666667 0.5222222222222223 0.21666666666666667 0.5111111111111111 0.22777777777777777 0.5111111111111111 0.23333333333333334 0.5148148148148148 0.2388888888888889 0.5148148148148148 0.25555555555555554 0.5111111111111111 0.2611111111111111 0.5148148148148148 0.26666666666666666 0.5148148148148148 0.32222222222222224 0.5074074074074074 0.3333333333333333 0.4962962962962963 0.3333333333333333 0.4888888888888889 0.32222222222222224 0.4888888888888889 0.3 0.48518518518518516 0.29444444444444445 0.48518518518518516 0.25555555555555554 0.48148148148148145 0.25 0.48148148148148145 0.2222222222222222 0.4777777777777778 0.21666666666666667 0.4740740740740741 0.2222222222222222 0.45555555555555555 0.2222222222222222 0.45185185185185184 0.21666666666666667 0.45185185185185184 0.20555555555555555 0.45555555555555555 0.2 0.45555555555555555 0.19444444444444445 0.4740740740740741 0.16666666666666666 0.4777777777777778 0.16666666666666666 0.48148148148148145 0.16111111111111112 0.4925925925925926 0.15555555555555556
19 0.5666666666666667 0.7666666666666667 0.562962962962963 0.7722222222222223 0.5592592592592592 0.7888888888888889 0.5518518518518518 0.8 0.5518518518518518 0.8055555555555556 0.5370370370370371 0.8277777777777777 0.5259259259259259 0.8277777777777777 0.5222222222222223 0.8333333333333334 0.5185185185185185 0.8333333333333334 0.5148148148148148 0.8277777777777777 0.48518518518518516 0.8277777777777777 0.48148148148148145 0.8222222222222222 0.4740740740740741 0.8222222222222222 0.4740740740740741 0.8166666666666667 0.4777777777777778 0.8111111111111111 0.48148148148148145 0.8111111111111111 0.4888888888888889 0.8 0.4962962962962963 0.8 0.5074074074074074 0.7888888888888889 0.5148148148148148 0.7888888888888889 0.5185185185185185 0.7833333333333333 0.5259259259259259 0.7833333333333333 0.5370370370370371 0.7722222222222223 0.5481481481481482 0.7722222222222223 0.5518518518518518 0.7666666666666667 0.562962962962963 0.7666666666666667
19 0.6703703703703704 0.32222222222222224 0.6703703703703704 0.4166666666666667 0.6555555555555556 0.4166666666666667 0.6481481481481481 0.40555555555555556 0.6481481481481481 0.4 0.6444444444444445 0.39444444444444443 0.6444444444444445 0.38333333333333336 0.6481481481481481 0.37777777777777777 0.6518518518518519 0.3611111111111111 0.662962962962963 0.34444444444444444 0.662962962962963 0.3333333333333333 0.6666666666666666 0.3277777777777778