19 0.46586345381526106 0.5833333333333334 0.4738955823293173 0.5944444444444444 0.4738955823293173 0.6 0.4779116465863454 0.6055555555555555 0.4779116465863454 0.6166666666666667 0.4819277108433735 0.6222222222222222 0.4819277108433735 0.6333333333333333 0.4859437751004016 0.6388888888888888 0.4859437751004016 0.65 0.4899598393574297 0.6555555555555556 0.4899598393574297 0.6722222222222223 0.4939759036144578 0.6777777777777778 0.4939759036144578 0.6888888888888889 0.4979919678714859 0.6944444444444444 0.4979919678714859 0.7 0.5060240963855421 0.7166666666666667 0.5060240963855421 0.7333333333333333 0.5100401606425703 0.7388888888888889 0.5100401606425703 0.75 0.5180722891566265 0.7666666666666667 0.5180722891566265 0.7833333333333333 0.5220883534136547 0.7888888888888889 0.5220883534136547 0.8055555555555556 0.5301204819277109 0.8166666666666667 0.5301204819277109 0.8388888888888889 0.5220883534136547 0.85 0.5180722891566265 0.85 0.5140562248995983 0.8555555555555555 0.5140562248995983 0.8611111111111112 0.5060240963855421 0.8722222222222222 0.4979919678714859 0.8722222222222222 0.4939759036144578 0.8777777777777778 0.4899598393574297 0.8777777777777778 0.4859437751004016 0.8833333333333333 0.4779116465863454 0.8833333333333333 0.4738955823293173 0.8888888888888888 0.46184738955823296 0.8888888888888888 0.4578313253012048 0.8944444444444445 0.4538152610441767 0.8944444444444445 0.4497991967871486 0.9 0.44176706827309237 0.9 0.42971887550200805 0.9111111111111111 0.36947791164658633 0.9111111111111111 0.3654618473895582 0.9166666666666666 0.3453815261044177 0.9166666666666666 0.3413654618473896 0.9111111111111111 0.30522088353413657 0.9111111111111111 0.30120481927710846 0.9166666666666666 0.2891566265060241 0.9166666666666666 0.285140562248996 0.9111111111111111 0.26506024096385544 0.9111111111111111 0.26104417670682734 0.9055555555555556 0.2570281124497992 0.9055555555555556 0.2570281124497992 0.9 0.24899598393574296 0.8833333333333333 0.24497991967871485 0.8833333333333333 0.24096385542168675 0.8888888888888888 0.23293172690763053 0.8888888888888888 0.2289156626506024 0.8944444444444445 0.2248995983935743 0.8944444444444445 0.21686746987951808 0.9055555555555556 0.19678714859437751 0.9055555555555556 0.19678714859437751 0.9 0.1927710843373494 0.8944444444444445 0.1927710843373494 0.8777777777777778 0.18875502008032127 0.8722222222222222 0.18875502008032127 0.8444444444444444 0.18473895582329317 0.8388888888888889 0.18473895582329317 0.8277777777777777 0.18072289156626506 0.8222222222222222 0.18072289156626506 0.8055555555555556 0.17670682730923695 0.8 0.17670682730923695 0.7555555555555555 0.20080321285140562 0.7555555555555555 0.20481927710843373 0.75 0.21686746987951808 0.75 0.22088353413654618 0.7444444444444445 0.23694779116465864 0.7444444444444445 0.24899598393574296 0.7277777777777777 0.24899598393574296 0.7222222222222222 0.2570281124497992 0.7111111111111111 0.2570281124497992 0.7 0.26104417670682734 0.6944444444444444 0.26104417670682734 0.6888888888888889 0.27309236947791166 0.6722222222222223 0.28112449799196787 0.6722222222222223 0.285140562248996 0.6666666666666666 0.2971887550200803 0.6666666666666666 0.30120481927710846 0.6611111111111111 0.3132530120481928 0.6611111111111111 0.3172690763052209 0.6555555555555556 0.3253012048192771 0.6555555555555556 0.3293172690763052 0.65 0.3413654618473896 0.65 0.3453815261044177 0.6444444444444445 0.3493975903614458 0.6444444444444445 0.3534136546184739 0.6388888888888888 0.3614457831325301 0.6388888888888888 0.3654618473895582 0.6333333333333333 0.36947791164658633 0.6333333333333333 0.3815261044176707 0.6222222222222222 0.3895582329317269 0.6222222222222222 0.39357429718875503 0.6166666666666667 0.39759036144578314 0.6166666666666667 0.40160642570281124 0.6111111111111112 0.40562248995983935 0.6111111111111112 0.40963855421686746 0.6055555555555555 0.41365461847389556 0.6055555555555555 0.41767068273092367 0.6 0.42168674698795183 0.6 0.42570281124497994 0.5944444444444444 0.42971887550200805 0.5944444444444444 0.43373493975903615 0.5888888888888889 0.4457831325301205 0.5888888888888889 0.4497991967871486 0.5833333333333334 0.46184738955823296 0.5833333333333334
19 0.40160642570281124 0.12777777777777777 0.40562248995983935 0.12777777777777777 0.40963855421686746 0.12222222222222222 0.42168674698795183 0.12222222222222222 0.42570281124497994 0.12777777777777777 0.4457831325301205 0.12777777777777777 0.4497991967871486 0.13333333333333333 0.46184738955823296 0.13333333333333333 0.46586345381526106 0.1388888888888889 0.4738955823293173 0.1388888888888889 0.4779116465863454 0.14444444444444443 0.4899598393574297 0.14444444444444443 0.4939759036144578 0.15 0.5261044176706827 0.15 0.5261044176706827 0.15555555555555556 0.5180722891566265 0.16666666666666666 0.5140562248995983 0.16666666666666666 0.5020080321285141 0.18333333333333332 0.5020080321285141 0.19444444444444445 0.4979919678714859 0.2 0.4979919678714859 0.20555555555555555 0.4939759036144578 0.2111111111111111 0.4939759036144578 0.2222222222222222 0.4899598393574297 0.22777777777777777 0.4899598393574297 0.25 0.4859437751004016 0.25555555555555554 0.4779116465863454 0.25555555555555554 0.46184738955823296 0.2777777777777778 0.46184738955823296 0.28888888888888886 0.4578313253012048 0.29444444444444445 0.4578313253012048 0.3111111111111111 0.46184738955823296 0.31666666666666665 0.46184738955823296 0.3277777777777778 0.46987951807228917 0.3388888888888889 0.4738955823293173 0.3388888888888889 0.4819277108433735 0.35 0.4859437751004016 0.35 0.4979919678714859 0.36666666666666664 0.5020080321285141 0.36666666666666664 0.5180722891566265 0.3888888888888889 0.5220883534136547 0.3888888888888889 0.5301204819277109 0.40555555555555556 0.5341365461847389 0.40555555555555556 0.5381526104417671 0.4111111111111111 0.5421686746987951 0.4111111111111111 0.5502008032128514 0.4222222222222222 0.5542168674698795 0.4222222222222222 0.5582329317269076 0.42777777777777776 0.5622489959839357 0.42777777777777776 0.5662650602409639 0.43333333333333335 0.570281124497992 0.43333333333333335 0.5783132530120482 0.4444444444444444 0.5823293172690763 0.4444444444444444 0.5823293172690763 0.46111111111111114 0.5783132530120482 0.4666666666666667 0.5622489959839357 0.4666666666666667 0.5582329317269076 0.46111111111111114 0.5100401606425703 0.46111111111111114 0.5020080321285141 0.4722222222222222 0.5020080321285141 0.4777777777777778 0.4979919678714859 0.48333333333333334 0.4979919678714859 0.49444444444444446 0.4939759036144578 0.5 0.46184738955823296 0.5 0.4578313253012048 0.49444444444444446 0.4538152610441767 0.49444444444444446 0.4497991967871486 0.5 0.43775100401606426 0.5 0.43373493975903615 0.49444444444444446 0.42570281124497994 0.49444444444444446 0.41365461847389556 0.48333333333333334 0.41365461847389556 0.4722222222222222 0.42570281124497994 0.45555555555555555 0.42570281124497994 0.45 0.43775100401606426 0.43333333333333335 0.43775100401606426 0.42777777777777776 0.44176706827309237 0.4222222222222222 0.44176706827309237 0.4166666666666667 0.4497991967871486 0.40555555555555556 0.4497991967871486 0.4 0.4538152610441767 0.39444444444444443 0.4538152610441767 0.36666666666666664 0.4497991967871486 0.3611111111111111 0.4497991967871486 0.35555555555555557 0.4457831325301205 0.35 0.4457831325301205 0.34444444444444444 0.43775100401606426 0.3333333333333333 0.43775100401606426 0.3277777777777778 0.43373493975903615 0.32222222222222224 0.43373493975903615 0.31666666666666665 0.42570281124497994 0.3055555555555556 0.42570281124497994 0.3 0.42168674698795183 0.29444444444444445 0.42168674698795183 0.28888888888888886 0.41767068273092367 0.2833333333333333 0.41767068273092367 0.2777777777777778 0.41365461847389556 0.2722222222222222 0.41365461847389556 0.26666666666666666 0.40562248995983935 0.25555555555555554 0.40562248995983935 0.25 0.40160642570281124 0.24444444444444444 0.40160642570281124 0.16111111111111112 0.39759036144578314 0.15555555555555556 0.39759036144578314 0.14444444444444443 0.40160642570281124 0.1388888888888889 0.40160642570281124 0.13333333333333333
19 0.6465863453815262 0.3111111111111111 0.6506024096385542 0.31666666666666665 0.6586345381526104 0.31666666666666665 0.6586345381526104 0.32222222222222224 0.6626506024096386 0.3277777777777778 0.6666666666666666 0.32222222222222224 0.6827309236947792 0.32222222222222224 0.6907630522088354 0.3333333333333333 0.6947791164658634 0.3333333333333333 0.6987951807228916 0.3388888888888889 0.7068273092369478 0.3388888888888889 0.7108433734939759 0.34444444444444444 0.7188755020080321 0.34444444444444444 0.7228915662650602 0.35 0.7309236947791165 0.35 0.7349397590361446 0.35555555555555557 0.7389558232931727 0.35555555555555557 0.7469879518072289 0.36666666666666664 0.7550200803212851 0.36666666666666664 0.7590361445783133 0.37222222222222223 0.7751004016064257 0.37222222222222223 0.7791164658634538 0.37777777777777777 0.7831325301204819 0.37777777777777777 0.7951807228915663 0.3888888888888889 0.8032128514056225 0.3888888888888889 0.8112449799196787 0.4 0.8192771084337349 0.4 0.8232931726907631 0.40555555555555556 0.8313253012048193 0.40555555555555556 0.8433734939759037 0.4166666666666667 0.8514056224899599 0.4166666666666667 0.8634538152610441 0.42777777777777776 0.8714859437751004 0.42777777777777776 0.8755020080321285 0.43333333333333335 0.8795180722891566 0.43333333333333335 0.8835341365461847 0.4388888888888889 0.8875502008032129 0.4388888888888889 0.8955823293172691 0.45 0.8955823293172691 0.4666666666666667 0.891566265060241 0.4722222222222222 0.891566265060241 0.4777777777777778 0.8875502008032129 0.48333333333333334 0.8875502008032129 0.4888888888888889 0.8795180722891566 0.5055555555555555 0.8795180722891566 0.5222222222222223 0.8755020080321285 0.5277777777777778 0.8755020080321285 0.5333333333333333 0.8674698795180723 0.55 0.8674698795180723 0.5611111111111111 0.8594377510040161 0.5722222222222222 0.8594377510040161 0.5777777777777777 0.8514056224899599 0.5888888888888889 0.8554216867469879 0.5944444444444444 0.8514056224899599 0.6 0.8473895582329317 0.6 0.8473895582329317 0.5888888888888889 0.8514056224899599 0.5833333333333334 0.8514056224899599 0.5777777777777777 0.8473895582329317 0.5722222222222222 0.8473895582329317 0.5555555555555556 0.8433734939759037 0.55 0.8433734939759037 0.5166666666666667 0.8393574297188755 0.5111111111111111 0.8393574297188755 0.4888888888888889 0.8433734939759037 0.48333333333333334 0.8433734939759037 0.4666666666666667 0.8353413654618473 0.45555555555555555 0.8353413654618473 0.45 0.8313253012048193 0.4444444444444444 0.8152610441767069 0.4444444444444444 0.8072289156626506 0.43333333333333335 0.7831325301204819 0.43333333333333335 0.7791164658634538 0.42777777777777776 0.7751004016064257 0.42777777777777776 0.7710843373493976 0.43333333333333335 0.7429718875502008 0.43333333333333335 0.7389558232931727 0.4388888888888889 0.7349397590361446 0.4388888888888889 0.7309236947791165 0.4444444444444444 0.7269076305220884 0.4444444444444444 0.7228915662650602 0.45 0.7228915662650602 0.46111111111111114 0.7188755020080321 0.45555555555555555 0.714859437751004 0.46111111111111114 0.7068273092369478 0.46111111111111114 0.7028112449799196 0.4666666666666667 0.6746987951807228 0.4666666666666667 0.6706827309236948 0.4722222222222222 0.642570281124498 0.4722222222222222 0.6385542168674698 0.4777777777777778 0.6345381526104418 0.4722222222222222 0.5983935742971888 0.4722222222222222 0.5943775100401606 0.4666666666666667 0.5903614457831325 0.4666666666666667 0.5903614457831325 0.45555555555555555 0.5943775100401606 0.45 0.5943775100401606 0.4388888888888889 0.606425702811245 0.4222222222222222 0.606425702811245 0.4166666666666667 0.6104417670682731 0.4111111111111111 0.6104417670682731 0.4 0.6144578313253012 0.39444444444444443 0.6104417670682731 0.3888888888888889 0.6184738955823293 0.37777777777777777 0.6184738955823293 0.3611111111111111 0.6224899598393574 0.35555555555555557 0.6224899598393574 0.35 0.6265060240963856 0.34444444444444444 0.6265060240963856 0.3388888888888889 0.6305220883534136 0.3333333333333333 0.6305220883534136 0.3277777777777778 0.6345381526104418 0.32222222222222224 0.6345381526104418 0.31666666666666665 0.6385542168674698 0.3111111111111111 0.642570281124498 0.3111111111111111
19 0.357429718875502 0.1388888888888889 0.3614457831325301 0.14444444444444443 0.3614457831325301 0.15 0.3654618473895582 0.15555555555555556 0.3654618473895582 0.16111111111111112 0.36947791164658633 0.16666666666666666 0.36947791164658633 0.17222222222222222 0.3815261044176707 0.18888888888888888 0.3815261044176707 0.2111111111111111 0.3855421686746988 0.21666666666666667 0.3855421686746988 0.2222222222222222 0.39357429718875503 0.23333333333333334 0.39357429718875503 0.2388888888888889 0.39759036144578314 0.24444444444444444 0.39759036144578314 0.25 0.40562248995983935 0.2611111111111111 0.40562248995983935 0.26666666666666666 0.40963855421686746 0.2722222222222222 0.40963855421686746 0.2833333333333333 0.41767068273092367 0.29444444444444445 0.41767068273092367 0.3 0.42971887550200805 0.31666666666666665 0.42971887550200805 0.3277777777777778 0.43373493975903615 0.3333333333333333 0.43373493975903615 0.3388888888888889 0.44176706827309237 0.35 0.44176706827309237 0.35555555555555557 0.4497991967871486 0.37222222222222223 0.4497991967871486 0.3888888888888889 0.4457831325301205 0.39444444444444443 0.4457831325301205 0.4 0.43775100401606426 0.4111111111111111 0.43775100401606426 0.4166666666666667 0.43373493975903615 0.4222222222222222 0.43373493975903615 0.42777777777777776 0.41767068273092367 0.45 0.41767068273092367 0.45555555555555555 0.40963855421686746 0.4666666666666667 0.40562248995983935 0.4666666666666667 0.40160642570281124 0.4722222222222222 0.39357429718875503 0.4722222222222222 0.39357429718875503 0.4666666666666667 0.3895582329317269 0.46111111111111114 0.3855421686746988 0.46111111111111114 0.3815261044176707 0.45555555555555555 0.37349397590361444 0.45555555555555555 0.37349397590361444 0.45 0.3654618473895582 0.43333333333333335 0.3654618473895582 0.4166666666666667 0.3614457831325301 0.4111111111111111 0.357429718875502 0.4111111111111111 0.357429718875502 0.40555555555555556 0.3453815261044177 0.3888888888888889 0.3413654618473896 0.3888888888888889 0.3413654618473896 0.37222222222222223 0.3373493975903614 0.36666666666666664 0.3293172690763052 0.36666666666666664 0.3293172690763052 0.3611111111111111 0.3253012048192771 0.35555555555555557 0.3253012048192771 0.34444444444444444 0.3293172690763052 0.3388888888888889 0.3172690763052209 0.32222222222222224 0.3172690763052209 0.31666666666666665 0.3092369477911647 0.3055555555555556 0.3092369477911647 0.3 0.30522088353413657 0.29444444444444445 0.30120481927710846 0.3 0.30120481927710846 0.29444444444444445 0.2931726907630522 0.2833333333333333 0.2891566265060241 0.2833333333333333 0.2931726907630522 0.2777777777777778 0.285140562248996 0.26666666666666666 0.28112449799196787 0.26666666666666666 0.28112449799196787 0.2611111111111111 0.27710843373493976 0.25555555555555554 0.27710843373493976 0.2388888888888889 0.28112449799196787 0.23333333333333334 0.28112449799196787 0.2 0.285140562248996 0.19444444444444445 0.285140562248996 0.18888888888888888 0.2891566265060241 0.18333333333333332 0.2931726907630522 0.18333333333333332 0.2971887550200803 0.17777777777777778 0.30120481927710846 0.17777777777777778 0.30522088353413657 0.17222222222222222 0.3092369477911647 0.17222222222222222 0.3132530120481928 0.16666666666666666 0.3132530120481928 0.16111111111111112 0.3172690763052209 0.16111111111111112 0.3333333333333333 0.1388888888888889 0.3534136546184739 0.1388888888888889
19 0.6867469879518072 0.3333333333333333 0.6907630522088354 0.3388888888888889 0.7028112449799196 0.3388888888888889 0.7068273092369478 0.34444444444444444 0.714859437751004 0.34444444444444444 0.7188755020080321 0.35 0.7228915662650602 0.35 0.7269076305220884 0.35555555555555557 0.7309236947791165 0.35555555555555557 0.7389558232931727 0.36666666666666664 0.7469879518072289 0.36666666666666664 0.7590361445783133 0.37777777777777777 0.7751004016064257 0.37777777777777777 0.7791164658634538 0.38333333333333336 0.7871485943775101 0.38333333333333336 0.7911646586345381 0.3888888888888889 0.7991967871485943 0.3888888888888889 0.8072289156626506 0.4 0.8152610441767069 0.4 0.8273092369477911 0.4111111111111111 0.8353413654618473 0.4111111111111111 0.8393574297188755 0.4166666666666667 0.8473895582329317 0.4166666666666667 0.8594377510040161 0.42777777777777776 0.8674698795180723 0.42777777777777776 0.8714859437751004 0.43333333333333335 0.8755020080321285 0.43333333333333335 0.8795180722891566 0.4388888888888889 0.8835341365461847 0.4388888888888889 0.8875502008032129 0.4444444444444444 0.891566265060241 0.4444444444444444 0.891566265060241 0.45 0.8955823293172691 0.45555555555555555 0.8955823293172691 0.46111111111111114 0.891566265060241 0.4666666666666667 0.891566265060241 0.4722222222222222 0.8875502008032129 0.4777777777777778 0.8875502008032129 0.48333333333333334 0.8795180722891566 0.5 0.8795180722891566 0.5166666666666667 0.8755020080321285 0.5222222222222223 0.8755020080321285 0.5277777777777778 0.8674698795180723 0.5444444444444444 0.8674698795180723 0.5555555555555556 0.8594377510040161 0.5722222222222222 0.8594377510040161 0.5833333333333334 0.8554216867469879 0.5888888888888889 0.8554216867469879 0.6 0.8514056224899599 0.6055555555555555 0.8514056224899599 0.6166666666666667 0.8433734939759037 0.6333333333333333 0.8433734939759037 0.6444444444444445 0.8393574297188755 0.65 0.8393574297188755 0.6555555555555556 0.8353413654618473 0.6611111111111111 0.8353413654618473 0.6666666666666666 0.8273092369477911 0.6833333333333333 0.8273092369477911 0.7722222222222223 0.8232931726907631 0.7777777777777778 0.8232931726907631 0.8277777777777777 0.8192771084337349 0.8333333333333334 0.8192771084337349 0.8666666666666667 0.8152610441767069 0.8722222222222222 0.8152610441767069 0.8833333333333333 0.8072289156626506 0.8944444444444445 0.8032128514056225 0.8944444444444445 0.7991967871485943 0.9 0.7751004016064257 0.9 0.7710843373493976 0.8944444444444445 0.7469879518072289 0.8944444444444445 0.7429718875502008 0.8888888888888888 0.7269076305220884 0.8888888888888888 0.7228915662650602 0.8833333333333333 0.714859437751004 0.8833333333333333 0.714859437751004 0.85 0.7188755020080321 0.8444444444444444 0.7188755020080321 0.8277777777777777 0.7228915662650602 0.8222222222222222 0.7188755020080321 0.8166666666666667 0.7188755020080321 0.7888888888888889 0.7228915662650602 0.7833333333333333 0.7228915662650602 0.6944444444444444 0.7269076305220884 0.6888888888888889 0.7269076305220884 0.6777777777777778 0.7228915662650602 0.6722222222222223 0.7228915662650602 0.6555555555555556 0.7269076305220884 0.65 0.7269076305220884 0.5833333333333334 0.7309236947791165 0.5777777777777777 0.7269076305220884 0.5722222222222222 0.7269076305220884 0.5666666666666667 0.7309236947791165 0.5611111111111111 0.7309236947791165 0.55 0.7349397590361446 0.5444444444444444 0.7349397590361446 0.4888888888888889 0.7309236947791165 0.48333333333333334 0.7309236947791165 0.4777777777777778 0.7188755020080321 0.4666666666666667 0.6706827309236948 0.4666666666666667 0.6666666666666666 0.4722222222222222 0.6546184738955824 0.4722222222222222 0.6506024096385542 0.4777777777777778 0.6265060240963856 0.4777777777777778 0.6224899598393574 0.4722222222222222 0.606425702811245 0.4722222222222222 0.6024096385542169 0.4666666666666667 0.5943775100401606 0.4666666666666667 0.5943775100401606 0.45 0.606425702811245 0.43333333333333335 0.606425702811245 0.42777777777777776 0.6144578313253012 0.4111111111111111 0.6144578313253012 0.4 0.6184738955823293 0.39444444444444443 0.6184738955823293 0.38333333333333336 0.6224899598393574 0.37777777777777777 0.6224899598393574 0.36666666666666664 0.6345381526104418 0.35 0.6345381526104418 0.3333333333333333 0.6385542168674698 0.3277777777777778 0.6586345381526104 0.3277777777777778 0.6586345381526104 0.3333333333333333 0.6626506024096386 0.3388888888888889 0.6746987951807228 0.3277777777777778 0.678714859437751 0.3277777777777778 0.6827309236947792 0.3333333333333333
19 0.5341365461847389 0.14444444444444443 0.5542168674698795 0.14444444444444443 0.5622489959839357 0.15555555555555556 0.5622489959839357 0.18888888888888888 0.5582329317269076 0.19444444444444445 0.5582329317269076 0.20555555555555555 0.5542168674698795 0.2111111111111111 0.5542168674698795 0.2611111111111111 0.5582329317269076 0.26666666666666666 0.5582329317269076 0.2722222222222222 0.5823293172690763 0.29444444444444445 0.5903614457831325 0.29444444444444445 0.5943775100401606 0.3 0.6024096385542169 0.3 0.606425702811245 0.3055555555555556 0.6144578313253012 0.3055555555555556 0.6184738955823293 0.3111111111111111 0.6265060240963856 0.3111111111111111 0.6265060240963856 0.31666666666666665 0.6184738955823293 0.3333333333333333 0.6184738955823293 0.34444444444444444 0.6144578313253012 0.35 0.6144578313253012 0.36666666666666664 0.6104417670682731 0.37222222222222223 0.6104417670682731 0.37777777777777777 0.6024096385542169 0.3888888888888889 0.6024096385542169 0.4 0.5983935742971888 0.40555555555555556 0.6024096385542169 0.4111111111111111 0.6024096385542169 0.4166666666666667 0.5943775100401606 0.42777777777777776 0.5943775100401606 0.43333333333333335 0.5903614457831325 0.4388888888888889 0.5823293172690763 0.4388888888888889 0.5783132530120482 0.43333333333333335 0.5742971887550201 0.43333333333333335 0.570281124497992 0.42777777777777776 0.5662650602409639 0.42777777777777776 0.5622489959839357 0.4222222222222222 0.5582329317269076 0.4222222222222222 0.5542168674698795 0.4166666666666667 0.5502008032128514 0.4166666666666667 0.5421686746987951 0.40555555555555556 0.5381526104417671 0.40555555555555556 0.5180722891566265 0.37777777777777777 0.5140562248995983 0.37777777777777777 0.5020080321285141 0.3611111111111111 0.4979919678714859 0.3611111111111111 0.4859437751004016 0.34444444444444444 0.4819277108433735 0.34444444444444444 0.4738955823293173 0.3333333333333333 0.46987951807228917 0.3333333333333333 0.46987951807228917 0.3277777777777778 0.46184738955823296 0.3111111111111111 0.46184738955823296 0.28888888888888886 0.46586345381526106 0.2833333333333333 0.46586345381526106 0.2777777777777778 0.46987951807228917 0.2722222222222222 0.46987951807228917 0.26666666666666666 0.4779116465863454 0.25555555555555554 0.4859437751004016 0.25555555555555554 0.4899598393574297 0.25 0.4899598393574297 0.23333333333333334 0.4939759036144578 0.22777777777777777 0.4939759036144578 0.2222222222222222 0.4979919678714859 0.21666666666666667 0.4979919678714859 0.2111111111111111 0.5020080321285141 0.20555555555555555 0.5020080321285141 0.2 0.5060240963855421 0.19444444444444445 0.5060240963855421 0.18888888888888888 0.5100401606425703 0.18333333333333332 0.5100401606425703 0.17777777777777778 0.5140562248995983 0.17777777777777778 0.5341365461847389 0.15
19 0.40963855421686746 0.48333333333333334 0.42168674698795183 0.5 0.42971887550200805 0.5 0.43373493975903615 0.5055555555555555 0.4899598393574297 0.5055555555555555 0.4899598393574297 0.5333333333333333 0.4859437751004016 0.5388888888888889 0.4859437751004016 0.5833333333333334 0.4819277108433735 0.5888888888888889 0.4819277108433735 0.5944444444444444 0.46987951807228917 0.5777777777777777 0.46586345381526106 0.5777777777777777 0.46184738955823296 0.5722222222222222 0.4538152610441767 0.5722222222222222 0.4497991967871486 0.5777777777777777 0.44176706827309237 0.5777777777777777 0.43775100401606426 0.5833333333333334 0.42971887550200805 0.5833333333333334 0.42570281124497994 0.5888888888888889 0.42168674698795183 0.5888888888888889 0.41365461847389556 0.6 0.40562248995983935 0.6 0.40160642570281124 0.6055555555555555 0.39759036144578314 0.6055555555555555 0.39357429718875503 0.6111111111111112 0.3855421686746988 0.6111111111111112 0.3815261044176707 0.6166666666666667 0.2931726907630522 0.6166666666666667 0.2891566265060241 0.6111111111111112 0.285140562248996 0.6111111111111112 0.285140562248996 0.6 0.2891566265060241 0.5944444444444444 0.2891566265060241 0.5777777777777777 0.2931726907630522 0.5722222222222222 0.2931726907630522 0.5555555555555556 0.30120481927710846 0.5444444444444444 0.3092369477911647 0.5444444444444444 0.3132530120481928 0.5388888888888889 0.3253012048192771 0.5388888888888889 0.3293172690763052 0.5333333333333333 0.3373493975903614 0.5333333333333333 0.3413654618473896 0.5277777777777778 0.3493975903614458 0.5277777777777778 0.3534136546184739 0.5222222222222223 0.357429718875502 0.5222222222222223 0.3654618473895582 0.5111111111111111 0.36947791164658633 0.5111111111111111 0.37751004016064255 0.5 0.3815261044176707 0.5 0.3855421686746988 0.49444444444444446 0.3895582329317269 0.49444444444444446 0.39357429718875503 0.4888888888888889 0.39759036144578314 0.4888888888888889 0.40160642570281124 0.48333333333333334 0.40562248995983935 0.48333333333333334
19 0.6305220883534136 0.06111111111111111 0.6345381526104418 0.06666666666666667 0.6827309236947792 0.06666666666666667 0.6867469879518072 0.07222222222222222 0.6867469879518072 0.07777777777777778 0.6746987951807228 0.07777777777777778 0.6666666666666666 0.08888888888888889 0.6626506024096386 0.08888888888888889 0.6586345381526104 0.09444444444444444 0.6586345381526104 0.1 0.6546184738955824 0.10555555555555556 0.6546184738955824 0.11666666666666667 0.6506024096385542 0.12222222222222222 0.642570281124498 0.12222222222222222 0.6385542168674698 0.12777777777777777 0.6385542168674698 0.15 0.6265060240963856 0.15 0.6224899598393574 0.15555555555555556 0.5863453815261044 0.15555555555555556 0.5823293172690763 0.16111111111111112 0.5742971887550201 0.16111111111111112 0.5502008032128514 0.12777777777777777 0.5461847389558233 0.12777777777777777 0.5461847389558233 0.12222222222222222 0.5381526104417671 0.1111111111111111 0.5381526104417671 0.10555555555555556 0.5502008032128514 0.08888888888888889 0.5582329317269076 0.08888888888888889 0.5622489959839357 0.08333333333333333 0.5662650602409639 0.08333333333333333 0.570281124497992 0.07777777777777778 0.5783132530120482 0.07777777777777778 0.5903614457831325 0.06666666666666667 0.6265060240963856 0.06666666666666667
19 0.27309236947791166 0.4777777777777778 0.27710843373493976 0.48333333333333334 0.28112449799196787 0.48333333333333334 0.28112449799196787 0.4888888888888889 0.2891566265060241 0.5 0.2891566265060241 0.5111111111111111 0.2931726907630522 0.5166666666666667 0.2931726907630522 0.5388888888888889 0.2891566265060241 0.5444444444444444 0.2891566265060241 0.5611111111111111 0.285140562248996 0.5666666666666667 0.285140562248996 0.5833333333333334 0.28112449799196787 0.5888888888888889 0.28112449799196787 0.6 0.27710843373493976 0.6055555555555555 0.27710843373493976 0.6166666666666667 0.27309236947791166 0.6222222222222222 0.27309236947791166 0.6277777777777778 0.26506024096385544 0.6444444444444445 0.26506024096385544 0.6555555555555556 0.26104417670682734 0.6611111111111111 0.26104417670682734 0.6666666666666666 0.25301204819277107 0.6833333333333333 0.25301204819277107 0.6944444444444444 0.24899598393574296 0.7 0.24899598393574296 0.7055555555555556 0.24497991967871485 0.7111111111111111 0.24497991967871485 0.7166666666666667 0.24096385542168675 0.7222222222222222 0.24096385542168675 0.7277777777777777 0.23694779116465864 0.7333333333333333 0.21686746987951808 0.7333333333333333 0.21285140562248997 0.7388888888888889 0.20080321285140562 0.7388888888888889 0.19678714859437751 0.7444444444444445 0.12449799196787148 0.7444444444444445 0.12048192771084337 0.7388888888888889 0.07228915662650602 0.7388888888888889 0.06827309236947791 0.7333333333333333 0.05220883534136546 0.7333333333333333 0.04819277108433735 0.7277777777777777 0.028112449799196786 0.7277777777777777 0.024096385542168676 0.7222222222222222 0.01606425702811245 0.7222222222222222 0.012048192771084338 0.7166666666666667 0.004016064257028112 0.7166666666666667 0 0.7111111111111111 0 0.6611111111111111 0.004016064257028112 0.6555555555555556 0.004016064257028112 0.65 0.012048192771084338 0.6333333333333333 0.012048192771084338 0.6222222222222222 0.01606425702811245 0.6166666666666667 0.01606425702811245 0.6055555555555555 0.020080321285140562 0.6 0.028112449799196786 0.6 0.0321285140562249 0.5944444444444444 0.028112449799196786 0.5888888888888889 0.024096385542168676 0.5888888888888889 0.024096385542168676 0.5777777777777777 0.0321285140562249 0.5611111111111111 0.0321285140562249 0.5444444444444444 0.03614457831325301 0.5388888888888889 0.03614457831325301 0.5277777777777778 0.040160642570281124 0.5222222222222223 0.040160642570281124 0.5111111111111111 0.04417670682730924 0.5055555555555555 0.04417670682730924 0.5 0.05220883534136546 0.4888888888888889 0.05622489959839357 0.4888888888888889 0.060240963855421686 0.48333333333333334 0.09236947791164658 0.48333333333333334 0.10441767068273092 0.49444444444444446 0.11646586345381527 0.49444444444444446 0.12048192771084337 0.5 0.12449799196787148 0.5 0.1285140562248996 0.49444444444444446 0.1686746987951807 0.49444444444444446 0.17269076305220885 0.4888888888888889 0.20883534136546184 0.4888888888888889 0.21285140562248997 0.48333333333333334 0.23694779116465864 0.48333333333333334 0.24096385542168675 0.4777777777777778 0.26907630522088355 0.4777777777777778
19 0.24096385542168675 0.17777777777777778 0.27309236947791166 0.17777777777777778 0.26907630522088355 0.18333333333333332 0.26907630522088355 0.19444444444444445 0.26506024096385544 0.2 0.26506024096385544 0.2222222222222222 0.26104417670682734 0.2222222222222222 0.24899598393574296 0.2388888888888889 0.24497991967871485 0.23333333333333334 0.23694779116465864 0.24444444444444444 0.23694779116465864 0.25555555555555554 0.23293172690763053 0.2611111111111111 0.23293172690763053 0.26666666666666666 0.2289156626506024 0.26666666666666666 0.2248995983935743 0.2722222222222222 0.2248995983935743 0.28888888888888886 0.21285140562248997 0.3 0.21285140562248997 0.3055555555555556 0.20080321285140562 0.32222222222222224 0.20080321285140562 0.3333333333333333 0.19678714859437751 0.3388888888888889 0.19678714859437751 0.35 0.1927710843373494 0.35 0.18473895582329317 0.3611111111111111 0.18875502008032127 0.36666666666666664 0.1927710843373494 0.36666666666666664 0.1927710843373494 0.38333333333333336 0.18875502008032127 0.3888888888888889 0.18875502008032127 0.4 0.18473895582329317 0.40555555555555556 0.18473895582329317 0.42777777777777776 0.18072289156626506 0.43333333333333335 0.18072289156626506 0.45555555555555555 0.17269076305220885 0.4666666666666667 0.1606425702811245 0.4666666666666667 0.1566265060240964 0.46111111111111114 0.14056224899598393 0.46111111111111114 0.13654618473895583 0.45555555555555555 0.10441767068273092 0.45555555555555555 0.0963855421686747 0.4444444444444444 0.09236947791164658 0.4444444444444444 0.08433734939759036 0.43333333333333335 0.08433734939759036 0.4 0.08835341365461848 0.4 0.0963855421686747 0.3888888888888889 0.0963855421686747 0.37777777777777777 0.11244979919678715 0.35555555555555557 0.11646586345381527 0.35555555555555557 0.11244979919678715 0.3611111111111111 0.11244979919678715 0.36666666666666664 0.10843373493975904 0.36666666666666664 0.10441767068273092 0.37222222222222223 0.10843373493975904 0.37777777777777777 0.10843373493975904 0.38333333333333336 0.11646586345381527 0.39444444444444443 0.11646586345381527 0.40555555555555556 0.12048192771084337 0.4111111111111111 0.1285140562248996 0.4 0.12449799196787148 0.39444444444444443 0.13654618473895583 0.39444444444444443 0.13253012048192772 0.39444444444444443 0.1285140562248996 0.4 0.1285140562248996 0.4166666666666667 0.12449799196787148 0.4166666666666667 0.12048192771084337 0.4111111111111111 0.11646586345381527 0.4111111111111111 0.11244979919678715 0.4166666666666667 0.11244979919678715 0.4222222222222222 0.11646586345381527 0.42777777777777776 0.12048192771084337 0.42777777777777776 0.1285140562248996 0.4388888888888889 0.14056224899598393 0.42777777777777776 0.14056224899598393 0.4111111111111111 0.13654618473895583 0.40555555555555556 0.14056224899598393 0.40555555555555556 0.14859437751004015 0.39444444444444443 0.14859437751004015 0.3888888888888889 0.1566265060240964 0.3888888888888889 0.1566265060240964 0.39444444444444443 0.1606425702811245 0.4 0.17269076305220885 0.4 0.17670682730923695 0.39444444444444443 0.17670682730923695 0.3888888888888889 0.17269076305220885 0.38333333333333336 0.1686746987951807 0.3888888888888889 0.1686746987951807 0.38333333333333336 0.17269076305220885 0.38333333333333336 0.17670682730923695 0.37777777777777777 0.17269076305220885 0.37222222222222223 0.1686746987951807 0.37222222222222223 0.1646586345381526 0.36666666666666664 0.1606425702811245 0.36666666666666664 0.1606425702811245 0.35555555555555557 0.1566265060240964 0.35 0.1566265060240964 0.3333333333333333 0.1606425702811245 0.3277777777777778 0.1646586345381526 0.3277777777777778 0.1686746987951807 0.3333333333333333 0.18072289156626506 0.31666666666666665 0.18072289156626506 0.3111111111111111 0.17670682730923695 0.3055555555555556 0.17670682730923695 0.29444444444444445 0.17269076305220885 0.28888888888888886 0.1686746987951807 0.29444444444444445 0.1646586345381526 0.29444444444444445 0.1646586345381526 0.28888888888888886 0.1566265060240964 0.2777777777777778 0.15261044176706828 0.2833333333333333 0.15261044176706828 0.3055555555555556 0.14859437751004015 0.3111111111111111 0.15261044176706828 0.31666666666666665 0.15261044176706828 0.32222222222222224 0.14859437751004015 0.31666666666666665 0.14859437751004015 0.3111111111111111 0.14056224899598393 0.29444444444444445 0.1285140562248996 0.3111111111111111 0.1285140562248996 0.28888888888888886 0.13253012048192772 0.2833333333333333 0.13253012048192772 0.2722222222222222 0.13654618473895583 0.26666666666666666 0.13654618473895583 0.2611111111111111 0.14859437751004015 0.24444444444444444 0.14859437751004015 0.2388888888888889 0.1566265060240964 0.22777777777777777 0.1646586345381526 0.22777777777777777 0.1686746987951807 0.23333333333333334 0.1646586345381526 0.2388888888888889 0.1646586345381526 0.24444444444444444 0.17269076305220885 0.2611111111111111 0.1686746987951807 0.26666666666666666 0.17670682730923695 0.2833333333333333 0.18473895582329317 0.2833333333333333 0.1927710843373494 0.2722222222222222 0.1927710843373494 0.26666666666666666 0.20080321285140562 0.26666666666666666 0.20481927710843373 0.2611111111111111 0.19678714859437751 0.25 0.1927710843373494 0.25 0.18875502008032127 0.24444444444444444 0.1927710843373494 0.24444444444444444 0.19678714859437751 0.2388888888888889 0.20080321285140562 0.2388888888888889 0.20481927710843373 0.23333333333333334 0.20481927710843373 0.22777777777777777 0.21686746987951808 0.22777777777777777 0.22088353413654618 0.2222222222222222 0.22088353413654618 0.21666666666666667 0.21686746987951808 0.2111111111111111 0.2248995983935743 0.2 0.2248995983935743 0.2111111111111111 0.23293172690763053 0.2222222222222222 0.24096385542168675 0.2222222222222222 0.24899598393574296 0.2111111111111111 0.24899598393574296 0.20555555555555555 0.24497991967871485 0.2 0.24899598393574296 0.19444444444444445 0.24899598393574296 0.18333333333333332 0.24497991967871485 0.17777777777777778
19 0.27309236947791166 0.17222222222222222 0.27710843373493976 0.17777777777777778 0.26907630522088355 0.19444444444444445 0.26907630522088355 0.2222222222222222 0.26506024096385544 0.22777777777777777 0.26506024096385544 0.23333333333333334 0.26104417670682734 0.2388888888888889 0.24899598393574296 0.2388888888888889 0.24096385542168675 0.25 0.24096385542168675 0.25555555555555554 0.23694779116465864 0.2611111111111111 0.23694779116465864 0.26666666666666666 0.23293172690763053 0.2722222222222222 0.23293172690763053 0.2777777777777778 0.2289156626506024 0.2833333333333333 0.2289156626506024 0.28888888888888886 0.20481927710843373 0.32222222222222224 0.20481927710843373 0.3277777777777778 0.20080321285140562 0.3333333333333333 0.20080321285140562 0.34444444444444444 0.19678714859437751 0.35 0.19678714859437751 0.37222222222222223 0.1927710843373494 0.37777777777777777 0.1927710843373494 0.3888888888888889 0.18875502008032127 0.39444444444444443 0.18875502008032127 0.4166666666666667 0.18473895582329317 0.4222222222222222 0.18473895582329317 0.4444444444444444 0.18072289156626506 0.45 0.18072289156626506 0.46111111111111114 0.17269076305220885 0.4722222222222222 0.1646586345381526 0.4722222222222222 0.1606425702811245 0.4666666666666667 0.15261044176706828 0.4666666666666667 0.14859437751004015 0.46111111111111114 0.11244979919678715 0.46111111111111114 0.10843373493975904 0.45555555555555555 0.10040160642570281 0.45555555555555555 0.0963855421686747 0.45 0.09236947791164658 0.45 0.08433734939759036 0.4388888888888889 0.08032128514056225 0.4388888888888889 0.08032128514056225 0.4 0.09236947791164658 0.38333333333333336 0.09236947791164658 0.37222222222222223 0.0963855421686747 0.36666666666666664 0.0963855421686747 0.3611111111111111 0.10040160642570281 0.35555555555555557 0.10040160642570281 0.35 0.10843373493975904 0.3388888888888889 0.10843373493975904 0.3277777777777778 0.11244979919678715 0.32222222222222224 0.11244979919678715 0.31666666666666665 0.11646586345381527 0.3111111111111111 0.11646586345381527 0.3055555555555556 0.12449799196787148 0.29444444444444445 0.12449799196787148 0.28888888888888886 0.13253012048192772 0.2777777777777778 0.13253012048192772 0.2611111111111111 0.13654618473895583 0.25555555555555554 0.13654618473895583 0.25 0.14056224899598393 0.25 0.14457831325301204 0.24444444444444444 0.14457831325301204 0.2388888888888889 0.14859437751004015 0.2388888888888889 0.1566265060240964 0.22777777777777777 0.1566265060240964 0.2222222222222222 0.1606425702811245 0.2222222222222222 0.1646586345381526 0.21666666666666667 0.1646586345381526 0.2111111111111111 0.17269076305220885 0.2 0.17670682730923695 0.2 0.18473895582329317 0.18888888888888888 0.18875502008032127 0.18888888888888888 0.1927710843373494 0.18333333333333332 0.20080321285140562 0.18333333333333332 0.20481927710843373 0.17777777777777778 0.24497991967871485 0.17777777777777778 0.24899598393574296 0.17222222222222222 0.26907630522088355 0.17222222222222222
19 0.40963855421686746 0.4888888888888889 0.41767068273092367 0.5 0.42168674698795183 0.5 0.42570281124497994 0.5055555555555555 0.4859437751004016 0.5055555555555555 0.4899598393574297 0.5111111111111111 0.4899598393574297 0.5277777777777778 0.4859437751004016 0.5333333333333333 0.4859437751004016 0.5777777777777777 0.4819277108433735 0.5833333333333334 0.4819277108433735 0.5888888888888889 0.4779116465863454 0.5888888888888889 0.46987951807228917 0.5777777777777777 0.46586345381526106 0.5777777777777777 0.46184738955823296 0.5722222222222222 0.4538152610441767 0.5722222222222222 0.4497991967871486 0.5777777777777777 0.44176706827309237 0.5777777777777777 0.43775100401606426 0.5833333333333334 0.42971887550200805 0.5833333333333334 0.42570281124497994 0.5888888888888889 0.42168674698795183 0.5888888888888889 0.41365461847389556 0.6 0.40562248995983935 0.6 0.40160642570281124 0.6055555555555555 0.39759036144578314 0.6055555555555555 0.39357429718875503 0.6111111111111112 0.3855421686746988 0.6111111111111112 0.3815261044176707 0.6166666666666667 0.321285140562249 0.6166666666666667 0.3172690763052209 0.6111111111111112 0.3132530120481928 0.6111111111111112 0.3092369477911647 0.6166666666666667 0.30522088353413657 0.6166666666666667 0.30120481927710846 0.6111111111111112 0.285140562248996 0.6111111111111112 0.285140562248996 0.6055555555555555 0.2891566265060241 0.6 0.2891566265060241 0.5888888888888889 0.2931726907630522 0.5833333333333334 0.2931726907630522 0.5611111111111111 0.30120481927710846 0.5444444444444444 0.3132530120481928 0.5444444444444444 0.3172690763052209 0.5388888888888889 0.3253012048192771 0.5388888888888889 0.3293172690763052 0.5333333333333333 0.3373493975903614 0.5333333333333333 0.3413654618473896 0.5277777777777778 0.3493975903614458 0.5277777777777778 0.3534136546184739 0.5222222222222223 0.357429718875502 0.5222222222222223 0.3614457831325301 0.5166666666666667 0.3654618473895582 0.5166666666666667 0.37349397590361444 0.5055555555555555 0.37751004016064255 0.5055555555555555 0.3855421686746988 0.49444444444444446 0.3895582329317269 0.49444444444444446 0.39357429718875503 0.4888888888888889 0.40562248995983935 0.4888888888888889
19 0.5542168674698795 0 0.5582329317269076 0.005555555555555556 0.5582329317269076 0.011111111111111112 0.5662650602409639 0.022222222222222223 0.570281124497992 0.022222222222222223 0.5863453815261044 0.044444444444444446 0.5863453815261044 0.06111111111111111 0.5742971887550201 0.07222222222222222 0.5622489959839357 0.07222222222222222 0.5582329317269076 0.07777777777777778 0.5542168674698795 0.07777777777777778 0.5502008032128514 0.08333333333333333 0.5461847389558233 0.08333333333333333 0.5381526104417671 0.09444444444444444 0.5341365461847389 0.09444444444444444 0.5140562248995983 0.12222222222222222 0.5140562248995983 0.12777777777777777 0.5100401606425703 0.12777777777777777 0.5060240963855421 0.13333333333333333 0.4738955823293173 0.13333333333333333 0.46987951807228917 0.12777777777777777 0.4578313253012048 0.12777777777777777 0.4538152610441767 0.12222222222222222 0.43775100401606426 0.12222222222222222 0.43373493975903615 0.11666666666666667 0.40562248995983935 0.11666666666666667 0.39357429718875503 0.12777777777777777 0.3815261044176707 0.12777777777777777 0.37751004016064255 0.13333333333333333 0.3654618473895582 0.13333333333333333 0.3614457831325301 0.12777777777777777 0.3654618473895582 0.12222222222222222 0.3654618473895582 0.11666666666666667 0.3895582329317269 0.08333333333333333 0.39357429718875503 0.08333333333333333 0.40562248995983935 0.06666666666666667 0.40963855421686746 0.06666666666666667 0.41767068273092367 0.05555555555555555 0.42168674698795183 0.05555555555555555 0.42971887550200805 0.044444444444444446 0.43373493975903615 0.044444444444444446 0.4497991967871486 0.022222222222222223 0.4538152610441767 0.022222222222222223 0.46184738955823296 0.011111111111111112 0.46586345381526106 0.011111111111111112 0.4738955823293173 0 0.5502008032128514 0
19 0.5060240963855421 0.14444444444444443 0.5020080321285141 0.1388888888888889 0.4819277108433735 0.1388888888888889 0.4779116465863454 0.13333333333333333 0.46586345381526106 0.13333333333333333 0.46184738955823296 0.12777777777777777 0.4497991967871486 0.12777777777777777 0.4457831325301205 0.12222222222222222 0.42971887550200805 0.12222222222222222 0.42570281124497994 0.11666666666666667 0.40963855421686746 0.11666666666666667 0.39357429718875503 0.1388888888888889 0.39357429718875503 0.16111111111111112 0.39759036144578314 0.16666666666666666 0.39357429718875503 0.17222222222222222 0.39759036144578314 0.17777777777777778 0.39759036144578314 0.20555555555555555 0.39357429718875503 0.2111111111111111 0.3895582329317269 0.20555555555555555 0.3895582329317269 0.19444444444444445 0.3855421686746988 0.18888888888888888 0.3855421686746988 0.18333333333333332 0.37751004016064255 0.17222222222222222 0.37751004016064255 0.16666666666666666 0.37349397590361444 0.16111111111111112 0.37349397590361444 0.15555555555555556 0.36947791164658633 0.15 0.36947791164658633 0.14444444444444443 0.3654618473895582 0.1388888888888889 0.3654618473895582 0.13333333333333333 0.3614457831325301 0.12777777777777777 0.3614457831325301 0.12222222222222222 0.39759036144578314 0.07222222222222222 0.40160642570281124 0.07222222222222222 0.40963855421686746 0.06111111111111111 0.41365461847389556 0.06111111111111111 0.41767068273092367 0.05555555555555555 0.42168674698795183 0.05555555555555555 0.43373493975903615 0.03888888888888889 0.43775100401606426 0.03888888888888889 0.4538152610441767 0.016666666666666666 0.4578313253012048 0.016666666666666666 0.46586345381526106 0.005555555555555556 0.46987951807228917 0.005555555555555556 0.4738955823293173 0 0.5582329317269076 0 0.5582329317269076 0.005555555555555556 0.5903614457831325 0.05 0.5903614457831325 0.05555555555555555 0.5863453815261044 0.06111111111111111 0.5863453815261044 0.06666666666666667 0.5742971887550201 0.07777777777777778 0.5742971887550201 0.08888888888888889 0.570281124497992 0.08888888888888889 0.5662650602409639 0.08333333333333333 0.5622489959839357 0.08333333333333333 0.5502008032128514 0.09444444444444444 0.5502008032128514 0.1 0.5461847389558233 0.10555555555555556 0.5461847389558233 0.11666666666666667 0.5582329317269076 0.13333333333333333 0.5301204819277109 0.13333333333333333 0.5261044176706827 0.1388888888888889 0.5100401606425703 0.1388888888888889
19 0.2248995983935743 0.4 0.2289156626506024 0.40555555555555556 0.2289156626506024 0.4111111111111111 0.24096385542168675 0.42777777777777776 0.24096385542168675 0.43333333333333335 0.24497991967871485 0.4388888888888889 0.24497991967871485 0.45 0.24899598393574296 0.45555555555555555 0.24899598393574296 0.4722222222222222 0.21285140562248997 0.4722222222222222 0.21285140562248997 0.45 0.21686746987951808 0.4444444444444444 0.21686746987951808 0.43333333333333335 0.22088353413654618 0.42777777777777776 0.22088353413654618 0.4166666666666667 0.2248995983935743 0.4111111111111111 0.2248995983935743 0.40555555555555556
19 0.6385542168674698 0.06666666666666667 0.642570281124498 0.07222222222222222 0.6907630522088354 0.07222222222222222 0.6947791164658634 0.07777777777777778 0.7188755020080321 0.07777777777777778 0.7228915662650602 0.07222222222222222 0.7349397590361446 0.07222222222222222 0.7389558232931727 0.07777777777777778 0.7469879518072289 0.07777777777777778 0.751004016064257 0.08333333333333333 0.7550200803212851 0.08333333333333333 0.7670682730923695 0.1 0.7710843373493976 0.1 0.7751004016064257 0.10555555555555556 0.7871485943775101 0.10555555555555556 0.7911646586345381 0.1111111111111111 0.7951807228915663 0.1111111111111111 0.8032128514056225 0.12222222222222222 0.8072289156626506 0.12222222222222222 0.8112449799196787 0.12777777777777777 0.8152610441767069 0.12777777777777777 0.8273092369477911 0.1388888888888889 0.8353413654618473 0.1388888888888889 0.8393574297188755 0.14444444444444443 0.8473895582329317 0.14444444444444443 0.8594377510040161 0.16111111111111112 0.8594377510040161 0.17222222222222222 0.8634538152610441 0.17777777777777778 0.8634538152610441 0.18333333333333332 0.8714859437751004 0.2 0.8714859437751004 0.2111111111111111 0.8755020080321285 0.21666666666666667 0.8755020080321285 0.23333333333333334 0.8714859437751004 0.2388888888888889 0.8714859437751004 0.25 0.8674698795180723 0.25555555555555554 0.8594377510040161 0.25555555555555554 0.8514056224899599 0.26666666666666666 0.8514056224899599 0.2722222222222222 0.8473895582329317 0.2777777777777778 0.8473895582329317 0.2833333333333333 0.8433734939759037 0.28888888888888886 0.8433734939759037 0.29444444444444445 0.8393574297188755 0.3 0.8393574297188755 0.3055555555555556 0.8353413654618473 0.3111111111111111 0.8353413654618473 0.31666666666666665 0.8313253012048193 0.32222222222222224 0.8313253012048193 0.3277777777777778 0.8192771084337349 0.34444444444444444 0.8192771084337349 0.35 0.8152610441767069 0.35555555555555557 0.7991967871485943 0.35555555555555557 0.7951807228915663 0.35 0.7911646586345381 0.35 0.7791164658634538 0.3333333333333333 0.7791164658634538 0.3277777777777778 0.7630522088353414 0.3055555555555556 0.7590361445783133 0.3055555555555556 0.7550200803212851 0.3 0.751004016064257 0.3 0.7429718875502008 0.28888888888888886 0.7389558232931727 0.28888888888888886 0.7309236947791165 0.2777777777777778 0.7228915662650602 0.2777777777777778 0.7188755020080321 0.2722222222222222 0.6867469879518072 0.2722222222222222 0.6827309236947792 0.2777777777777778 0.6626506024096386 0.2777777777777778 0.6586345381526104 0.2833333333333333 0.5823293172690763 0.2833333333333333 0.5783132530120482 0.2777777777777778 0.5742971887550201 0.2777777777777778 0.5622489959839357 0.2611111111111111 0.5622489959839357 0.21666666666666667 0.5662650602409639 0.21666666666666667 0.5823293172690763 0.19444444444444445 0.5742971887550201 0.17777777777777778 0.5742971887550201 0.17222222222222222 0.5783132530120482 0.16666666666666666 0.5783132530120482 0.15555555555555556 0.5863453815261044 0.15555555555555556 0.5903614457831325 0.15 0.5903614457831325 0.1388888888888889 0.5943775100401606 0.1388888888888889 0.5983935742971888 0.13333333333333333 0.606425702811245 0.13333333333333333 0.6104417670682731 0.12777777777777777 0.606425702811245 0.12222222222222222 0.606425702811245 0.1111111111111111 0.5983935742971888 0.1 0.5903614457831325 0.1 0.5903614457831325 0.09444444444444444 0.5823293172690763 0.08333333333333333 0.5863453815261044 0.07777777777777778 0.5903614457831325 0.07777777777777778 0.5943775100401606 0.07222222222222222 0.6024096385542169 0.07222222222222222 0.606425702811245 0.06666666666666667 0.6345381526104418 0.06666666666666667
19 0.8674698795180723 0.5166666666666667 0.8674698795180723 0.55 0.8634538152610441 0.5555555555555556 0.8594377510040161 0.5555555555555556 0.8554216867469879 0.5611111111111111 0.8514056224899599 0.5555555555555556 0.8473895582329317 0.5611111111111111 0.8473895582329317 0.55 0.8433734939759037 0.5444444444444444 0.8473895582329317 0.5444444444444444 0.8514056224899599 0.55 0.8554216867469879 0.5444444444444444 0.8554216867469879 0.5388888888888889 0.8514056224899599 0.5333333333333333 0.8634538152610441 0.5333333333333333 0.8674698795180723 0.5277777777777778 0.8674698795180723 0.5222222222222223
19 0.5341365461847389 0.14444444444444443 0.5502008032128514 0.14444444444444443 0.5542168674698795 0.15 0.5582329317269076 0.15 0.5662650602409639 0.16666666666666666 0.5662650602409639 0.17777777777777778 0.570281124497992 0.18333333333333332 0.570281124497992 0.2 0.5622489959839357 0.2111111111111111 0.5582329317269076 0.2111111111111111 0.5542168674698795 0.21666666666666667 0.5542168674698795 0.25555555555555554 0.5582329317269076 0.2611111111111111 0.5582329317269076 0.26666666666666666 0.5742971887550201 0.28888888888888886 0.5783132530120482 0.28888888888888886 0.5823293172690763 0.29444444444444445 0.5903614457831325 0.29444444444444445 0.5943775100401606 0.3 0.6265060240963856 0.3 0.6305220883534136 0.3055555555555556 0.6305220883534136 0.32222222222222224 0.6265060240963856 0.3277777777777778 0.6265060240963856 0.3388888888888889 0.6184738955823293 0.35 0.6184738955823293 0.35555555555555557 0.6144578313253012 0.3611111111111111 0.6144578313253012 0.36666666666666664 0.6104417670682731 0.37222222222222223 0.6104417670682731 0.38333333333333336 0.606425702811245 0.3888888888888889 0.606425702811245 0.4 0.6024096385542169 0.40555555555555556 0.6024096385542169 0.4222222222222222 0.5903614457831325 0.4388888888888889 0.5823293172690763 0.4388888888888889 0.5742971887550201 0.42777777777777776 0.570281124497992 0.42777777777777776 0.5662650602409639 0.4222222222222222 0.5582329317269076 0.4222222222222222 0.5542168674698795 0.4166666666666667 0.5502008032128514 0.4166666666666667 0.5381526104417671 0.4 0.5341365461847389 0.4 0.5140562248995983 0.37222222222222223 0.5100401606425703 0.37222222222222223 0.4939759036144578 0.35 0.4899598393574297 0.35 0.4859437751004016 0.34444444444444444 0.4819277108433735 0.34444444444444444 0.4819277108433735 0.3388888888888889 0.46987951807228917 0.3277777777777778 0.46987951807228917 0.32222222222222224 0.46184738955823296 0.3055555555555556 0.46184738955823296 0.29444444444444445 0.46586345381526106 0.28888888888888886 0.46586345381526106 0.2777777777777778 0.4819277108433735 0.25555555555555554 0.4859437751004016 0.25555555555555554 0.4899598393574297 0.25 0.4899598393574297 0.2388888888888889 0.4979919678714859 0.2222222222222222 0.4979919678714859 0.2111111111111111 0.5020080321285141 0.20555555555555555 0.5020080321285141 0.2 0.5060240963855421 0.19444444444444445 0.5060240963855421 0.18888888888888888 0.5100401606425703 0.18333333333333332 0.5100401606425703 0.17777777777777778 0.5140562248995983 0.17777777777777778 0.5220883534136547 0.16666666666666666 0.5261044176706827 0.16666666666666666 0.5341365461847389 0.15
19 0.7550200803212851 0.4388888888888889 0.8072289156626506 0.4388888888888889 0.8112449799196787 0.4444444444444444 0.8192771084337349 0.4444444444444444 0.8192771084337349 0.45 0.8232931726907631 0.45555555555555555 0.8273092369477911 0.45555555555555555 0.8313253012048193 0.45 0.8353413654618473 0.45555555555555555 0.8353413654618473 0.46111111111111114 0.8393574297188755 0.4666666666666667 0.8393574297188755 0.4888888888888889 0.8353413654618473 0.4888888888888889 0.8313253012048193 0.49444444444444446 0.8313253012048193 0.5111111111111111 0.8353413654618473 0.5166666666666667 0.8393574297188755 0.5166666666666667 0.8393574297188755 0.5444444444444444 0.8433734939759037 0.55 0.8433734939759037 0.5777777777777777 0.8473895582329317 0.5833333333333334 0.8433734939759037 0.5888888888888889 0.8433734939759037 0.6055555555555555 0.8473895582329317 0.6111111111111112 0.8393574297188755 0.6277777777777778 0.8393574297188755 0.65 0.8313253012048193 0.6666666666666666 0.8313253012048193 0.6833333333333333 0.8273092369477911 0.6888888888888889 0.8273092369477911 0.7944444444444444 0.8232931726907631 0.8 0.8232931726907631 0.8333333333333334 0.8192771084337349 0.8388888888888889 0.8192771084337349 0.8722222222222222 0.8152610441767069 0.8777777777777778 0.8152610441767069 0.8833333333333333 0.8072289156626506 0.8944444444444445 0.8032128514056225 0.8944444444444445 0.7991967871485943 0.9 0.7710843373493976 0.9 0.7670682730923695 0.8944444444444445 0.751004016064257 0.8944444444444445 0.7469879518072289 0.8888888888888888 0.7228915662650602 0.8888888888888888 0.7108433734939759 0.8777777777777778 0.7108433734939759 0.8611111111111112 0.714859437751004 0.8555555555555555 0.714859437751004 0.8388888888888889 0.7188755020080321 0.8333333333333334 0.7188755020080321 0.7555555555555555 0.7228915662650602 0.75 0.7228915662650602 0.6611111111111111 0.7269076305220884 0.6555555555555556 0.7269076305220884 0.65 0.7228915662650602 0.6444444444444445 0.7228915662650602 0.6333333333333333 0.7269076305220884 0.6277777777777778 0.7269076305220884 0.5666666666666667 0.7309236947791165 0.5611111111111111 0.7309236947791165 0.55 0.7349397590361446 0.5444444444444444 0.7349397590361446 0.5222222222222223 0.7429718875502008 0.5111111111111111 0.751004016064257 0.5111111111111111 0.7550200803212851 0.5055555555555555 0.7550200803212851 0.4888888888888889 0.7670682730923695 0.4888888888888889 0.7710843373493976 0.48333333333333334 0.7710843373493976 0.4777777777777778 0.7590361445783133 0.46111111111111114 0.7469879518072289 0.46111111111111114 0.7469879518072289 0.45555555555555555 0.751004016064257 0.45555555555555555 0.7550200803212851 0.45 0.7550200803212851 0.4444444444444444
19 0.5100401606425703 0.4888888888888889 0.5140562248995983 0.4888888888888889 0.5180722891566265 0.48333333333333334 0.5261044176706827 0.48333333333333334 0.5301204819277109 0.4777777777777778 0.5903614457831325 0.4777777777777778 0.5943775100401606 0.48333333333333334 0.6265060240963856 0.48333333333333334 0.6305220883534136 0.4888888888888889 0.6506024096385542 0.4888888888888889 0.6546184738955824 0.48333333333333334 0.6706827309236948 0.48333333333333334 0.6746987951807228 0.4777777777777778 0.6947791164658634 0.4777777777777778 0.6987951807228916 0.48333333333333334 0.7228915662650602 0.48333333333333334 0.7228915662650602 0.5055555555555555 0.7269076305220884 0.5111111111111111 0.7228915662650602 0.5166666666666667 0.7228915662650602 0.5555555555555556 0.7188755020080321 0.5611111111111111 0.7188755020080321 0.6333333333333333 0.714859437751004 0.6388888888888888 0.714859437751004 0.7722222222222223 0.7108433734939759 0.7777777777777778 0.7108433734939759 0.8388888888888889 0.7068273092369478 0.8444444444444444 0.7068273092369478 0.8777777777777778 0.7028112449799196 0.8833333333333333 0.7028112449799196 0.9 0.6987951807228916 0.9055555555555556 0.6987951807228916 0.9111111111111111 0.6867469879518072 0.9111111111111111 0.6827309236947792 0.9166666666666666 0.6506024096385542 0.9166666666666666 0.6465863453815262 0.9111111111111111 0.642570281124498 0.9166666666666666 0.6385542168674698 0.9111111111111111 0.5461847389558233 0.9111111111111111 0.5421686746987951 0.9055555555555556 0.5140562248995983 0.9055555555555556 0.5100401606425703 0.9 0.4899598393574297 0.9 0.4899598393574297 0.8944444444444445 0.4939759036144578 0.8944444444444445 0.4979919678714859 0.8888888888888888 0.5020080321285141 0.8888888888888888 0.5060240963855421 0.8833333333333333 0.5100401606425703 0.8833333333333333 0.5220883534136547 0.8666666666666667 0.5220883534136547 0.8611111111111112 0.5261044176706827 0.8611111111111112 0.5421686746987951 0.8388888888888889 0.5421686746987951 0.8222222222222222 0.5381526104417671 0.8166666666666667 0.5381526104417671 0.8111111111111111 0.5301204819277109 0.7944444444444444 0.5301204819277109 0.7833333333333333 0.5261044176706827 0.7777777777777778 0.5261044176706827 0.7666666666666667 0.5220883534136547 0.7611111111111111 0.5220883534136547 0.75 0.5140562248995983 0.7333333333333333 0.5140562248995983 0.7111111111111111 0.5060240963855421 0.6944444444444444 0.5060240963855421 0.6833333333333333 0.4979919678714859 0.6666666666666666 0.4979919678714859 0.6444444444444445 0.4899598393574297 0.6277777777777778 0.4899598393574297 0.5833333333333334 0.4939759036144578 0.5777777777777777 0.4939759036144578 0.55 0.4979919678714859 0.5444444444444444 0.4979919678714859 0.5166666666666667 0.5020080321285141 0.5111111111111111 0.5020080321285141 0.5055555555555555 0.5100401606425703 0.49444444444444446
19 0.17269076305220885 0.7555555555555555 0.1927710843373494 0.7555555555555555 0.19678714859437751 0.75 0.20481927710843373 0.75 0.20883534136546184 0.7444444444444445 0.2248995983935743 0.7444444444444445 0.2289156626506024 0.7388888888888889 0.23293172690763053 0.7388888888888889 0.24096385542168675 0.75 0.24096385542168675 0.7833333333333333 0.24497991967871485 0.7888888888888889 0.24497991967871485 0.7944444444444444 0.24899598393574296 0.8 0.24899598393574296 0.8055555555555556 0.25301204819277107 0.8111111111111111 0.25301204819277107 0.8166666666666667 0.26506024096385544 0.8333333333333334 0.27309236947791166 0.8333333333333334 0.25301204819277107 0.8611111111111112 0.25301204819277107 0.8777777777777778 0.24899598393574296 0.8833333333333333 0.24497991967871485 0.8833333333333333 0.23694779116465864 0.8944444444444445 0.23293172690763053 0.8944444444444445 0.2289156626506024 0.9 0.2248995983935743 0.9 0.21285140562248997 0.9111111111111111 0.19678714859437751 0.9111111111111111 0.1927710843373494 0.9055555555555556 0.1927710843373494 0.8944444444444445 0.18875502008032127 0.8888888888888888 0.18875502008032127 0.8611111111111112 0.18473895582329317 0.8555555555555555 0.18473895582329317 0.8388888888888889 0.18072289156626506 0.8333333333333334 0.18072289156626506 0.8166666666666667 0.17670682730923695 0.8111111111111111 0.17670682730923695 0.7888888888888889 0.17269076305220885 0.7833333333333333 0.17269076305220885 0.7611111111111111
19 0.7068273092369478 0.2777777777777778 0.7108433734939759 0.2833333333333333 0.7228915662650602 0.2833333333333333 0.7269076305220884 0.28888888888888886 0.7309236947791165 0.28888888888888886 0.7349397590361446 0.29444444444444445 0.7389558232931727 0.29444444444444445 0.7469879518072289 0.3055555555555556 0.751004016064257 0.3055555555555556 0.7550200803212851 0.3111111111111111 0.7590361445783133 0.3111111111111111 0.7630522088353414 0.31666666666666665 0.7670682730923695 0.31666666666666665 0.7751004016064257 0.3333333333333333 0.7751004016064257 0.35 0.7710843373493976 0.35555555555555557 0.7710843373493976 0.3611111111111111 0.7670682730923695 0.36666666666666664 0.7550200803212851 0.36666666666666664 0.751004016064257 0.3611111111111111 0.7429718875502008 0.3611111111111111 0.7349397590361446 0.35 0.7269076305220884 0.35 0.7188755020080321 0.3388888888888889 0.7108433734939759 0.3388888888888889 0.7068273092369478 0.3333333333333333 0.6987951807228916 0.3333333333333333 0.6947791164658634 0.3277777777777778 0.6867469879518072 0.3277777777777778 0.6827309236947792 0.32222222222222224 0.678714859437751 0.32222222222222224 0.6746987951807228 0.31666666666666665 0.6706827309236948 0.31666666666666665 0.6666666666666666 0.3111111111111111 0.6626506024096386 0.3111111111111111 0.6586345381526104 0.3055555555555556 0.6546184738955824 0.3055555555555556 0.6546184738955824 0.3 0.6586345381526104 0.3 0.6626506024096386 0.29444444444444445 0.6626506024096386 0.28888888888888886 0.6706827309236948 0.28888888888888886 0.6746987951807228 0.2833333333333333 0.7028112449799196 0.2833333333333333
19 0.357429718875502 0.1388888888888889 0.3614457831325301 0.14444444444444443 0.3614457831325301 0.15 0.3654618473895582 0.15555555555555556 0.3654618473895582 0.16111111111111112 0.36947791164658633 0.16666666666666666 0.36947791164658633 0.17222222222222222 0.3815261044176707 0.18888888888888888 0.3815261044176707 0.2111111111111111 0.3855421686746988 0.21666666666666667 0.3855421686746988 0.2222222222222222 0.39357429718875503 0.23333333333333334 0.39357429718875503 0.2388888888888889 0.39759036144578314 0.24444444444444444 0.39759036144578314 0.25 0.40160642570281124 0.25555555555555554 0.40160642570281124 0.2611111111111111 0.40562248995983935 0.26666666666666666 0.40562248995983935 0.2722222222222222 0.40963855421686746 0.2777777777777778 0.40963855421686746 0.2833333333333333 0.41767068273092367 0.29444444444444445 0.41767068273092367 0.3 0.42168674698795183 0.3055555555555556 0.42168674698795183 0.3111111111111111 0.42971887550200805 0.32222222222222224 0.42971887550200805 0.3277777777777778 0.43373493975903615 0.3333333333333333 0.43373493975903615 0.3388888888888889 0.44176706827309237 0.35 0.44176706827309237 0.35555555555555557 0.4497991967871486 0.37222222222222223 0.4497991967871486 0.3888888888888889 0.4457831325301205 0.39444444444444443 0.4457831325301205 0.4 0.43775100401606426 0.4111111111111111 0.43775100401606426 0.4166666666666667 0.43373493975903615 0.4222222222222222 0.43373493975903615 0.42777777777777776 0.41767068273092367 0.45 0.41767068273092367 0.45555555555555555 0.40562248995983935 0.4722222222222222 0.40160642570281124 0.4722222222222222 0.39357429718875503 0.48333333333333334 0.3895582329317269 0.48333333333333334 0.3855421686746988 0.4888888888888889 0.3815261044176707 0.4888888888888889 0.37349397590361444 0.5 0.36947791164658633 0.5 0.3614457831325301 0.5111111111111111 0.357429718875502 0.5111111111111111 0.3453815261044177 0.5222222222222223 0.3373493975903614 0.5222222222222223 0.3333333333333333 0.5277777777777778 0.321285140562249 0.5277777777777778 0.3172690763052209 0.5333333333333333 0.30522088353413657 0.5333333333333333 0.30120481927710846 0.5277777777777778 0.30120481927710846 0.5111111111111111 0.2971887550200803 0.5055555555555555 0.2971887550200803 0.49444444444444446 0.28112449799196787 0.4722222222222222 0.27710843373493976 0.4722222222222222 0.27309236947791166 0.4666666666666667 0.2570281124497992 0.4666666666666667 0.25301204819277107 0.46111111111111114 0.25301204819277107 0.45555555555555555 0.24899598393574296 0.45 0.24899598393574296 0.4388888888888889 0.24497991967871485 0.43333333333333335 0.24497991967871485 0.42777777777777776 0.23694779116465864 0.4166666666666667 0.23694779116465864 0.4111111111111111 0.23293172690763053 0.40555555555555556 0.23293172690763053 0.39444444444444443 0.2248995983935743 0.37777777777777777 0.2248995983935743 0.37222222222222223 0.23293172690763053 0.3611111111111111 0.23293172690763053 0.35555555555555557 0.2289156626506024 0.35 0.2248995983935743 0.35 0.2248995983935743 0.34444444444444444 0.22088353413654618 0.3388888888888889 0.21285140562248997 0.3388888888888889 0.21285140562248997 0.3277777777777778 0.21686746987951808 0.32222222222222224 0.22088353413654618 0.32222222222222224 0.24899598393574296 0.2833333333333333 0.25301204819277107 0.2833333333333333 0.26104417670682734 0.2722222222222222 0.26104417670682734 0.26666666666666666 0.26506024096385544 0.26666666666666666 0.27710843373493976 0.25555555555555554 0.27710843373493976 0.23333333333333334 0.28112449799196787 0.22777777777777777 0.28112449799196787 0.2222222222222222 0.27710843373493976 0.21666666666666667 0.27710843373493976 0.20555555555555555 0.28112449799196787 0.2 0.28112449799196787 0.18888888888888888 0.285140562248996 0.18333333333333332 0.2891566265060241 0.18333333333333332 0.2931726907630522 0.17777777777777778 0.30120481927710846 0.17777777777777778 0.321285140562249 0.15 0.3253012048192771 0.15 0.3333333333333333 0.1388888888888889 0.3534136546184739 0.1388888888888889