19 0.48494983277591974 0.5952380952380952 0.4882943143812709 0.6011904761904762 0.4916387959866221 0.5952380952380952 0.5050167224080268 0.5952380952380952 0.5083612040133779 0.6011904761904762 0.5083612040133779 0.6190476190476191 0.5050167224080268 0.6190476190476191 0.5016722408026756 0.625 0.4816053511705686 0.625 0.4782608695652174 0.6190476190476191 0.4682274247491639 0.6190476190476191 0.46488294314381273 0.625 0.44816053511705684 0.625 0.44481605351170567 0.6309523809523809 0.4414715719063545 0.6309523809523809 0.43812709030100333 0.625 0.43478260869565216 0.625 0.431438127090301 0.6309523809523809 0.391304347826087 0.6309523809523809 0.38461538461538464 0.6190476190476191 0.3879598662207358 0.6130952380952381 0.3879598662207358 0.6071428571428571 0.391304347826087 0.6011904761904762 0.4816053511705686 0.6011904761904762
19 0.1806020066889632 0.2916666666666667 0.18394648829431437 0.2916666666666667 0.18394648829431437 0.2976190476190476 0.18729096989966554 0.30357142857142855 0.20066889632107024 0.30357142857142855 0.2040133779264214 0.30952380952380953 0.22408026755852842 0.30952380952380953 0.22742474916387959 0.30357142857142855 0.2408026755852843 0.30357142857142855 0.24414715719063546 0.30952380952380953 0.26755852842809363 0.30952380952380953 0.2709030100334448 0.31547619047619047 0.27424749163879597 0.31547619047619047 0.27424749163879597 0.32142857142857145 0.2809364548494983 0.3333333333333333 0.2809364548494983 0.3630952380952381 0.28762541806020064 0.375 0.2909698996655518 0.375 0.3010033444816054 0.39285714285714285 0.3010033444816054 0.4226190476190476 0.2976588628762542 0.42857142857142855 0.2976588628762542 0.43452380952380953 0.29431438127090304 0.43452380952380953 0.2909698996655518 0.44047619047619047 0.29431438127090304 0.44642857142857145 0.3010033444816054 0.44642857142857145 0.30434782608695654 0.4523809523809524 0.3076923076923077 0.4523809523809524 0.3177257525083612 0.47023809523809523 0.3177257525083612 0.48214285714285715 0.31438127090301005 0.4880952380952381 0.31438127090301005 0.5059523809523809 0.32441471571906355 0.5238095238095238 0.3277591973244147 0.5238095238095238 0.33444816053511706 0.5357142857142857 0.33444816053511706 0.5535714285714286 0.3311036789297659 0.5595238095238095 0.3311036789297659 0.5833333333333334 0.3277591973244147 0.5892857142857143 0.3277591973244147 0.5952380952380952 0.32441471571906355 0.5952380952380952 0.3210702341137124 0.6011904761904762 0.2976588628762542 0.6011904761904762 0.29431438127090304 0.6071428571428571 0.2909698996655518 0.6011904761904762 0.28762541806020064 0.6071428571428571 0.23745819397993312 0.6071428571428571 0.23411371237458195 0.6011904761904762 0.23076923076923078 0.6011904761904762 0.22742474916387959 0.6071428571428571 0.22408026755852842 0.6011904761904762 0.20735785953177258 0.6011904761904762 0.2040133779264214 0.5952380952380952 0.20066889632107024 0.5952380952380952 0.20066889632107024 0.5833333333333334 0.19732441471571907 0.5773809523809523 0.19732441471571907 0.5595238095238095 0.19063545150501673 0.5476190476190477 0.1939799331103679 0.5416666666666666 0.1939799331103679 0.5357142857142857 0.18394648829431437 0.5178571428571429 0.18729096989966554 0.5119047619047619 0.18729096989966554 0.49404761904761907 0.18394648829431437 0.4880952380952381 0.18729096989966554 0.48214285714285715 0.18729096989966554 0.47619047619047616 0.18394648829431437 0.47023809523809523 0.1806020066889632 0.47023809523809523 0.1806020066889632 0.4583333333333333 0.1705685618729097 0.44047619047619047 0.1705685618729097 0.43452380952380953 0.17391304347826086 0.42857142857142855 0.1705685618729097 0.4226190476190476 0.1705685618729097 0.39880952380952384 0.16387959866220736 0.3869047619047619 0.16722408026755853 0.38095238095238093 0.15719063545150502 0.36904761904761907 0.15719063545150502 0.3333333333333333 0.15384615384615385 0.3273809523809524 0.15719063545150502 0.32142857142857145 0.15384615384615385 0.31547619047619047 0.15384615384615385 0.30952380952380953 0.15719063545150502 0.30952380952380953 0.1605351170568562 0.30357142857142855 0.16387959866220736 0.30952380952380953 0.17725752508361203 0.30952380952380953 0.1806020066889632 0.30357142857142855 0.1806020066889632 0.2976190476190476
19 0.8160535117056856 0.3333333333333333 0.8595317725752508 0.3333333333333333 0.862876254180602 0.3392857142857143 0.8662207357859532 0.3392857142857143 0.8762541806020067 0.35119047619047616 0.8795986622073578 0.35119047619047616 0.882943143812709 0.34523809523809523 0.8862876254180602 0.34523809523809523 0.8896321070234113 0.35119047619047616 0.8896321070234113 0.35714285714285715 0.8862876254180602 0.3630952380952381 0.8862876254180602 0.36904761904761907 0.8896321070234113 0.375 0.8896321070234113 0.38095238095238093 0.8862876254180602 0.3869047619047619 0.8896321070234113 0.39285714285714285 0.8862876254180602 0.39880952380952384 0.8862876254180602 0.4166666666666667 0.8896321070234113 0.4226190476190476 0.8862876254180602 0.42857142857142855 0.8862876254180602 0.43452380952380953 0.8896321070234113 0.44047619047619047 0.8896321070234113 0.4523809523809524 0.8929765886287625 0.4583333333333333 0.8963210702341137 0.4583333333333333 0.9096989966555183 0.48214285714285715 0.9096989966555183 0.49404761904761907 0.9130434782608695 0.5 0.9130434782608695 0.5119047619047619 0.9163879598662207 0.5178571428571429 0.9163879598662207 0.5238095238095238 0.9230769230769231 0.5416666666666666 0.9230769230769231 0.5535714285714286 0.9297658862876255 0.5654761904761905 0.9331103678929766 0.5833333333333334 0.939799331103679 0.5952380952380952 0.939799331103679 0.6011904761904762 0.9431438127090301 0.6071428571428571 0.9431438127090301 0.6130952380952381 0.9498327759197325 0.6309523809523809 0.9498327759197325 0.6666666666666666 0.9464882943143813 0.6726190476190477 0.939799331103679 0.6726190476190477 0.9364548494983278 0.6785714285714286 0.9364548494983278 0.6845238095238095 0.9331103678929766 0.6845238095238095 0.9297658862876255 0.6785714285714286 0.9063545150501672 0.6785714285714286 0.903010033444816 0.6845238095238095 0.8929765886287625 0.6845238095238095 0.8896321070234113 0.6785714285714286 0.8729096989966555 0.6785714285714286 0.8695652173913043 0.6845238095238095 0.8595317725752508 0.6845238095238095 0.8561872909698997 0.6785714285714286 0.8528428093645485 0.6785714285714286 0.8494983277591973 0.6845238095238095 0.8461538461538461 0.6785714285714286 0.8294314381270903 0.6785714285714286 0.8260869565217391 0.6845238095238095 0.8060200668896321 0.6845238095238095 0.802675585284281 0.6785714285714286 0.7591973244147158 0.6785714285714286 0.7558528428093646 0.6726190476190477 0.7391304347826086 0.6726190476190477 0.7357859531772575 0.6666666666666666 0.7290969899665551 0.6666666666666666 0.725752508361204 0.6726190476190477 0.7224080267558528 0.6726190476190477 0.7190635451505016 0.6666666666666666 0.6989966555183946 0.6666666666666666 0.6956521739130435 0.6607142857142857 0.6722408026755853 0.6607142857142857 0.6688963210702341 0.6547619047619048 0.6521739130434783 0.6547619047619048 0.6488294314381271 0.6488095238095238 0.6421404682274248 0.6488095238095238 0.6387959866220736 0.6428571428571429 0.6287625418060201 0.6428571428571429 0.6254180602006689 0.6369047619047619 0.6187290969899666 0.6369047619047619 0.5986622073578596 0.6130952380952381 0.5919732441471572 0.6130952380952381 0.5886287625418061 0.6071428571428571 0.5819397993311036 0.6071428571428571 0.5752508361204013 0.5952380952380952 0.5785953177257525 0.5892857142857143 0.5852842809364549 0.5892857142857143 0.5886287625418061 0.5833333333333334 0.5886287625418061 0.5654761904761905 0.5852842809364549 0.5595238095238095 0.5819397993311036 0.5595238095238095 0.5819397993311036 0.5416666666666666 0.5752508361204013 0.5297619047619048 0.5785953177257525 0.5238095238095238 0.5785953177257525 0.5119047619047619 0.5752508361204013 0.5059523809523809 0.5719063545150501 0.5059523809523809 0.5719063545150501 0.5 0.5785953177257525 0.4880952380952381 0.5785953177257525 0.47619047619047616 0.5819397993311036 0.47619047619047616 0.5852842809364549 0.47023809523809523 0.5819397993311036 0.4642857142857143 0.5819397993311036 0.4523809523809524 0.5852842809364549 0.44642857142857145 0.5852842809364549 0.4166666666666667 0.5886287625418061 0.4107142857142857 0.5886287625418061 0.36904761904761907 0.6153846153846154 0.36904761904761907 0.6187290969899666 0.375 0.6220735785953178 0.36904761904761907 0.6254180602006689 0.375 0.6387959866220736 0.375 0.6421404682274248 0.36904761904761907 0.6454849498327759 0.36904761904761907 0.6488294314381271 0.3630952380952381 0.6488294314381271 0.35714285714285715 0.6789297658862876 0.35714285714285715 0.6822742474916388 0.35119047619047616 0.6789297658862876 0.34523809523809523 0.6956521739130435 0.34523809523809523 0.6956521739130435 0.35119047619047616 0.6889632107023411 0.35119047619047616 0.68561872909699 0.34523809523809523 0.6822742474916388 0.35119047619047616 0.6822742474916388 0.35714285714285715 0.6789297658862876 0.3630952380952381 0.6755852842809364 0.3630952380952381 0.6688963210702341 0.375 0.6688963210702341 0.40476190476190477 0.6655518394648829 0.4107142857142857 0.6655518394648829 0.4226190476190476 0.6688963210702341 0.42857142857142855 0.6688963210702341 0.44642857142857145 0.6722408026755853 0.4523809523809524 0.6722408026755853 0.4583333333333333 0.6789297658862876 0.47023809523809523 0.68561872909699 0.47023809523809523 0.6889632107023411 0.47619047619047616 0.6923076923076923 0.47619047619047616 0.7023411371237458 0.4642857142857143 0.705685618729097 0.47023809523809523 0.7290969899665551 0.47023809523809523 0.7324414715719063 0.47619047619047616 0.7357859531772575 0.47619047619047616 0.7391304347826086 0.47023809523809523 0.7525083612040134 0.47023809523809523 0.7558528428093646 0.4642857142857143 0.7658862876254181 0.4642857142857143 0.7692307692307693 0.4583333333333333 0.7692307692307693 0.4523809523809524 0.7725752508361204 0.4523809523809524 0.7759197324414716 0.44642857142857145 0.7759197324414716 0.44047619047619047 0.7859531772575251 0.4226190476190476 0.7859531772575251 0.4166666666666667 0.7892976588628763 0.4107142857142857 0.7892976588628763 0.39285714285714285 0.7926421404682275 0.3869047619047619 0.7892976588628763 0.38095238095238093 0.7859531772575251 0.38095238095238093 0.7859531772575251 0.375 0.782608695652174 0.36904761904761907 0.7926421404682275 0.36904761904761907 0.7959866220735786 0.3630952380952381 0.8060200668896321 0.3630952380952381 0.8127090301003345 0.35119047619047616 0.8127090301003345 0.34523809523809523 0.8160535117056856 0.3392857142857143
19 0.7424749163879598 0.35714285714285715 0.745819397993311 0.3630952380952381 0.7658862876254181 0.3630952380952381 0.7692307692307693 0.36904761904761907 0.7792642140468228 0.375 0.782608695652174 0.38095238095238093 0.782608695652174 0.39285714285714285 0.7859531772575251 0.39880952380952384 0.7859531772575251 0.4166666666666667 0.7759197324414716 0.43452380952380953 0.7759197324414716 0.44047619047619047 0.7658862876254181 0.4583333333333333 0.7625418060200669 0.4583333333333333 0.7591973244147158 0.4642857142857143 0.6989966555183946 0.4642857142857143 0.6956521739130435 0.4583333333333333 0.68561872909699 0.4642857142857143 0.6822742474916388 0.4583333333333333 0.6755852842809364 0.4583333333333333 0.6722408026755853 0.4523809523809524 0.6722408026755853 0.39285714285714285 0.6755852842809364 0.3869047619047619 0.6789297658862876 0.36904761904761907 0.6822742474916388 0.3630952380952381 0.725752508361204 0.3630952380952381 0.7290969899665551 0.35714285714285715 0.7391304347826086 0.35714285714285715
19 0.43478260869565216 0.27380952380952384 0.43812709030100333 0.27380952380952384 0.4414715719063545 0.27976190476190477 0.44816053511705684 0.27976190476190477 0.44816053511705684 0.2916666666666667 0.44481605351170567 0.2976190476190476 0.44816053511705684 0.30357142857142855 0.451505016722408 0.30357142857142855 0.45484949832775917 0.2976190476190476 0.45484949832775917 0.2857142857142857 0.47491638795986624 0.2857142857142857 0.4682274247491639 0.2976190476190476 0.4682274247491639 0.30357142857142855 0.47157190635451507 0.30952380952380953 0.45484949832775917 0.30952380952380953 0.451505016722408 0.31547619047619047 0.45484949832775917 0.32142857142857145 0.47157190635451507 0.32142857142857145 0.47157190635451507 0.3392857142857143 0.47491638795986624 0.34523809523809523 0.4816053511705686 0.34523809523809523 0.4816053511705686 0.35119047619047616 0.47491638795986624 0.3630952380952381 0.4782608695652174 0.36904761904761907 0.4816053511705686 0.36904761904761907 0.4816053511705686 0.38095238095238093 0.47491638795986624 0.39285714285714285 0.4816053511705686 0.40476190476190477 0.4816053511705686 0.42857142857142855 0.4882943143812709 0.44047619047619047 0.4916387959866221 0.44047619047619047 0.4916387959866221 0.44642857142857145 0.5016722408026756 0.4642857142857143 0.5050167224080268 0.4642857142857143 0.5117056856187291 0.47619047619047616 0.5150501672240803 0.49404761904761907 0.5284280936454849 0.5178571428571429 0.5284280936454849 0.5238095238095238 0.5351170568561873 0.5357142857142857 0.5351170568561873 0.5416666666666666 0.5518394648829431 0.5714285714285714 0.5518394648829431 0.5773809523809523 0.5585284280936454 0.5952380952380952 0.5551839464882943 0.6130952380952381 0.5484949832775919 0.6130952380952381 0.5451505016722408 0.6190476190476191 0.5351170568561873 0.6190476190476191 0.5317725752508361 0.625 0.5183946488294314 0.625 0.5150501672240803 0.6309523809523809 0.4983277591973244 0.6309523809523809 0.49498327759197325 0.625 0.4882943143812709 0.625 0.48494983277591974 0.6309523809523809 0.46488294314381273 0.6309523809523809 0.46153846153846156 0.6369047619047619 0.45484949832775917 0.6369047619047619 0.451505016722408 0.6309523809523809 0.44816053511705684 0.6369047619047619 0.4414715719063545 0.6369047619047619 0.43812709030100333 0.6428571428571429 0.43478260869565216 0.6428571428571429 0.431438127090301 0.6369047619047619 0.42474916387959866 0.6369047619047619 0.4214046822742475 0.6428571428571429 0.39464882943143814 0.6428571428571429 0.391304347826087 0.6488095238095238 0.35451505016722407 0.6488095238095238 0.3511705685618729 0.6547619047619048 0.34448160535117056 0.6547619047619048 0.3411371237458194 0.6488095238095238 0.3377926421404682 0.6547619047619048 0.3311036789297659 0.6547619047619048 0.3277591973244147 0.6488095238095238 0.3177257525083612 0.6488095238095238 0.31438127090301005 0.6428571428571429 0.30434782608695654 0.6428571428571429 0.3010033444816054 0.6369047619047619 0.26755852842809363 0.6369047619047619 0.26421404682274247 0.6428571428571429 0.22073578595317725 0.6428571428571429 0.21739130434782608 0.6369047619047619 0.20066889632107024 0.6369047619047619 0.19732441471571907 0.6309523809523809 0.19063545150501673 0.6309523809523809 0.18729096989966554 0.625 0.1806020066889632 0.625 0.17725752508361203 0.6190476190476191 0.17391304347826086 0.6190476190476191 0.16722408026755853 0.6071428571428571 0.16722408026755853 0.5952380952380952 0.16387959866220736 0.5892857142857143 0.16387959866220736 0.5714285714285714 0.1605351170568562 0.5654761904761905 0.1605351170568562 0.5595238095238095 0.15719063545150502 0.5535714285714286 0.15719063545150502 0.5416666666666666 0.15384615384615385 0.5357142857142857 0.15384615384615385 0.5178571428571429 0.1505016722408027 0.5119047619047619 0.1505016722408027 0.49404761904761907 0.14715719063545152 0.4880952380952381 0.14715719063545152 0.4642857142857143 0.14046822742474915 0.44642857142857145 0.14046822742474915 0.42857142857142855 0.13712374581939799 0.4226190476190476 0.14046822742474915 0.4166666666666667 0.14046822742474915 0.4107142857142857 0.13712374581939799 0.40476190476190477 0.13712374581939799 0.3869047619047619 0.13377926421404682 0.38095238095238093 0.13377926421404682 0.3392857142857143 0.14046822742474915 0.3392857142857143 0.14381270903010032 0.3333333333333333 0.14381270903010032 0.32142857142857145 0.14046822742474915 0.31547619047619047 0.14046822742474915 0.30952380952380953 0.15384615384615385 0.30952380952380953 0.15719063545150502 0.30357142857142855 0.16387959866220736 0.30357142857142855 0.16722408026755853 0.2976190476190476 0.1705685618729097 0.2976190476190476 0.17391304347826086 0.30357142857142855 0.18394648829431437 0.2976190476190476 0.18729096989966554 0.30357142857142855 0.19063545150501673 0.30357142857142855 0.1705685618729097 0.30357142857142855 0.16722408026755853 0.30952380952380953 0.1605351170568562 0.30952380952380953 0.1505016722408027 0.32142857142857145 0.15384615384615385 0.3273809523809524 0.1505016722408027 0.3333333333333333 0.15384615384615385 0.3392857142857143 0.1505016722408027 0.34523809523809523 0.15384615384615385 0.35119047619047616 0.15384615384615385 0.36904761904761907 0.16387959866220736 0.3869047619047619 0.17391304347826086 0.38095238095238093 0.17391304347826086 0.3869047619047619 0.16722408026755853 0.39880952380952384 0.16722408026755853 0.42857142857142855 0.17725752508361203 0.44642857142857145 0.1806020066889632 0.44642857142857145 0.18394648829431437 0.44047619047619047 0.19063545150501673 0.44047619047619047 0.1939799331103679 0.44642857142857145 0.19732441471571907 0.44047619047619047 0.20066889632107024 0.44047619047619047 0.21070234113712374 0.42857142857142855 0.2140468227424749 0.43452380952380953 0.22408026755852842 0.43452380952380953 0.22742474916387959 0.44047619047619047 0.23411371237458195 0.44047619047619047 0.23745819397993312 0.43452380952380953 0.25752508361204013 0.43452380952380953 0.2608695652173913 0.44047619047619047 0.2909698996655518 0.44047619047619047 0.29431438127090304 0.43452380952380953 0.2976588628762542 0.43452380952380953 0.30434782608695654 0.4226190476190476 0.3010033444816054 0.4166666666666667 0.3010033444816054 0.4107142857142857 0.30434782608695654 0.40476190476190477 0.3010033444816054 0.39880952380952384 0.3010033444816054 0.39285714285714285 0.29431438127090304 0.375 0.2909698996655518 0.375 0.28762541806020064 0.36904761904761907 0.26421404682274247 0.36904761904761907 0.26421404682274247 0.3630952380952381 0.26755852842809363 0.36904761904761907 0.2709030100334448 0.36904761904761907 0.27424749163879597 0.3630952380952381 0.27759197324414714 0.36904761904761907 0.2809364548494983 0.3630952380952381 0.2809364548494983 0.35714285714285715 0.28762541806020064 0.3392857142857143 0.2842809364548495 0.3333333333333333 0.2809364548494983 0.31547619047619047 0.27424749163879597 0.30357142857142855 0.26755852842809363 0.30357142857142855 0.27424749163879597 0.30357142857142855 0.27759197324414714 0.2976190476190476 0.2809364548494983 0.30357142857142855 0.3110367892976589 0.30357142857142855 0.3110367892976589 0.30952380952380953 0.31438127090301005 0.31547619047619047 0.3210702341137124 0.31547619047619047 0.3210702341137124 0.3273809523809524 0.31438127090301005 0.34523809523809523 0.3177257525083612 0.35119047619047616 0.31438127090301005 0.35119047619047616 0.3110367892976589 0.35714285714285715 0.3110367892976589 0.375 0.31438127090301005 0.38095238095238093 0.3210702341137124 0.38095238095238093 0.32441471571906355 0.3869047619047619 0.3277591973244147 0.3869047619047619 0.3277591973244147 0.39285714285714285 0.32441471571906355 0.39880952380952384 0.3277591973244147 0.40476190476190477 0.33444816053511706 0.40476190476190477 0.33444816053511706 0.43452380952380953 0.3411371237458194 0.44642857142857145 0.34448160535117056 0.44642857142857145 0.34782608695652173 0.4523809523809524 0.3612040133779264 0.4523809523809524 0.3612040133779264 0.4642857142857143 0.35785953177257523 0.47023809523809523 0.3612040133779264 0.47619047619047616 0.3612040133779264 0.48214285714285715 0.35785953177257523 0.4880952380952381 0.35785953177257523 0.5 0.3612040133779264 0.5059523809523809 0.3612040133779264 0.5119047619047619 0.36789297658862874 0.5238095238095238 0.38127090301003347 0.5238095238095238 0.38461538461538464 0.5178571428571429 0.3879598662207358 0.5178571428571429 0.3879598662207358 0.5238095238095238 0.38127090301003347 0.5357142857142857 0.38127090301003347 0.5773809523809523 0.391304347826087 0.5952380952380952 0.4013377926421405 0.5952380952380952 0.40468227424749165 0.6011904761904762 0.41471571906354515 0.6011904761904762 0.42474916387959866 0.6130952380952381 0.431438127090301 0.6130952380952381 0.43478260869565216 0.6071428571428571 0.43478260869565216 0.6011904761904762 0.451505016722408 0.6011904761904762 0.45484949832775917 0.5952380952380952 0.45819397993311034 0.6011904761904762 0.46153846153846156 0.5952380952380952 0.4682274247491639 0.5952380952380952 0.47157190635451507 0.6011904761904762 0.4782608695652174 0.6011904761904762 0.4816053511705686 0.5952380952380952 0.4983277591973244 0.5952380952380952 0.5016722408026756 0.5892857142857143 0.5050167224080268 0.5892857142857143 0.5117056856187291 0.5773809523809523 0.5117056856187291 0.5654761904761905 0.5183946488294314 0.5535714285714286 0.5183946488294314 0.5357142857142857 0.5150501672240803 0.5297619047619048 0.5150501672240803 0.5238095238095238 0.5083612040133779 0.5119047619047619 0.49498327759197325 0.5119047619047619 0.4916387959866221 0.5059523809523809 0.4782608695652174 0.5059523809523809 0.47491638795986624 0.5 0.47491638795986624 0.49404761904761907 0.4782608695652174 0.5 0.48494983277591974 0.4880952380952381 0.48494983277591974 0.48214285714285715 0.4916387959866221 0.4642857142857143 0.4782608695652174 0.44047619047619047 0.47157190635451507 0.44047619047619047 0.4682274247491639 0.43452380952380953 0.46488294314381273 0.44047619047619047 0.46153846153846156 0.44047619047619047 0.45819397993311034 0.43452380952380953 0.45484949832775917 0.44047619047619047 0.451505016722408 0.43452380952380953 0.44481605351170567 0.43452380952380953 0.44481605351170567 0.42857142857142855 0.44816053511705684 0.4226190476190476 0.45819397993311034 0.4226190476190476 0.46153846153846156 0.4166666666666667 0.46153846153846156 0.40476190476190477 0.4682274247491639 0.39285714285714285 0.46488294314381273 0.3869047619047619 0.46488294314381273 0.38095238095238093 0.45819397993311034 0.36904761904761907 0.44816053511705684 0.36904761904761907 0.44481605351170567 0.3630952380952381 0.43478260869565216 0.3630952380952381 0.43478260869565216 0.35714285714285715 0.43812709030100333 0.35714285714285715 0.44816053511705684 0.3392857142857143 0.44816053511705684 0.3273809523809524 0.44481605351170567 0.32142857142857145 0.44481605351170567 0.2976190476190476 0.4414715719063545 0.2916666666666667 0.43478260869565216 0.2916666666666667 0.43478260869565216 0.27976190476190477
19 0.46488294314381273 0.43452380952380953 0.4682274247491639 0.44047619047619047 0.4782608695652174 0.44047619047619047 0.48494983277591974 0.4523809523809524 0.48494983277591974 0.49404761904761907 0.4816053511705686 0.5 0.44816053511705684 0.5 0.44481605351170567 0.5059523809523809 0.4414715719063545 0.5 0.43812709030100333 0.5059523809523809 0.4013377926421405 0.5059523809523809 0.3979933110367893 0.5119047619047619 0.391304347826087 0.5119047619047619 0.3879598662207358 0.5178571428571429 0.36789297658862874 0.5178571428571429 0.3612040133779264 0.5059523809523809 0.3612040133779264 0.47619047619047616 0.36454849498327757 0.47023809523809523 0.36454849498327757 0.4583333333333333 0.3712374581939799 0.44642857142857145 0.39464882943143814 0.44642857142857145 0.3979933110367893 0.44047619047619047 0.4280936454849498 0.44047619047619047 0.431438127090301 0.43452380952380953 0.43478260869565216 0.43452380952380953 0.43812709030100333 0.44047619047619047 0.4414715719063545 0.44047619047619047 0.44481605351170567 0.43452380952380953 0.46153846153846156 0.43452380952380953
19 0.2709030100334448 0.30952380952380953 0.2809364548494983 0.3273809523809524 0.2809364548494983 0.3630952380952381 0.21070234113712374 0.3630952380952381 0.20735785953177258 0.36904761904761907 0.1806020066889632 0.36904761904761907 0.17725752508361203 0.375 0.16722408026755853 0.375 0.16387959866220736 0.36904761904761907 0.1605351170568562 0.36904761904761907 0.1605351170568562 0.3630952380952381 0.15719063545150502 0.35714285714285715 0.15719063545150502 0.3333333333333333 0.1605351170568562 0.3273809523809524 0.1605351170568562 0.31547619047619047 0.16387959866220736 0.31547619047619047 0.16722408026755853 0.30952380952380953 0.18394648829431437 0.30952380952380953 0.18729096989966554 0.30357142857142855 0.2040133779264214 0.30357142857142855 0.20735785953177258 0.30952380952380953 0.26755852842809363 0.30952380952380953
19 0.8561872909698997 0.5863095238095238 0.11371237458193979 0.10119047619047619
19 0.4498327759197324 0.5595238095238095 0.13712374581939799 0.09523809523809523
19 0.26421404682274247 0.25595238095238093 0.2709030100334448 0.26785714285714285 0.2709030100334448 0.2976190476190476 0.26755852842809363 0.2976190476190476 0.26421404682274247 0.30357142857142855 0.22408026755852842 0.30357142857142855 0.22073578595317725 0.2976190476190476 0.20066889632107024 0.2976190476190476 0.19732441471571907 0.30357142857142855 0.1939799331103679 0.30357142857142855 0.19063545150501673 0.2976190476190476 0.17391304347826086 0.2976190476190476 0.1705685618729097 0.30357142857142855 0.15719063545150502 0.30357142857142855 0.15384615384615385 0.30952380952380953 0.1505016722408027 0.30357142857142855 0.14715719063545152 0.30357142857142855 0.14715719063545152 0.2976190476190476 0.14381270903010032 0.2916666666666667 0.14381270903010032 0.2619047619047619 0.14715719063545152 0.2619047619047619 0.1505016722408027 0.25595238095238093 0.15719063545150502 0.25595238095238093 0.1605351170568562 0.25 0.21070234113712374 0.25 0.2140468227424749 0.25595238095238093 0.2608695652173913 0.25595238095238093
19 0.431438127090301 0.30357142857142855 0.4414715719063545 0.32142857142857145 0.4414715719063545 0.35119047619047616 0.43812709030100333 0.35714285714285715 0.43478260869565216 0.35714285714285715 0.431438127090301 0.3630952380952381 0.40468227424749165 0.3630952380952381 0.4013377926421405 0.36904761904761907 0.36454849498327757 0.36904761904761907 0.3612040133779264 0.375 0.35451505016722407 0.375 0.34448160535117056 0.39285714285714285 0.3377926421404682 0.39285714285714285 0.33444816053511706 0.3869047619047619 0.3311036789297659 0.3869047619047619 0.32441471571906355 0.375 0.32441471571906355 0.35119047619047616 0.3210702341137124 0.34523809523809523 0.32441471571906355 0.3392857142857143 0.3210702341137124 0.3333333333333333 0.32441471571906355 0.3273809523809524 0.32441471571906355 0.32142857142857145 0.3277591973244147 0.32142857142857145 0.3311036789297659 0.31547619047619047 0.3411371237458194 0.31547619047619047 0.34448160535117056 0.30952380952380953 0.36789297658862874 0.30952380952380953 0.3712374581939799 0.30357142857142855 0.4280936454849498 0.30357142857142855
19 0.26421404682274247 0.44047619047619047 0.26755852842809363 0.44642857142857145 0.30434782608695654 0.44642857142857145 0.3076923076923077 0.4523809523809524 0.3110367892976589 0.4523809523809524 0.3177257525083612 0.4642857142857143 0.3177257525083612 0.5 0.31438127090301005 0.5059523809523809 0.22742474916387959 0.5059523809523809 0.22408026755852842 0.5119047619047619 0.21070234113712374 0.5119047619047619 0.20735785953177258 0.5178571428571429 0.1939799331103679 0.5178571428571429 0.19063545150501673 0.5119047619047619 0.18729096989966554 0.5119047619047619 0.18729096989966554 0.4583333333333333 0.1939799331103679 0.44642857142857145 0.2040133779264214 0.44642857142857145 0.20735785953177258 0.44047619047619047 0.25752508361204013 0.44047619047619047 0.2608695652173913 0.44642857142857145
19 0.11036789297658862 0 0.11036789297658862 0.005952380952380952 0.11705685618729098 0.017857142857142856 0.11705685618729098 0.023809523809523808 0.12040133779264214 0.02976190476190476 0.11705685618729098 0.03571428571428571 0.11705685618729098 0.05952380952380952 0.10702341137123746 0.07738095238095238 0.10702341137123746 0.08333333333333333 0.11036789297658862 0.08928571428571429 0.11036789297658862 0.10714285714285714 0.11371237458193979 0.1130952380952381 0.11705685618729098 0.1130952380952381 0.11705685618729098 0.125 0.11371237458193979 0.13095238095238096 0.11371237458193979 0.15476190476190477 0.11036789297658862 0.16071428571428573 0.11036789297658862 0.21428571428571427 0.10702341137123746 0.22023809523809523 0.10702341137123746 0.23214285714285715 0.10367892976588629 0.23809523809523808 0.0802675585284281 0.23809523809523808 0.07692307692307693 0.23214285714285715 0.07692307692307693 0.13690476190476192 0.0802675585284281 0.13095238095238096 0.0802675585284281 0.08928571428571429 0.08361204013377926 0.08928571428571429 0.08695652173913043 0.08333333333333333 0.08695652173913043 0.07738095238095238 0.0802675585284281 0.06547619047619048 0.08361204013377926 0.05952380952380952 0.08361204013377926 0.023809523809523808 0.08695652173913043 0.017857142857142856 0.08695652173913043 0.005952380952380952 0.0903010033444816 0 0.10702341137123746 0
19 0.22408026755852842 0.5119047619047619 0.22742474916387959 0.5178571428571429 0.22073578595317725 0.5178571428571429 0.2140468227424749 0.5357142857142857 0.2140468227424749 0.5535714285714286 0.22408026755852842 0.5654761904761905 0.22073578595317725 0.5714285714285714 0.22073578595317725 0.5892857142857143 0.22408026755852842 0.5952380952380952 0.23076923076923078 0.5952380952380952 0.23745819397993312 0.5773809523809523 0.23745819397993312 0.5892857142857143 0.2408026755852843 0.5952380952380952 0.24414715719063546 0.5952380952380952 0.2508361204013378 0.5773809523809523 0.2508361204013378 0.5833333333333334 0.25418060200668896 0.5892857142857143 0.25752508361204013 0.5892857142857143 0.2608695652173913 0.5833333333333334 0.2608695652173913 0.5714285714285714 0.25418060200668896 0.5595238095238095 0.2508361204013378 0.5595238095238095 0.24749163879598662 0.5535714285714286 0.2508361204013378 0.5595238095238095 0.25418060200668896 0.5595238095238095 0.2608695652173913 0.5714285714285714 0.26421404682274247 0.5714285714285714 0.26755852842809363 0.5773809523809523 0.26421404682274247 0.5833333333333334 0.26755852842809363 0.5892857142857143 0.2709030100334448 0.5892857142857143 0.27759197324414714 0.5773809523809523 0.27759197324414714 0.5892857142857143 0.2809364548494983 0.5952380952380952 0.2842809364548495 0.5952380952380952 0.2909698996655518 0.5833333333333334 0.2909698996655518 0.5773809523809523 0.29431438127090304 0.5773809523809523 0.2909698996655518 0.5833333333333334 0.2976588628762542 0.5952380952380952 0.29431438127090304 0.6011904761904762 0.27759197324414714 0.6011904761904762 0.27424749163879597 0.5952380952380952 0.26755852842809363 0.5952380952380952 0.26421404682274247 0.6011904761904762 0.22742474916387959 0.6011904761904762 0.22408026755852842 0.5952380952380952 0.2140468227424749 0.5952380952380952 0.20735785953177258 0.5833333333333334 0.2040133779264214 0.5833333333333334 0.20066889632107024 0.5773809523809523 0.20066889632107024 0.5535714285714286 0.2040133779264214 0.5476190476190477 0.2040133779264214 0.5357142857142857 0.20735785953177258 0.5297619047619048 0.20735785953177258 0.5238095238095238 0.21739130434782608 0.5238095238095238 0.22073578595317725 0.5178571428571429
19 0.4214046822742475 0.3630952380952381 0.42474916387959866 0.36904761904761907 0.431438127090301 0.36904761904761907 0.43478260869565216 0.3630952380952381 0.4414715719063545 0.3630952380952381 0.44481605351170567 0.36904761904761907 0.451505016722408 0.36904761904761907 0.45484949832775917 0.375 0.46488294314381273 0.38095238095238093 0.46488294314381273 0.39880952380952384 0.4682274247491639 0.40476190476190477 0.46488294314381273 0.4226190476190476 0.46153846153846156 0.4226190476190476 0.45819397993311034 0.42857142857142855 0.42474916387959866 0.42857142857142855 0.4214046822742475 0.43452380952380953 0.3779264214046823 0.43452380952380953 0.3745819397993311 0.44047619047619047 0.36454849498327757 0.44047619047619047 0.3612040133779264 0.44642857142857145 0.34782608695652173 0.44642857142857145 0.34448160535117056 0.44047619047619047 0.3411371237458194 0.44047619047619047 0.3377926421404682 0.43452380952380953 0.3377926421404682 0.4166666666666667 0.3411371237458194 0.4107142857142857 0.3411371237458194 0.40476190476190477 0.35451505016722407 0.38095238095238093 0.3612040133779264 0.38095238095238093 0.36454849498327757 0.375 0.3879598662207358 0.375 0.391304347826087 0.36904761904761907 0.4180602006688963 0.36904761904761907
19 0.7224080267558528 0.5238095238095238 0.725752508361204 0.5297619047619048 0.7290969899665551 0.5297619047619048 0.7391304347826086 0.5476190476190477 0.7391304347826086 0.5654761904761905 0.7357859531772575 0.5714285714285714 0.7357859531772575 0.5773809523809523 0.7290969899665551 0.5892857142857143 0.725752508361204 0.6071428571428571 0.7224080267558528 0.6071428571428571 0.7190635451505016 0.6130952380952381 0.6822742474916388 0.6130952380952381 0.6789297658862876 0.6071428571428571 0.6387959866220736 0.6071428571428571 0.6354515050167224 0.6011904761904762 0.6321070234113713 0.6011904761904762 0.6254180602006689 0.5892857142857143 0.6254180602006689 0.5833333333333334 0.6220735785953178 0.5773809523809523 0.6220735785953178 0.5654761904761905 0.6254180602006689 0.5595238095238095 0.6254180602006689 0.5416666666666666 0.6287625418060201 0.5357142857142857 0.6287625418060201 0.5238095238095238 0.6354515050167224 0.5119047619047619 0.6789297658862876 0.5119047619047619 0.6822742474916388 0.5178571428571429 0.7090301003344481 0.5178571428571429 0.7123745819397993 0.5238095238095238 0.7190635451505016 0.5238095238095238
19 0.2809364548494983 0.36904761904761907 0.2842809364548495 0.375 0.29431438127090304 0.38095238095238093 0.3010033444816054 0.39285714285714285 0.3010033444816054 0.4226190476190476 0.2976588628762542 0.42857142857142855 0.2976588628762542 0.43452380952380953 0.19732441471571907 0.43452380952380953 0.1939799331103679 0.44047619047619047 0.18394648829431437 0.44047619047619047 0.1806020066889632 0.44642857142857145 0.17725752508361203 0.44047619047619047 0.17391304347826086 0.44047619047619047 0.17391304347826086 0.42857142857142855 0.1705685618729097 0.4226190476190476 0.1705685618729097 0.39880952380952384 0.17391304347826086 0.39285714285714285 0.17391304347826086 0.3869047619047619 0.18394648829431437 0.375 0.21070234113712374 0.375 0.2140468227424749 0.36904761904761907 0.27759197324414714 0.36904761904761907
19 0.3110367892976589 0.5119047619047619 0.31438127090301005 0.5178571428571429 0.3210702341137124 0.5178571428571429 0.3277591973244147 0.5297619047619048 0.3311036789297659 0.5297619047619048 0.33444816053511706 0.5357142857142857 0.33444816053511706 0.5535714285714286 0.3311036789297659 0.5595238095238095 0.3311036789297659 0.5833333333333334 0.3277591973244147 0.5892857142857143 0.3277591973244147 0.5952380952380952 0.3210702341137124 0.5952380952380952 0.3177257525083612 0.6011904761904762 0.2842809364548495 0.6011904761904762 0.2809364548494983 0.6071428571428571 0.2408026755852843 0.6071428571428571 0.23745819397993312 0.6011904761904762 0.21739130434782608 0.6011904761904762 0.2140468227424749 0.5952380952380952 0.2040133779264214 0.5892857142857143 0.20066889632107024 0.5833333333333334 0.20066889632107024 0.5535714285714286 0.2040133779264214 0.5476190476190477 0.2040133779264214 0.5297619047619048 0.2140468227424749 0.5178571428571429 0.22742474916387959 0.5178571428571429 0.23076923076923078 0.5119047619047619 0.3076923076923077 0.5119047619047619
19 0.35451505016722407 0.25595238095238093 0.35785953177257523 0.2619047619047619 0.40468227424749165 0.2619047619047619 0.4080267558528428 0.26785714285714285 0.42474916387959866 0.26785714285714285 0.4280936454849498 0.27380952380952384 0.4280936454849498 0.2857142857142857 0.431438127090301 0.2916666666666667 0.4280936454849498 0.2916666666666667 0.42474916387959866 0.2976190476190476 0.38127090301003347 0.2976190476190476 0.3779264214046823 0.30357142857142855 0.3745819397993311 0.30357142857142855 0.3712374581939799 0.2976190476190476 0.36789297658862874 0.30357142857142855 0.3377926421404682 0.30357142857142855 0.33444816053511706 0.30952380952380953 0.32441471571906355 0.30952380952380953 0.3177257525083612 0.2976190476190476 0.3076923076923077 0.2916666666666667 0.3076923076923077 0.2857142857142857 0.30434782608695654 0.27976190476190477 0.30434782608695654 0.2619047619047619 0.3110367892976589 0.2619047619047619 0.31438127090301005 0.25595238095238093 0.3511705685618729 0.25595238095238093