19 0.41875 0.7388888888888889 0.41875 0.7333333333333333 0.421875 0.7277777777777777 0.425 0.7111111111111111 0.43125 0.7 0.43125 0.6944444444444444 0.425 0.6833333333333333 0.425 0.6777777777777778 0.43125 0.6666666666666666 0.43125 0.6611111111111111 0.434375 0.6555555555555556 0.4625 0.6555555555555556 0.465625 0.6611111111111111 0.471875 0.6611111111111111 0.475 0.6777777777777778 0.4875 0.7055555555555556 0.4875 0.7333333333333333 0.471875 0.7611111111111111 0.46875 0.7611111111111111 0.465625 0.7666666666666667 0.465625 0.7722222222222223 0.4625 0.7777777777777778 0.4625 0.8 0.45625 0.8111111111111111 0.45625 0.8166666666666667 0.453125 0.8222222222222222 0.453125 0.8333333333333334 0.44375 0.85 0.44375 0.8611111111111112 0.440625 0.8611111111111112 0.4375 0.8666666666666667 0.4375 0.9111111111111111 0.428125 0.9111111111111111 0.421875 0.9222222222222223 0.425 0.9277777777777778 0.421875 0.9333333333333333 0.415625 0.9333333333333333 0.41875 0.9277777777777778 0.415625 0.9222222222222223 0.415625 0.9111111111111111 0.4125 0.9055555555555556 0.4125 0.8888888888888888 0.409375 0.8833333333333333 0.409375 0.8666666666666667 0.40625 0.8611111111111112 0.40625 0.85 0.403125 0.8444444444444444 0.403125 0.8388888888888889 0.425 0.8 0.425 0.7944444444444444 0.43125 0.7777777777777778 0.43125 0.7555555555555555 0.428125 0.75 0.428125 0.7444444444444445 0.425 0.7388888888888889 0.421875 0.7388888888888889
19 0.546875 0.16666666666666666 0.55 0.17222222222222222 0.559375 0.17222222222222222 0.5625 0.17777777777777778 0.565625 0.17777777777777778 0.565625 0.18888888888888888 0.56875 0.19444444444444445 0.56875 0.20555555555555555 0.571875 0.2111111111111111 0.571875 0.2222222222222222 0.578125 0.2388888888888889 0.578125 0.25 0.58125 0.25555555555555554 0.58125 0.2611111111111111 0.5875 0.2722222222222222 0.596875 0.2777777777777778 0.6 0.2833333333333333 0.603125 0.3 0.6 0.3055555555555556 0.6 0.3111111111111111 0.59375 0.32222222222222224 0.59375 0.3277777777777778 0.590625 0.3333333333333333 0.5875 0.3333333333333333 0.58125 0.34444444444444444 0.58125 0.35 0.578125 0.35 0.56875 0.3611111111111111 0.565625 0.3611111111111111 0.559375 0.37222222222222223 0.559375 0.37777777777777777 0.55625 0.37777777777777777 0.553125 0.38333333333333336 0.55625 0.3888888888888889 0.559375 0.3888888888888889 0.55625 0.3888888888888889 0.546875 0.40555555555555556 0.540625 0.40555555555555556 0.5375 0.4 0.528125 0.4166666666666667 0.528125 0.4222222222222222 0.525 0.4222222222222222 0.521875 0.42777777777777776 0.51875 0.42777777777777776 0.509375 0.4166666666666667 0.509375 0.4 0.5125 0.39444444444444443 0.509375 0.3888888888888889 0.509375 0.37777777777777777 0.503125 0.3611111111111111 0.503125 0.3388888888888889 0.521875 0.3388888888888889 0.534375 0.3055555555555556 0.53125 0.3 0.53125 0.2722222222222222 0.534375 0.26666666666666666 0.53125 0.2611111111111111 0.53125 0.17222222222222222 0.534375 0.16666666666666666 0.54375 0.16666666666666666
19 0.28125 0.7388888888888889 0.284375 0.7444444444444445 0.2875 0.7444444444444445 0.290625 0.75 0.3 0.7555555555555555 0.30625 0.7666666666666667 0.315625 0.7666666666666667 0.325 0.7777777777777778 0.33125 0.7777777777777778 0.334375 0.7833333333333333 0.3375 0.7833333333333333 0.340625 0.7888888888888889 0.35 0.7944444444444444 0.359375 0.8111111111111111 0.3625 0.8111111111111111 0.365625 0.8166666666666667 0.375 0.8222222222222222 0.38125 0.8333333333333334 0.384375 0.8333333333333334 0.390625 0.8444444444444444 0.39375 0.8444444444444444 0.403125 0.8611111111111112 0.403125 0.8833333333333333 0.40625 0.8888888888888888 0.40625 0.9055555555555556 0.403125 0.9111111111111111 0.403125 0.95 0.4 0.9555555555555556 0.4 0.9777777777777777 0.39375 0.9944444444444445 0.359375 0.9944444444444445 0.35625 0.9888888888888889 0.328125 0.9888888888888889 0.325 0.9944444444444445 0.315625 0.9944444444444445 0.3125 0.9888888888888889 0.309375 0.9944444444444445 0.303125 0.9944444444444445 0.3 0.9888888888888889 0.284375 0.9888888888888889 0.28125 0.9944444444444445 0.25 0.9944444444444445 0.221875 0.9611111111111111 0.221875 0.95 0.225 0.9444444444444444 0.225 0.9277777777777778 0.23125 0.9111111111111111 0.23125 0.8888888888888888 0.234375 0.8833333333333333 0.234375 0.8666666666666667 0.2375 0.8611111111111112 0.2375 0.85 0.240625 0.8444444444444444 0.240625 0.8388888888888889 0.25 0.8111111111111111 0.25 0.8 0.253125 0.7944444444444444 0.253125 0.7888888888888889 0.25625 0.7833333333333333 0.25625 0.7777777777777778 0.259375 0.7722222222222223 0.259375 0.7666666666666667 0.2625 0.7611111111111111 0.265625 0.7444444444444445 0.271875 0.7333333333333333 0.275 0.7333333333333333 0.278125 0.7388888888888889
19 0.19375 0.3055555555555556 0.196875 0.3111111111111111 0.20625 0.3111111111111111 0.209375 0.31666666666666665 0.2125 0.31666666666666665 0.215625 0.32222222222222224 0.225 0.3277777777777778 0.228125 0.3333333333333333 0.23125 0.35 0.2375 0.3611111111111111 0.240625 0.37777777777777777 0.215625 0.4222222222222222 0.2125 0.4222222222222222 0.20625 0.43333333333333335 0.203125 0.43333333333333335 0.184375 0.4666666666666667 0.18125 0.4666666666666667 0.178125 0.4722222222222222 0.175 0.4722222222222222 0.171875 0.4777777777777778 0.1625 0.48333333333333334 0.153125 0.5 0.15 0.5 0.14375 0.5111111111111111 0.134375 0.5111111111111111 0.134375 0.5055555555555555 0.1375 0.5 0.1375 0.4888888888888889 0.140625 0.48333333333333334 0.140625 0.4777777777777778 0.14375 0.4722222222222222 0.14375 0.4666666666666667 0.146875 0.46111111111111114 0.15 0.4444444444444444 0.153125 0.4388888888888889 0.153125 0.42777777777777776 0.15625 0.4222222222222222 0.15625 0.4166666666666667 0.165625 0.3888888888888889 0.165625 0.37777777777777777 0.16875 0.37222222222222223 0.16875 0.3611111111111111 0.171875 0.35555555555555557 0.171875 0.34444444444444444 0.175 0.3388888888888889 0.175 0.32222222222222224 0.18125 0.3055555555555556 0.190625 0.3055555555555556
19 0.653125 0.39444444444444443 0.6625 0.3888888888888889 0.66875 0.4 0.671875 0.4 0.684375 0.4222222222222222 0.6875 0.4222222222222222 0.709375 0.46111111111111114 0.709375 0.4666666666666667 0.70625 0.4666666666666667 0.7 0.4777777777777778 0.696875 0.4777777777777778 0.6875 0.4888888888888889 0.68125 0.4888888888888889 0.675 0.4777777777777778 0.675 0.4666666666666667 0.665625 0.45 0.6625 0.43333333333333335 0.653125 0.4166666666666667 0.653125 0.40555555555555556 0.65625 0.4
19 0.546875 0.16666666666666666 0.55 0.16666666666666666 0.553125 0.17222222222222222 0.559375 0.17222222222222222 0.56875 0.18333333333333332 0.56875 0.19444444444444445 0.571875 0.2 0.571875 0.2111111111111111 0.575 0.21666666666666667 0.575 0.22777777777777777 0.578125 0.23333333333333334 0.578125 0.24444444444444444 0.58125 0.25 0.58125 0.25555555555555554 0.590625 0.2722222222222222 0.59375 0.2722222222222222 0.596875 0.2777777777777778 0.603125 0.2777777777777778 0.60625 0.2833333333333333 0.60625 0.29444444444444445 0.603125 0.3 0.603125 0.3055555555555556 0.578125 0.35 0.575 0.35 0.571875 0.35555555555555557 0.559375 0.35555555555555557 0.559375 0.35 0.55625 0.34444444444444444 0.55625 0.3333333333333333 0.553125 0.3277777777777778 0.553125 0.31666666666666665 0.55 0.3111111111111111 0.55 0.26666666666666666 0.546875 0.2611111111111111 0.55 0.25555555555555554 0.546875 0.25 0.55 0.24444444444444444 0.55 0.2388888888888889 0.553125 0.23333333333333334 0.553125 0.2222222222222222 0.55625 0.21666666666666667 0.55625 0.18888888888888888 0.553125 0.18333333333333332 0.553125 0.17777777777777778 0.55 0.17222222222222222 0.546875 0.17222222222222222
19 0.734375 0.7444444444444445 0.7375 0.75 0.746875 0.7555555555555555 0.753125 0.7666666666666667 0.75625 0.7666666666666667 0.765625 0.7833333333333333 0.76875 0.7833333333333333 0.775 0.7944444444444444 0.778125 0.7944444444444444 0.78125 0.8 0.790625 0.8055555555555556 0.796875 0.8166666666666667 0.8 0.8166666666666667 0.815625 0.8388888888888889 0.809375 0.85 0.809375 0.8555555555555555 0.796875 0.8777777777777778 0.796875 0.8833333333333333 0.790625 0.8944444444444445 0.790625 0.9 0.78125 0.9277777777777778 0.78125 0.9388888888888889 0.778125 0.9444444444444444 0.778125 0.9777777777777777 0.78125 0.9833333333333333 0.78125 0.9888888888888889 0.721875 0.9888888888888889 0.71875 0.9833333333333333 0.7125 0.9833333333333333 0.709375 0.9777777777777777 0.7 0.9888888888888889 0.68125 0.9888888888888889 0.678125 0.9944444444444445 0.665625 0.9944444444444445 0.6625 0.9888888888888889 0.653125 0.9888888888888889 0.659375 0.9777777777777777 0.659375 0.9666666666666667 0.6625 0.9611111111111111 0.665625 0.9611111111111111 0.671875 0.95 0.671875 0.9444444444444444 0.675 0.9388888888888889 0.675 0.9111111111111111 0.678125 0.9055555555555556 0.678125 0.9 0.684375 0.8888888888888888 0.684375 0.8833333333333333 0.6875 0.8777777777777778 0.6875 0.8722222222222222 0.690625 0.8666666666666667 0.690625 0.8611111111111112 0.69375 0.8555555555555555 0.69375 0.85 0.703125 0.8222222222222222 0.703125 0.8111111111111111 0.70625 0.8055555555555556 0.70625 0.7944444444444444 0.7125 0.7833333333333333 0.7125 0.7722222222222223 0.71875 0.7611111111111111 0.71875 0.75 0.721875 0.7444444444444445 0.73125 0.7444444444444445
19 0.6 0.3111111111111111 0.6 0.31666666666666665 0.603125 0.32222222222222224 0.603125 0.3388888888888889 0.60625 0.34444444444444444 0.60625 0.3888888888888889 0.603125 0.39444444444444443 0.603125 0.4 0.59375 0.4166666666666667 0.5875 0.4166666666666667 0.584375 0.4222222222222222 0.565625 0.4222222222222222 0.5625 0.4166666666666667 0.553125 0.4166666666666667 0.553125 0.4111111111111111 0.55625 0.40555555555555556 0.55625 0.3611111111111111 0.559375 0.35555555555555557 0.5625 0.3611111111111111 0.56875 0.3611111111111111 0.575 0.35 0.578125 0.35 0.596875 0.31666666666666665
19 0.31875 0.4888888888888889 0.321875 0.49444444444444446 0.321875 0.5055555555555555 0.325 0.5111111111111111 0.325 0.5222222222222223 0.33125 0.5333333333333333 0.334375 0.5333333333333333 0.3375 0.5388888888888889 0.3375 0.5444444444444444 0.334375 0.55 0.34375 0.5666666666666667 0.346875 0.5666666666666667 0.346875 0.5722222222222222 0.353125 0.5833333333333334 0.3625 0.5888888888888889 0.3625 0.5944444444444444 0.375 0.6222222222222222 0.378125 0.6388888888888888 0.384375 0.65 0.3875 0.65 0.3875 0.6555555555555556 0.390625 0.6611111111111111 0.39375 0.6611111111111111 0.39375 0.6666666666666666 0.390625 0.6722222222222223 0.3875 0.6722222222222223 0.38125 0.6833333333333333 0.384375 0.6888888888888889 0.384375 0.6944444444444444 0.378125 0.6944444444444444 0.378125 0.6888888888888889 0.38125 0.6833333333333333 0.375 0.6722222222222223 0.371875 0.6777777777777778 0.371875 0.7055555555555556 0.365625 0.7055555555555556 0.3625 0.7111111111111111 0.353125 0.7111111111111111 0.35 0.7166666666666667 0.340625 0.7166666666666667 0.334375 0.7277777777777777 0.33125 0.7277777777777777 0.325 0.7388888888888889 0.321875 0.7388888888888889 0.31875 0.7444444444444445 0.315625 0.7388888888888889 0.3125 0.7388888888888889 0.3125 0.7333333333333333 0.303125 0.7166666666666667 0.303125 0.7055555555555556 0.296875 0.6944444444444444 0.296875 0.6888888888888889 0.290625 0.6777777777777778 0.290625 0.6722222222222223 0.28125 0.6555555555555556 0.28125 0.6388888888888888 0.275 0.6222222222222222 0.275 0.6 0.278125 0.5944444444444444 0.278125 0.5833333333333334 0.284375 0.5666666666666667 0.284375 0.5611111111111111 0.278125 0.5444444444444444 0.278125 0.5277777777777778 0.28125 0.5222222222222223 0.28125 0.5166666666666667 0.290625 0.5055555555555555 0.296875 0.5055555555555555 0.30625 0.4888888888888889 0.315625 0.4888888888888889
19 0.20625 0.6166666666666667 0.209375 0.6222222222222222 0.2125 0.6222222222222222 0.2125 0.6277777777777778 0.215625 0.6333333333333333 0.209375 0.6444444444444445 0.2125 0.65 0.215625 0.65 0.21875 0.6555555555555556 0.21875 0.6611111111111111 0.2125 0.6722222222222223 0.209375 0.6722222222222223 0.20625 0.6777777777777778 0.196875 0.6777777777777778 0.1875 0.6944444444444444 0.184375 0.6944444444444444 0.178125 0.7055555555555556 0.175 0.7055555555555556 0.171875 0.7111111111111111 0.1625 0.7111111111111111 0.159375 0.7166666666666667 0.14375 0.7166666666666667 0.140625 0.7111111111111111 0.134375 0.7111111111111111 0.13125 0.7055555555555556 0.128125 0.7055555555555556 0.121875 0.6944444444444444 0.121875 0.6833333333333333 0.125 0.6777777777777778 0.128125 0.6611111111111111 0.13125 0.6611111111111111 0.134375 0.6555555555555556 0.140625 0.6555555555555556 0.14375 0.65 0.153125 0.65 0.15625 0.6444444444444445 0.159375 0.6444444444444445 0.16875 0.6277777777777778 0.16875 0.6222222222222222 0.171875 0.6222222222222222 0.178125 0.6111111111111112 0.2 0.6111111111111112 0.203125 0.6166666666666667
19 0.228125 0.19444444444444445 0.23125 0.2 0.24375 0.2 0.246875 0.20555555555555555 0.25 0.20555555555555555 0.2625 0.22777777777777777 0.265625 0.22777777777777777 0.26875 0.23333333333333334 0.271875 0.23333333333333334 0.275 0.2388888888888889 0.284375 0.24444444444444444 0.290625 0.25555555555555554 0.3 0.2611111111111111 0.30625 0.2722222222222222 0.3125 0.2722222222222222 0.315625 0.2777777777777778 0.315625 0.2833333333333333 0.325 0.3 0.328125 0.3 0.33125 0.3055555555555556 0.328125 0.3111111111111111 0.321875 0.3111111111111111 0.31875 0.31666666666666665 0.296875 0.31666666666666665 0.29375 0.32222222222222224 0.26875 0.32222222222222224 0.265625 0.3277777777777778 0.25 0.3277777777777778 0.246875 0.32222222222222224 0.23125 0.32222222222222224 0.228125 0.31666666666666665 0.21875 0.31666666666666665 0.209375 0.3055555555555556 0.203125 0.3055555555555556 0.2 0.3 0.19375 0.3 0.190625 0.29444444444444445 0.184375 0.29444444444444445 0.184375 0.25555555555555554 0.190625 0.24444444444444444 0.190625 0.23333333333333334 0.19375 0.22777777777777777 0.196875 0.2111111111111111 0.20625 0.19444444444444445 0.209375 0.19444444444444445 0.2125 0.18888888888888888 0.215625 0.18888888888888888 0.21875 0.19444444444444445 0.225 0.19444444444444445
19 0.353125 0.4444444444444444 0.3625 0.45555555555555555 0.36875 0.45555555555555555 0.390625 0.49444444444444446 0.39375 0.5111111111111111 0.440625 0.5944444444444444 0.440625 0.6111111111111112 0.4375 0.6166666666666667 0.4375 0.6222222222222222 0.43125 0.6333333333333333 0.43125 0.6444444444444445 0.425 0.6555555555555556 0.425 0.6611111111111111 0.415625 0.6777777777777778 0.409375 0.6777777777777778 0.40625 0.6833333333333333 0.4 0.6833333333333333 0.384375 0.7 0.378125 0.7 0.375 0.7055555555555556 0.36875 0.7055555555555556 0.365625 0.7111111111111111 0.353125 0.7111111111111111 0.35 0.7166666666666667 0.340625 0.7166666666666667 0.3375 0.7222222222222222 0.33125 0.7222222222222222 0.328125 0.7277777777777777 0.328125 0.7333333333333333 0.325 0.7333333333333333 0.321875 0.7388888888888889 0.3125 0.7333333333333333 0.3125 0.7277777777777777 0.30625 0.7166666666666667 0.30625 0.7111111111111111 0.303125 0.7055555555555556 0.303125 0.7 0.29375 0.6833333333333333 0.29375 0.6777777777777778 0.290625 0.6722222222222223 0.290625 0.6666666666666666 0.2875 0.6611111111111111 0.2875 0.6555555555555556 0.284375 0.65 0.284375 0.6444444444444445 0.28125 0.6388888888888888 0.278125 0.6222222222222222 0.275 0.6166666666666667 0.275 0.6 0.28125 0.5888888888888889 0.28125 0.5833333333333334 0.284375 0.5777777777777777 0.28125 0.5722222222222222 0.284375 0.5666666666666667 0.284375 0.5444444444444444 0.278125 0.5333333333333333 0.278125 0.5166666666666667 0.28125 0.5166666666666667 0.290625 0.5055555555555555 0.296875 0.5055555555555555 0.30625 0.4888888888888889 0.309375 0.4888888888888889 0.3125 0.48333333333333334 0.325 0.48333333333333334 0.33125 0.4722222222222222 0.33125 0.4444444444444444 0.334375 0.4388888888888889 0.34375 0.43333333333333335 0.35 0.4444444444444444
19 0.24375 0.39444444444444443 0.25 0.40555555555555556 0.259375 0.4111111111111111 0.259375 0.4166666666666667 0.265625 0.42777777777777776 0.26875 0.42777777777777776 0.26875 0.43333333333333335 0.271875 0.4388888888888889 0.275 0.4388888888888889 0.284375 0.45555555555555555 0.284375 0.4722222222222222 0.278125 0.48333333333333334 0.275 0.48333333333333334 0.271875 0.4888888888888889 0.2625 0.4888888888888889 0.259375 0.49444444444444446 0.25 0.49444444444444446 0.2375 0.5166666666666667 0.2375 0.5222222222222223 0.24375 0.5333333333333333 0.24375 0.5388888888888889 0.246875 0.5444444444444444 0.253125 0.5444444444444444 0.25625 0.55 0.259375 0.55 0.25625 0.5555555555555556 0.25625 0.5666666666666667 0.253125 0.5722222222222222 0.253125 0.5777777777777777 0.25625 0.5833333333333334 0.25625 0.5944444444444444 0.2625 0.6055555555555555 0.2625 0.6111111111111112 0.25625 0.6222222222222222 0.253125 0.6222222222222222 0.2375 0.6444444444444445 0.23125 0.6444444444444445 0.228125 0.65 0.225 0.65 0.215625 0.6666666666666666 0.2125 0.6666666666666666 0.209375 0.6722222222222223 0.20625 0.6722222222222223 0.203125 0.6777777777777778 0.19375 0.6833333333333333 0.18125 0.7055555555555556 0.171875 0.7055555555555556 0.16875 0.7111111111111111 0.1625 0.7111111111111111 0.159375 0.7166666666666667 0.14375 0.7166666666666667 0.134375 0.7055555555555556 0.128125 0.7055555555555556 0.121875 0.6888888888888889 0.125 0.6833333333333333 0.125 0.6722222222222223 0.128125 0.6666666666666666 0.128125 0.6388888888888888 0.13125 0.6333333333333333 0.13125 0.5888888888888889 0.134375 0.5833333333333334 0.13125 0.5777777777777777 0.13125 0.5666666666666667 0.128125 0.5611111111111111 0.128125 0.5444444444444444 0.13125 0.5444444444444444 0.134375 0.55 0.14375 0.55 0.146875 0.5444444444444444 0.15 0.5444444444444444 0.153125 0.55 0.165625 0.55 0.16875 0.5444444444444444 0.15625 0.5166666666666667 0.15625 0.5055555555555555 0.165625 0.5111111111111111 0.175 0.49444444444444446 0.178125 0.49444444444444446 0.184375 0.48333333333333334 0.184375 0.4777777777777778 0.190625 0.4666666666666667 0.19375 0.4666666666666667 0.23125 0.4 0.240625 0.39444444444444443
19 0.725 0.5833333333333334 0.728125 0.5888888888888889 0.746875 0.5888888888888889 0.753125 0.6 0.753125 0.6111111111111112 0.75 0.6166666666666667 0.75 0.6277777777777778 0.746875 0.6333333333333333 0.746875 0.6444444444444445 0.74375 0.65 0.74375 0.6555555555555556 0.7375 0.6666666666666666 0.7375 0.6722222222222223 0.734375 0.6777777777777778 0.734375 0.6888888888888889 0.73125 0.6944444444444444 0.73125 0.7 0.728125 0.7055555555555556 0.728125 0.7111111111111111 0.725 0.7166666666666667 0.721875 0.7333333333333333 0.715625 0.7444444444444445 0.715625 0.75 0.7125 0.7555555555555555 0.7125 0.7611111111111111 0.709375 0.7666666666666667 0.70625 0.7833333333333333 0.7 0.7944444444444444 0.7 0.8 0.696875 0.8055555555555556 0.696875 0.8111111111111111 0.69375 0.8166666666666667 0.690625 0.8333333333333334 0.684375 0.8444444444444444 0.678125 0.8444444444444444 0.66875 0.8555555555555555 0.665625 0.8555555555555555 0.659375 0.8444444444444444 0.65625 0.85 0.653125 0.85 0.64375 0.8333333333333334 0.64375 0.8277777777777777 0.63125 0.8055555555555556 0.621875 0.8055555555555556 0.61875 0.8 0.6125 0.8 0.603125 0.7833333333333333 0.603125 0.7777777777777778 0.60625 0.7722222222222223 0.60625 0.7666666666666667 0.609375 0.7666666666666667 0.6125 0.7611111111111111 0.6125 0.75 0.615625 0.7444444444444445 0.615625 0.7388888888888889 0.621875 0.7277777777777777 0.625 0.7277777777777777 0.628125 0.7222222222222222 0.628125 0.7055555555555556 0.63125 0.7 0.634375 0.6833333333333333 0.6375 0.6833333333333333 0.64375 0.6722222222222223 0.640625 0.6666666666666666 0.640625 0.6444444444444445 0.64375 0.6444444444444445 0.646875 0.6388888888888888 0.646875 0.6333333333333333 0.653125 0.6222222222222222 0.65625 0.6222222222222222 0.659375 0.6166666666666667 0.6625 0.6166666666666667 0.665625 0.6111111111111112 0.675 0.6055555555555555 0.68125 0.5944444444444444 0.684375 0.5944444444444444 0.6875 0.5888888888888889 0.696875 0.5888888888888889 0.7 0.5833333333333334 0.721875 0.5833333333333334
19 0.6 0.4222222222222222 0.603125 0.42777777777777776 0.60625 0.42777777777777776 0.60625 0.43333333333333335 0.6125 0.4444444444444444 0.6125 0.45 0.615625 0.45555555555555555 0.615625 0.46111111111111114 0.61875 0.4666666666666667 0.621875 0.48333333333333334 0.628125 0.49444444444444446 0.628125 0.5 0.63125 0.5055555555555555 0.634375 0.5222222222222223 0.640625 0.5333333333333333 0.640625 0.55 0.634375 0.5611111111111111 0.63125 0.5611111111111111 0.628125 0.5666666666666667 0.621875 0.5666666666666667 0.61875 0.5722222222222222 0.6125 0.5722222222222222 0.609375 0.5777777777777777 0.603125 0.5777777777777777 0.6 0.5833333333333334 0.578125 0.5833333333333334 0.5625 0.6 0.540625 0.6 0.5375 0.6055555555555555 0.528125 0.6055555555555555 0.525 0.6111111111111112 0.515625 0.6111111111111112 0.5125 0.6166666666666667 0.5 0.6166666666666667 0.496875 0.6222222222222222 0.484375 0.6222222222222222 0.48125 0.6277777777777778 0.475 0.6277777777777778 0.471875 0.6333333333333333 0.446875 0.6333333333333333 0.44375 0.6388888888888888 0.440625 0.6388888888888888 0.440625 0.6277777777777778 0.45 0.6 0.446875 0.5944444444444444 0.446875 0.5888888888888889 0.434375 0.5666666666666667 0.43125 0.5666666666666667 0.428125 0.5611111111111111 0.428125 0.5555555555555556 0.415625 0.5333333333333333 0.4125 0.5333333333333333 0.40625 0.5222222222222223 0.40625 0.5111111111111111 0.403125 0.5055555555555555 0.40625 0.5055555555555555 0.409375 0.5 0.415625 0.5 0.41875 0.49444444444444446 0.43125 0.49444444444444446 0.434375 0.4888888888888889 0.4375 0.4888888888888889 0.440625 0.49444444444444446 0.44375 0.4888888888888889 0.44375 0.48333333333333334 0.446875 0.48333333333333334 0.45 0.4777777777777778 0.453125 0.4777777777777778 0.46875 0.46111111111111114 0.490625 0.46111111111111114 0.49375 0.45555555555555555 0.5 0.45555555555555555 0.503125 0.45 0.5125 0.45 0.515625 0.4444444444444444 0.525 0.4444444444444444 0.528125 0.4388888888888889 0.546875 0.4388888888888889 0.55 0.43333333333333335 0.578125 0.43333333333333335 0.58125 0.42777777777777776 0.590625 0.42777777777777776 0.59375 0.4222222222222222 0.596875 0.4222222222222222
19 0.621875 0.3 0.64375 0.3388888888888889 0.64375 0.34444444444444444 0.65 0.35555555555555557 0.653125 0.37222222222222223 0.665625 0.39444444444444443 0.66875 0.39444444444444443 0.684375 0.4222222222222222 0.6875 0.4222222222222222 0.709375 0.46111111111111114 0.709375 0.4666666666666667 0.70625 0.4666666666666667 0.7 0.4777777777777778 0.696875 0.4777777777777778 0.6875 0.4888888888888889 0.678125 0.4888888888888889 0.671875 0.4777777777777778 0.671875 0.4722222222222222 0.665625 0.46111111111111114 0.6625 0.46111111111111114 0.65 0.4388888888888889 0.634375 0.4388888888888889 0.625 0.4111111111111111 0.615625 0.4111111111111111 0.6125 0.40555555555555556 0.6125 0.37777777777777777 0.625 0.34444444444444444 0.61875 0.3333333333333333 0.6125 0.3333333333333333 0.6125 0.3277777777777778 0.603125 0.3111111111111111 0.6125 0.29444444444444445 0.615625 0.29444444444444445 0.61875 0.3
19 0.603125 0.6833333333333333 0.60625 0.6888888888888889 0.6125 0.6888888888888889 0.61875 0.7 0.6125 0.7111111111111111 0.615625 0.7166666666666667 0.615625 0.7222222222222222 0.6125 0.7277777777777777 0.60625 0.7277777777777777 0.603125 0.7333333333333333 0.60625 0.7388888888888889 0.609375 0.7388888888888889 0.603125 0.7388888888888889 0.6 0.7444444444444445 0.6 0.75 0.596875 0.7555555555555555 0.6 0.7611111111111111 0.6 0.7666666666666667 0.59375 0.7666666666666667 0.590625 0.7722222222222223 0.603125 0.7944444444444444 0.603125 0.8055555555555556 0.6 0.8055555555555556 0.596875 0.8111111111111111 0.590625 0.8111111111111111 0.5875 0.8166666666666667 0.578125 0.8166666666666667 0.575 0.8222222222222222 0.571875 0.8222222222222222 0.56875 0.8166666666666667 0.546875 0.8166666666666667 0.54375 0.8222222222222222 0.540625 0.8222222222222222 0.5375 0.8166666666666667 0.534375 0.8222222222222222 0.53125 0.8166666666666667 0.53125 0.8111111111111111 0.534375 0.8055555555555556 0.534375 0.7888888888888889 0.540625 0.7722222222222223 0.540625 0.7611111111111111 0.54375 0.7555555555555555 0.54375 0.7444444444444445 0.55 0.7333333333333333 0.55 0.7222222222222222 0.553125 0.7166666666666667 0.565625 0.7166666666666667 0.565625 0.7222222222222222 0.56875 0.7277777777777777 0.58125 0.7277777777777777 0.584375 0.7222222222222222 0.584375 0.7111111111111111 0.5875 0.7055555555555556 0.5875 0.7 0.596875 0.6833333333333333 0.6 0.6833333333333333
19 0.19375 0.8388888888888889 0.190625 0.8333333333333334 0.184375 0.8444444444444444 0.184375 0.8666666666666667 0.1875 0.8722222222222222 0.190625 0.8722222222222222 0.190625 0.8777777777777778 0.18125 0.8833333333333333 0.178125 0.8888888888888888 0.178125 0.8944444444444445 0.171875 0.8944444444444445 0.165625 0.8833333333333333 0.165625 0.8722222222222222 0.1625 0.8666666666666667 0.1625 0.8611111111111112 0.153125 0.8444444444444444 0.153125 0.8388888888888889 0.15 0.8333333333333334 0.15 0.8277777777777777 0.146875 0.8222222222222222 0.146875 0.8166666666666667 0.14375 0.8111111111111111 0.140625 0.7944444444444444 0.134375 0.7833333333333333 0.134375 0.7777777777777778 0.128125 0.7666666666666667 0.128125 0.7611111111111111 0.125 0.7555555555555555 0.125 0.75 0.128125 0.7444444444444445 0.1375 0.7388888888888889 0.14375 0.7277777777777777 0.165625 0.7277777777777777 0.16875 0.7222222222222222 0.175 0.7222222222222222 0.178125 0.7166666666666667 0.184375 0.7166666666666667 0.190625 0.7055555555555556 0.2 0.7055555555555556 0.2 0.7222222222222222 0.196875 0.7277777777777777 0.196875 0.75 0.19375 0.7555555555555555 0.19375 0.8333333333333334
19 0.74375 0.6666666666666666 0.75 0.6666666666666666 0.753125 0.6722222222222223 0.759375 0.6722222222222223 0.7625 0.6777777777777778 0.775 0.6777777777777778 0.778125 0.6833333333333333 0.790625 0.6833333333333333 0.79375 0.6888888888888889 0.8125 0.6888888888888889 0.815625 0.6944444444444444 0.821875 0.6944444444444444 0.828125 0.7055555555555556 0.828125 0.7111111111111111 0.83125 0.7166666666666667 0.83125 0.7333333333333333 0.834375 0.7388888888888889 0.834375 0.7722222222222223 0.83125 0.7777777777777778 0.83125 0.7888888888888889 0.828125 0.7944444444444444 0.828125 0.8 0.81875 0.8166666666666667 0.81875 0.8222222222222222 0.809375 0.8222222222222222 0.803125 0.8111111111111111 0.79375 0.8055555555555556 0.778125 0.7833333333333333 0.76875 0.7777777777777778 0.7625 0.7666666666666667 0.759375 0.7666666666666667 0.74375 0.7444444444444445 0.740625 0.7444444444444445 0.7375 0.7388888888888889 0.728125 0.7333333333333333 0.728125 0.7277777777777777 0.734375 0.7111111111111111 0.734375 0.7055555555555556 0.7375 0.7 0.7375 0.6888888888888889 0.74375 0.6722222222222223
19 0.49375 0.7111111111111111 0.509375 0.7111111111111111 0.5125 0.7055555555555556 0.515625 0.7055555555555556 0.51875 0.7111111111111111 0.534375 0.7111111111111111 0.5375 0.7166666666666667 0.54375 0.7166666666666667 0.546875 0.7222222222222222 0.546875 0.7277777777777777 0.540625 0.7444444444444445 0.540625 0.7555555555555555 0.5375 0.7611111111111111 0.5375 0.7722222222222223 0.53125 0.7888888888888889 0.53125 0.8055555555555556 0.528125 0.8111111111111111 0.528125 0.8222222222222222 0.525 0.8277777777777777 0.525 0.8333333333333334 0.5125 0.8555555555555555 0.503125 0.8555555555555555 0.5 0.8611111111111112 0.49375 0.8611111111111112 0.490625 0.8666666666666667 0.4875 0.8666666666666667 0.484375 0.8722222222222222 0.48125 0.8722222222222222 0.478125 0.8777777777777778 0.46875 0.8833333333333333 0.4625 0.8944444444444445 0.45625 0.8944444444444445 0.45 0.9055555555555556 0.446875 0.9055555555555556 0.44375 0.9111111111111111 0.4375 0.9111111111111111 0.434375 0.9055555555555556 0.4375 0.9 0.4375 0.8666666666666667 0.440625 0.8611111111111112 0.440625 0.85 0.44375 0.8444444444444444 0.446875 0.8277777777777777 0.453125 0.8277777777777777 0.459375 0.8111111111111111 0.459375 0.8 0.45625 0.7944444444444444 0.45625 0.7888888888888889 0.4625 0.7777777777777778 0.4625 0.7722222222222223 0.465625 0.7722222222222223 0.46875 0.7666666666666667 0.46875 0.7611111111111111 0.471875 0.7555555555555555 0.48125 0.75 0.4875 0.7388888888888889 0.4875 0.7333333333333333 0.49375 0.7222222222222222 0.49375 0.7166666666666667
19 0.515625 0.8611111111111112 0.51875 0.8666666666666667 0.528125 0.8722222222222222 0.5375 0.8888888888888888 0.5375 0.8944444444444445 0.540625 0.9 0.540625 0.9222222222222223 0.5375 0.9277777777777778 0.5375 0.9333333333333333 0.525 0.9555555555555556 0.521875 0.9555555555555556 0.51875 0.9611111111111111 0.509375 0.9666666666666667 0.49375 0.9888888888888889 0.484375 0.9888888888888889 0.48125 0.9944444444444445 0.478125 0.9888888888888889 0.43125 0.9888888888888889 0.428125 0.9944444444444445 0.40625 0.9944444444444445 0.403125 0.9888888888888889 0.403125 0.9833333333333333 0.40625 0.9777777777777777 0.40625 0.9666666666666667 0.409375 0.9611111111111111 0.41875 0.9555555555555556 0.425 0.9444444444444444 0.428125 0.9444444444444444 0.43125 0.9388888888888889 0.440625 0.9333333333333333 0.446875 0.9222222222222223 0.45 0.9222222222222223 0.45625 0.9111111111111111 0.459375 0.9111111111111111 0.465625 0.9 0.46875 0.9 0.484375 0.8777777777777778 0.4875 0.8777777777777778 0.496875 0.8666666666666667 0.50625 0.8666666666666667 0.509375 0.8611111111111112 0.5125 0.8611111111111112
19 0.23125 0.8388888888888889 0.10625 0.32222222222222224
19 0.365625 0.31666666666666665 0.371875 0.3277777777777778 0.378125 0.3277777777777778 0.384375 0.3388888888888889 0.4 0.3388888888888889 0.403125 0.34444444444444444 0.390625 0.36666666666666664 0.3875 0.36666666666666664 0.384375 0.37222222222222223 0.378125 0.37222222222222223 0.375 0.37777777777777777 0.353125 0.37777777777777777 0.35 0.38333333333333336 0.346875 0.37777777777777777 0.34375 0.37777777777777777 0.340625 0.38333333333333336 0.3375 0.38333333333333336 0.334375 0.37777777777777777 0.325 0.37777777777777777 0.321875 0.38333333333333336 0.321875 0.3888888888888889 0.325 0.39444444444444443 0.325 0.40555555555555556 0.321875 0.4111111111111111 0.315625 0.4111111111111111 0.3125 0.4166666666666667 0.303125 0.4166666666666667 0.3 0.4222222222222222 0.28125 0.4222222222222222 0.28125 0.4166666666666667 0.278125 0.4111111111111111 0.275 0.4111111111111111 0.271875 0.40555555555555556 0.26875 0.40555555555555556 0.265625 0.4 0.25625 0.39444444444444443 0.253125 0.3888888888888889 0.253125 0.38333333333333336 0.25 0.37777777777777777 0.246875 0.37777777777777777 0.246875 0.36666666666666664 0.234375 0.3388888888888889 0.2375 0.3333333333333333 0.271875 0.3333333333333333 0.275 0.3277777777777778 0.3 0.3277777777777778 0.303125 0.32222222222222224 0.31875 0.32222222222222224 0.321875 0.31666666666666665 0.3625 0.31666666666666665
19 0.43125 0.2777777777777778 0.434375 0.2833333333333333 0.46875 0.2833333333333333 0.471875 0.28888888888888886 0.478125 0.28888888888888886 0.48125 0.29444444444444445 0.484375 0.29444444444444445 0.4875 0.3 0.496875 0.3055555555555556 0.496875 0.31666666666666665 0.49375 0.32222222222222224 0.49375 0.3277777777777778 0.4875 0.3388888888888889 0.4875 0.34444444444444444 0.484375 0.34444444444444444 0.478125 0.35555555555555557 0.475 0.35555555555555557 0.465625 0.37222222222222223 0.459375 0.37222222222222223 0.45625 0.36666666666666664 0.453125 0.36666666666666664 0.4375 0.35 0.428125 0.35 0.41875 0.3388888888888889 0.4125 0.3388888888888889 0.409375 0.3333333333333333 0.40625 0.3333333333333333 0.4 0.32222222222222224 0.4 0.3055555555555556 0.403125 0.3 0.403125 0.29444444444444445 0.4125 0.2777777777777778 0.428125 0.2777777777777778
19 0.365625 0.7222222222222222 0.36875 0.7277777777777777 0.378125 0.7277777777777777 0.38125 0.7222222222222222 0.3875 0.7222222222222222 0.390625 0.7277777777777777 0.396875 0.7277777777777777 0.403125 0.7388888888888889 0.409375 0.7388888888888889 0.4125 0.7444444444444445 0.41875 0.7444444444444445 0.425 0.7555555555555555 0.428125 0.7555555555555555 0.428125 0.7611111111111111 0.43125 0.7666666666666667 0.428125 0.7722222222222223 0.428125 0.7833333333333333 0.421875 0.7944444444444444 0.421875 0.8 0.4 0.8388888888888889 0.396875 0.8388888888888889 0.39375 0.8333333333333334 0.390625 0.8333333333333334 0.3875 0.8277777777777777 0.378125 0.8222222222222222 0.371875 0.8111111111111111 0.3625 0.8055555555555556 0.353125 0.7888888888888889 0.35 0.7888888888888889 0.334375 0.7666666666666667 0.325 0.7666666666666667 0.325 0.7444444444444445 0.334375 0.7444444444444445 0.34375 0.7277777777777777 0.35 0.7277777777777777 0.353125 0.7222222222222222 0.3625 0.7222222222222222
19 0.509375 0.09444444444444444 0.521875 0.11666666666666667 0.521875 0.12222222222222222 0.525 0.12777777777777777 0.528125 0.12777777777777777 0.5375 0.14444444444444443 0.5375 0.15555555555555556 0.528125 0.17222222222222222 0.528125 0.17777777777777778 0.525 0.18333333333333332 0.525 0.18888888888888888 0.528125 0.19444444444444445 0.528125 0.2777777777777778 0.521875 0.2777777777777778 0.51875 0.2833333333333333 0.525 0.29444444444444445 0.528125 0.29444444444444445 0.528125 0.3 0.521875 0.3 0.51875 0.29444444444444445 0.5125 0.29444444444444445 0.509375 0.3 0.503125 0.3 0.49375 0.28888888888888886 0.484375 0.28888888888888886 0.48125 0.2833333333333333 0.475 0.2833333333333333 0.471875 0.2777777777777778 0.440625 0.2777777777777778 0.4375 0.2722222222222222 0.409375 0.2722222222222222 0.403125 0.2833333333333333 0.4 0.2833333333333333 0.39375 0.2722222222222222 0.4 0.2388888888888889 0.428125 0.18888888888888888 0.428125 0.16111111111111112 0.425 0.15555555555555556 0.428125 0.15 0.43125 0.15 0.440625 0.1388888888888889 0.446875 0.1388888888888889 0.45625 0.12777777777777777 0.4625 0.12777777777777777 0.475 0.10555555555555556 0.478125 0.10555555555555556 0.48125 0.1 0.49375 0.1 0.496875 0.09444444444444444 0.50625 0.09444444444444444
19 0.240625 0.3888888888888889 0.246875 0.4 0.25625 0.40555555555555556 0.278125 0.4444444444444444 0.28125 0.4444444444444444 0.290625 0.45555555555555555 0.290625 0.46111111111111114 0.284375 0.4722222222222222 0.284375 0.4777777777777778 0.275 0.4888888888888889 0.26875 0.4888888888888889 0.265625 0.49444444444444446 0.259375 0.49444444444444446 0.25625 0.5 0.246875 0.5055555555555555 0.234375 0.5277777777777778 0.225 0.5277777777777778 0.221875 0.5333333333333333 0.21875 0.5333333333333333 0.203125 0.5611111111111111 0.2 0.5611111111111111 0.19375 0.5722222222222222 0.19375 0.5777777777777777 0.190625 0.5833333333333334 0.1875 0.5833333333333334 0.178125 0.5944444444444444 0.159375 0.5944444444444444 0.15625 0.5888888888888889 0.153125 0.5888888888888889 0.15 0.5944444444444444 0.140625 0.5944444444444444 0.1375 0.6 0.13125 0.6 0.13125 0.5777777777777777 0.128125 0.5722222222222222 0.128125 0.5388888888888889 0.134375 0.5277777777777778 0.134375 0.5166666666666667 0.146875 0.5166666666666667 0.159375 0.49444444444444446 0.1625 0.49444444444444446 0.165625 0.4888888888888889 0.171875 0.4888888888888889 0.178125 0.4777777777777778 0.18125 0.4777777777777778 0.19375 0.45555555555555555 0.196875 0.45555555555555555 0.21875 0.4166666666666667 0.21875 0.4111111111111111 0.221875 0.4111111111111111 0.225 0.40555555555555556 0.228125 0.40555555555555556 0.234375 0.39444444444444443 0.2375 0.39444444444444443
19 0.41875 0.35 0.425 0.3611111111111111 0.428125 0.3611111111111111 0.434375 0.37222222222222223 0.4375 0.37222222222222223 0.440625 0.37777777777777777 0.440625 0.38333333333333336 0.434375 0.4 0.434375 0.4111111111111111 0.425 0.42777777777777776 0.421875 0.42777777777777776 0.41875 0.43333333333333335 0.409375 0.43333333333333335 0.40625 0.4388888888888889 0.3875 0.4388888888888889 0.384375 0.4444444444444444 0.371875 0.4444444444444444 0.3625 0.42777777777777776 0.359375 0.42777777777777776 0.35625 0.4222222222222222 0.35 0.4222222222222222 0.346875 0.4166666666666667 0.3375 0.4166666666666667 0.334375 0.4111111111111111 0.325 0.40555555555555556 0.325 0.4 0.321875 0.39444444444444443 0.321875 0.37777777777777777 0.325 0.37222222222222223 0.3375 0.37222222222222223 0.340625 0.37777777777777777 0.35625 0.37777777777777777 0.359375 0.38333333333333336 0.365625 0.38333333333333336 0.36875 0.37777777777777777 0.375 0.37777777777777777 0.378125 0.37222222222222223 0.384375 0.37222222222222223 0.3875 0.36666666666666664 0.390625 0.36666666666666664 0.39375 0.3611111111111111 0.39375 0.35555555555555557 0.396875 0.35555555555555557 0.403125 0.34444444444444444 0.4125 0.34444444444444444 0.415625 0.35
19 0.6625 0.5222222222222223 0.665625 0.5222222222222223 0.675 0.5055555555555555 0.678125 0.5055555555555555 0.684375 0.5166666666666667 0.690625 0.5166666666666667 0.7 0.5333333333333333 0.703125 0.5333333333333333 0.709375 0.5444444444444444 0.709375 0.55 0.70625 0.5555555555555556 0.70625 0.5611111111111111 0.696875 0.5777777777777777 0.69375 0.5777777777777777 0.690625 0.5833333333333334 0.68125 0.5888888888888889 0.671875 0.6055555555555555 0.66875 0.6055555555555555 0.6625 0.6166666666666667 0.65625 0.6166666666666667 0.653125 0.6222222222222222 0.65 0.6222222222222222 0.646875 0.6277777777777778 0.65 0.6333333333333333 0.646875 0.6388888888888888 0.64375 0.6388888888888888 0.6375 0.65 0.628125 0.65 0.6125 0.6222222222222222 0.60625 0.6222222222222222 0.6 0.6111111111111112 0.6 0.5944444444444444 0.603125 0.5888888888888889 0.60625 0.5888888888888889 0.615625 0.5777777777777777 0.621875 0.5777777777777777 0.625 0.5722222222222222 0.63125 0.5722222222222222 0.634375 0.5666666666666667 0.6375 0.5666666666666667 0.65 0.5444444444444444 0.653125 0.5444444444444444 0.6625 0.5277777777777778
19 0.509375 0.08888888888888889 0.51875 0.10555555555555556 0.51875 0.1111111111111111 0.540625 0.15 0.540625 0.15555555555555556 0.546875 0.16666666666666666 0.55 0.16666666666666666 0.553125 0.17222222222222222 0.559375 0.17222222222222222 0.56875 0.18333333333333332 0.56875 0.19444444444444445 0.571875 0.2 0.571875 0.21666666666666667 0.575 0.2222222222222222 0.575 0.23333333333333334 0.578125 0.2388888888888889 0.578125 0.25 0.58125 0.25555555555555554 0.58125 0.2611111111111111 0.5875 0.2722222222222222 0.596875 0.2777777777777778 0.603125 0.28888888888888886 0.603125 0.3 0.575 0.35 0.571875 0.35 0.56875 0.35555555555555557 0.559375 0.35 0.553125 0.3388888888888889 0.553125 0.32222222222222224 0.54375 0.29444444444444445 0.546875 0.28888888888888886 0.546875 0.2722222222222222 0.54375 0.26666666666666666 0.5375 0.26666666666666666 0.534375 0.2722222222222222 0.534375 0.2777777777777778 0.53125 0.2833333333333333 0.53125 0.29444444444444445 0.534375 0.3 0.53125 0.3055555555555556 0.521875 0.3055555555555556 0.51875 0.3 0.509375 0.3 0.50625 0.3055555555555556 0.5 0.3055555555555556 0.490625 0.28888888888888886 0.484375 0.28888888888888886 0.48125 0.2833333333333333 0.475 0.2833333333333333 0.471875 0.2777777777777778 0.434375 0.2777777777777778 0.43125 0.2722222222222222 0.4125 0.2722222222222222 0.403125 0.2833333333333333 0.4 0.2777777777777778 0.396875 0.2777777777777778 0.396875 0.26666666666666666 0.4 0.2611111111111111 0.4 0.24444444444444444 0.403125 0.2388888888888889 0.403125 0.23333333333333334 0.428125 0.18888888888888888 0.428125 0.18333333333333332 0.43125 0.17777777777777778 0.43125 0.16666666666666666 0.428125 0.16111111111111112 0.428125 0.15 0.43125 0.15 0.440625 0.1388888888888889 0.446875 0.1388888888888889 0.45625 0.12777777777777777 0.4625 0.12777777777777777 0.475 0.10555555555555556 0.478125 0.10555555555555556 0.48125 0.1 0.490625 0.1 0.49375 0.09444444444444444 0.5 0.09444444444444444 0.503125 0.08888888888888889 0.50625 0.08888888888888889
19 0.496875 0.35555555555555557 0.50625 0.38333333333333336 0.50625 0.4166666666666667 0.509375 0.4222222222222222 0.509375 0.4388888888888889 0.50625 0.4388888888888889 0.496875 0.45 0.4625 0.45 0.45625 0.46111111111111114 0.45 0.46111111111111114 0.45 0.45555555555555555 0.4375 0.43333333333333335 0.4375 0.42777777777777776 0.440625 0.42777777777777776 0.44375 0.4222222222222222 0.44375 0.4 0.453125 0.3888888888888889 0.459375 0.3888888888888889 0.4625 0.38333333333333336 0.465625 0.38333333333333336 0.471875 0.36666666666666664 0.475 0.36666666666666664 0.484375 0.35555555555555557 0.49375 0.35555555555555557
19 0.25 0.55 0.253125 0.5555555555555556 0.25625 0.55 0.265625 0.55 0.265625 0.5555555555555556 0.2625 0.5611111111111111 0.2625 0.5777777777777777 0.265625 0.5833333333333334 0.265625 0.6111111111111112 0.2625 0.6166666666666667 0.265625 0.6222222222222222 0.2625 0.6277777777777778 0.259375 0.6222222222222222 0.25625 0.6277777777777778 0.253125 0.6277777777777778 0.24375 0.6444444444444445 0.240625 0.6444444444444445 0.2375 0.65 0.23125 0.65 0.221875 0.6666666666666666 0.21875 0.6666666666666666 0.215625 0.6722222222222223 0.2125 0.6722222222222223 0.209375 0.6777777777777778 0.2 0.6833333333333333 0.184375 0.7055555555555556 0.178125 0.7055555555555556 0.175 0.7111111111111111 0.16875 0.7111111111111111 0.165625 0.7166666666666667 0.159375 0.7166666666666667 0.15625 0.7222222222222222 0.146875 0.7222222222222222 0.14375 0.7166666666666667 0.140625 0.7166666666666667 0.1375 0.7111111111111111 0.128125 0.7055555555555556 0.121875 0.6944444444444444 0.121875 0.6833333333333333 0.125 0.6777777777777778 0.125 0.6722222222222223 0.128125 0.6666666666666666 0.13125 0.65 0.14375 0.65 0.146875 0.6444444444444445 0.15625 0.6444444444444445 0.159375 0.6388888888888888 0.1625 0.6388888888888888 0.16875 0.6277777777777778 0.16875 0.6222222222222222 0.171875 0.6166666666666667 0.175 0.6166666666666667 0.184375 0.6055555555555555 0.1875 0.6111111111111112 0.190625 0.6055555555555555 0.19375 0.6055555555555555 0.2 0.5944444444444444 0.2 0.5833333333333334 0.209375 0.5666666666666667 0.2125 0.5666666666666667 0.21875 0.5777777777777777 0.23125 0.5777777777777777 0.234375 0.5722222222222222 0.2375 0.5555555555555556 0.246875 0.55
19 0.234375 0.2 0.2375 0.20555555555555555 0.246875 0.20555555555555555 0.25 0.2111111111111111 0.253125 0.2111111111111111 0.25625 0.20555555555555555 0.271875 0.20555555555555555 0.271875 0.21666666666666667 0.275 0.2222222222222222 0.278125 0.2222222222222222 0.284375 0.23333333333333334 0.290625 0.23333333333333334 0.296875 0.25 0.3 0.25 0.309375 0.2611111111111111 0.315625 0.2611111111111111 0.321875 0.2722222222222222 0.328125 0.2722222222222222 0.328125 0.2777777777777778 0.33125 0.2833333333333333 0.340625 0.28888888888888886 0.340625 0.29444444444444445 0.35 0.3111111111111111 0.3625 0.3111111111111111 0.365625 0.3055555555555556 0.36875 0.3111111111111111 0.375 0.3111111111111111 0.378125 0.3055555555555556 0.38125 0.3055555555555556 0.38125 0.3111111111111111 0.384375 0.31666666666666665 0.384375 0.32222222222222224 0.38125 0.3277777777777778 0.38125 0.3388888888888889 0.384375 0.34444444444444444 0.39375 0.34444444444444444 0.396875 0.3388888888888889 0.396875 0.35 0.390625 0.3611111111111111 0.3875 0.3611111111111111 0.384375 0.36666666666666664 0.38125 0.36666666666666664 0.378125 0.3611111111111111 0.3625 0.3611111111111111 0.3625 0.35555555555555557 0.359375 0.35 0.35625 0.35 0.353125 0.35555555555555557 0.34375 0.35555555555555557 0.340625 0.3611111111111111 0.340625 0.36666666666666664 0.34375 0.37222222222222223 0.346875 0.36666666666666664 0.353125 0.36666666666666664 0.346875 0.36666666666666664 0.34375 0.37222222222222223 0.340625 0.37222222222222223 0.3375 0.36666666666666664 0.334375 0.37222222222222223 0.325 0.37222222222222223 0.31875 0.38333333333333336 0.31875 0.39444444444444443 0.321875 0.4 0.321875 0.40555555555555556 0.31875 0.4111111111111111 0.315625 0.4111111111111111 0.3125 0.4166666666666667 0.303125 0.4166666666666667 0.3 0.4222222222222222 0.29375 0.4222222222222222 0.290625 0.42777777777777776 0.2875 0.4222222222222222 0.278125 0.4222222222222222 0.275 0.4166666666666667 0.271875 0.4166666666666667 0.265625 0.4 0.25625 0.39444444444444443 0.253125 0.3888888888888889 0.253125 0.38333333333333336 0.25 0.37777777777777777 0.246875 0.37777777777777777 0.246875 0.37222222222222223 0.2375 0.35555555555555557 0.2375 0.35 0.23125 0.3388888888888889 0.23125 0.3333333333333333 0.221875 0.31666666666666665 0.215625 0.31666666666666665 0.209375 0.3055555555555556 0.203125 0.3055555555555556 0.2 0.3 0.19375 0.3 0.184375 0.28888888888888886 0.184375 0.2833333333333333 0.1875 0.2777777777777778 0.1875 0.2611111111111111 0.19375 0.24444444444444444 0.190625 0.2388888888888889 0.19375 0.23333333333333334 0.196875 0.21666666666666667 0.203125 0.20555555555555555 0.203125 0.2 0.20625 0.19444444444444445 0.221875 0.19444444444444445 0.225 0.2 0.23125 0.2
19 0.3875 0.18333333333333332 0.39375 0.19444444444444445 0.396875 0.19444444444444445 0.4 0.2 0.403125 0.19444444444444445 0.40625 0.19444444444444445 0.40625 0.21666666666666667 0.396875 0.2222222222222222 0.390625 0.23333333333333334 0.384375 0.23333333333333334 0.38125 0.2388888888888889 0.384375 0.24444444444444444 0.384375 0.25 0.38125 0.25 0.378125 0.25555555555555554 0.375 0.25555555555555554 0.365625 0.24444444444444444 0.371875 0.24444444444444444 0.375 0.2388888888888889 0.375 0.23333333333333334 0.38125 0.2222222222222222 0.371875 0.20555555555555555 0.36875 0.2111111111111111 0.359375 0.2111111111111111 0.35625 0.20555555555555555 0.353125 0.2111111111111111 0.346875 0.2111111111111111 0.34375 0.20555555555555555 0.334375 0.21666666666666667 0.328125 0.21666666666666667 0.321875 0.22777777777777777 0.328125 0.2388888888888889 0.340625 0.2388888888888889 0.34375 0.24444444444444444 0.346875 0.2388888888888889 0.35 0.2388888888888889 0.346875 0.24444444444444444 0.35 0.25 0.346875 0.25 0.34375 0.25555555555555554 0.346875 0.2611111111111111 0.35625 0.2611111111111111 0.35625 0.26666666666666666 0.359375 0.2722222222222222 0.365625 0.2722222222222222 0.36875 0.2777777777777778 0.371875 0.2777777777777778 0.375 0.2833333333333333 0.371875 0.28888888888888886 0.375 0.29444444444444445 0.3875 0.29444444444444445 0.3875 0.3 0.390625 0.3055555555555556 0.390625 0.32222222222222224 0.39375 0.3277777777777778 0.396875 0.3277777777777778 0.403125 0.3388888888888889 0.403125 0.34444444444444444 0.40625 0.35 0.409375 0.35 0.4125 0.35555555555555557 0.415625 0.35 0.421875 0.36666666666666664 0.43125 0.36666666666666664 0.43125 0.37777777777777777 0.434375 0.38333333333333336 0.43125 0.38333333333333336 0.425 0.4 0.428125 0.40555555555555556 0.428125 0.4166666666666667 0.425 0.4222222222222222 0.41875 0.4222222222222222 0.409375 0.43333333333333335 0.390625 0.43333333333333335 0.3875 0.4388888888888889 0.384375 0.43333333333333335 0.378125 0.43333333333333335 0.375 0.4388888888888889 0.359375 0.4111111111111111 0.334375 0.4111111111111111 0.33125 0.40555555555555556 0.321875 0.40555555555555556 0.3125 0.4166666666666667 0.303125 0.4166666666666667 0.3 0.4222222222222222 0.29375 0.4222222222222222 0.290625 0.42777777777777776 0.2875 0.4222222222222222 0.278125 0.4222222222222222 0.275 0.4166666666666667 0.271875 0.4166666666666667 0.26875 0.4111111111111111 0.26875 0.40555555555555556 0.2625 0.39444444444444443 0.253125 0.3888888888888889 0.253125 0.38333333333333336 0.25 0.37777777777777777 0.246875 0.37777777777777777 0.246875 0.37222222222222223 0.2375 0.35555555555555557 0.2375 0.35 0.23125 0.3388888888888889 0.23125 0.3333333333333333 0.221875 0.31666666666666665 0.215625 0.31666666666666665 0.20625 0.3055555555555556 0.2 0.3055555555555556 0.196875 0.3 0.190625 0.3 0.1875 0.29444444444444445 0.184375 0.29444444444444445 0.184375 0.2833333333333333 0.1875 0.2777777777777778 0.1875 0.2611111111111111 0.19375 0.24444444444444444 0.190625 0.2388888888888889 0.19375 0.23333333333333334 0.19375 0.2222222222222222 0.20625 0.19444444444444445 0.221875 0.19444444444444445 0.225 0.2 0.234375 0.2 0.2375 0.20555555555555555 0.246875 0.20555555555555555 0.25 0.2111111111111111 0.253125 0.20555555555555555 0.309375 0.20555555555555555 0.3125 0.2 0.340625 0.2 0.34375 0.19444444444444445 0.35625 0.19444444444444445 0.359375 0.18888888888888888 0.365625 0.18888888888888888 0.36875 0.18333333333333332 0.384375 0.18333333333333332
19 0.215625 0.5388888888888889 0.215625 0.5444444444444444 0.221875 0.5555555555555556 0.225 0.55 0.259375 0.55 0.259375 0.5555555555555556 0.25625 0.5611111111111111 0.25625 0.5777777777777777 0.259375 0.5833333333333334 0.259375 0.5944444444444444 0.2625 0.6 0.2625 0.6166666666666667 0.259375 0.6222222222222222 0.25 0.6277777777777778 0.24375 0.6388888888888888 0.240625 0.6388888888888888 0.2375 0.6444444444444445 0.234375 0.6444444444444445 0.23125 0.65 0.221875 0.6555555555555556 0.2125 0.6722222222222223 0.209375 0.6722222222222223 0.20625 0.6777777777777778 0.203125 0.6777777777777778 0.2 0.6833333333333333 0.190625 0.6888888888888889 0.18125 0.7055555555555556 0.175 0.7055555555555556 0.171875 0.7111111111111111 0.165625 0.7111111111111111 0.1625 0.7166666666666667 0.14375 0.7166666666666667 0.140625 0.7111111111111111 0.134375 0.7111111111111111 0.13125 0.7055555555555556 0.128125 0.7055555555555556 0.121875 0.6944444444444444 0.121875 0.6833333333333333 0.128125 0.6666666666666666 0.128125 0.65 0.13125 0.6444444444444445 0.13125 0.6277777777777778 0.1375 0.6166666666666667 0.1375 0.6111111111111112 0.15625 0.5888888888888889 0.159375 0.5888888888888889 0.1625 0.5944444444444444 0.171875 0.6 0.175 0.5944444444444444 0.184375 0.5888888888888889 0.190625 0.5777777777777777 0.190625 0.5666666666666667 0.19375 0.5666666666666667 0.196875 0.5611111111111111 0.196875 0.5555555555555556 0.2 0.5555555555555556 0.203125 0.55 0.209375 0.55 0.2125 0.5444444444444444
19 0.509375 0.09444444444444444 0.51875 0.1111111111111111 0.528125 0.10555555555555556 0.525 0.10555555555555556 0.51875 0.11666666666666667 0.525 0.12777777777777777 0.528125 0.12777777777777777 0.528125 0.13333333333333333 0.53125 0.1388888888888889 0.534375 0.1388888888888889 0.534375 0.15 0.5375 0.15555555555555556 0.540625 0.15555555555555556 0.546875 0.16666666666666666 0.55 0.16666666666666666 0.553125 0.17222222222222222 0.559375 0.17222222222222222 0.56875 0.18888888888888888 0.56875 0.2 0.571875 0.20555555555555555 0.571875 0.2222222222222222 0.56875 0.2222222222222222 0.565625 0.22777777777777777 0.571875 0.2388888888888889 0.575 0.2388888888888889 0.578125 0.25555555555555554 0.59375 0.2833333333333333 0.6 0.2833333333333333 0.6 0.3 0.609375 0.3111111111111111 0.6 0.3277777777777778 0.6 0.3333333333333333 0.603125 0.3388888888888889 0.60625 0.3388888888888889 0.609375 0.3333333333333333 0.615625 0.3333333333333333 0.61875 0.3388888888888889 0.61875 0.34444444444444444 0.615625 0.35 0.615625 0.3611111111111111 0.61875 0.36666666666666664 0.621875 0.36666666666666664 0.63125 0.38333333333333336 0.6375 0.38333333333333336 0.640625 0.37777777777777777 0.64375 0.37777777777777777 0.646875 0.37222222222222223 0.646875 0.36666666666666664 0.640625 0.35555555555555557 0.6375 0.3611111111111111 0.6375 0.36666666666666664 0.634375 0.36666666666666664 0.634375 0.35 0.6375 0.34444444444444444 0.634375 0.3277777777777778 0.6375 0.3333333333333333 0.6375 0.3388888888888889 0.646875 0.35555555555555557 0.646875 0.3611111111111111 0.653125 0.37222222222222223 0.653125 0.37777777777777777 0.675 0.4111111111111111 0.671875 0.42777777777777776 0.675 0.43333333333333335 0.68125 0.43333333333333335 0.684375 0.4388888888888889 0.6875 0.43333333333333335 0.690625 0.43333333333333335 0.696875 0.45 0.7 0.45 0.715625 0.4777777777777778 0.71875 0.4777777777777778 0.715625 0.48333333333333334 0.715625 0.4888888888888889 0.71875 0.49444444444444446 0.721875 0.49444444444444446 0.728125 0.5055555555555555 0.725 0.5111111111111111 0.728125 0.5166666666666667 0.728125 0.5222222222222223 0.73125 0.5277777777777778 0.7375 0.5277777777777778 0.734375 0.5333333333333333 0.73125 0.5277777777777778 0.728125 0.5333333333333333 0.728125 0.5388888888888889 0.73125 0.5444444444444444 0.746875 0.5444444444444444 0.75 0.55 0.753125 0.5666666666666667 0.759375 0.5777777777777777 0.7625 0.5777777777777777 0.7625 0.5833333333333334 0.765625 0.5888888888888889 0.765625 0.6 0.76875 0.6055555555555555 0.76875 0.6111111111111112 0.759375 0.6055555555555555 0.75 0.5777777777777777 0.734375 0.5777777777777777 0.73125 0.5833333333333334 0.734375 0.5888888888888889 0.7375 0.5888888888888889 0.725 0.5888888888888889 0.721875 0.5944444444444444 0.728125 0.6055555555555555 0.728125 0.6277777777777778 0.734375 0.6388888888888888 0.746875 0.6388888888888888 0.75 0.6333333333333333 0.75 0.6277777777777778 0.753125 0.6333333333333333 0.753125 0.6444444444444445 0.740625 0.6444444444444445 0.7375 0.6388888888888888 0.73125 0.65 0.734375 0.6555555555555556 0.740625 0.6555555555555556 0.7375 0.6611111111111111 0.7375 0.6666666666666666 0.734375 0.6611111111111111 0.728125 0.6611111111111111 0.725 0.6666666666666666 0.728125 0.6722222222222223 0.73125 0.6722222222222223 0.725 0.6833333333333333 0.728125 0.6888888888888889 0.721875 0.7055555555555556 0.725 0.7111111111111111 0.71875 0.7111111111111111 0.715625 0.7166666666666667 0.715625 0.7222222222222222 0.709375 0.7333333333333333 0.709375 0.7388888888888889 0.7125 0.7444444444444445 0.7125 0.7555555555555555 0.70625 0.7666666666666667 0.703125 0.7666666666666667 0.7 0.7722222222222223 0.7 0.7777777777777778 0.696875 0.7833333333333333 0.696875 0.8055555555555556 0.69375 0.8111111111111111 0.690625 0.8111111111111111 0.684375 0.8277777777777777 0.684375 0.8333333333333334 0.6875 0.8388888888888889 0.6875 0.8611111111111112 0.684375 0.8666666666666667 0.68125 0.8666666666666667 0.675 0.8777777777777778 0.675 0.8833333333333333 0.671875 0.8888888888888888 0.675 0.8944444444444445 0.6625 0.9166666666666666 0.659375 0.9166666666666666 0.659375 0.9111111111111111 0.665625 0.9 0.6625 0.8944444444444445 0.66875 0.8944444444444445 0.671875 0.8888888888888888 0.671875 0.8833333333333333 0.6625 0.8666666666666667 0.65 0.8666666666666667 0.646875 0.8722222222222222 0.640625 0.8722222222222222 0.628125 0.8944444444444445 0.628125 0.9055555555555556 0.634375 0.9166666666666666 0.63125 0.9166666666666666 0.628125 0.9222222222222223 0.63125 0.9277777777777778 0.6375 0.9277777777777778 0.6375 0.9333333333333333 0.634375 0.9388888888888889 0.6375 0.9444444444444444 0.64375 0.9444444444444444 0.653125 0.9333333333333333 0.65625 0.9388888888888889 0.659375 0.9388888888888889 0.65625 0.9388888888888889 0.653125 0.9444444444444444 0.653125 0.95 0.65625 0.9555555555555556 0.65 0.9666666666666667 0.646875 0.9666666666666667 0.64375 0.9611111111111111 0.634375 0.9611111111111111 0.625 0.9722222222222222 0.628125 0.9777777777777777 0.64375 0.9777777777777777 0.64375 0.9888888888888889 0.640625 0.9888888888888889 0.6375 0.9833333333333333 0.634375 0.9833333333333333 0.63125 0.9888888888888889 0.628125 0.9833333333333333 0.625 0.9888888888888889 0.58125 0.9888888888888889 0.578125 0.9833333333333333 0.565625 0.9833333333333333 0.5625 0.9888888888888889 0.55625 0.9888888888888889 0.553125 0.9833333333333333 0.54375 0.9833333333333333 0.540625 0.9888888888888889 0.434375 0.9888888888888889 0.4375 0.9888888888888889 0.440625 0.9833333333333333 0.440625 0.9722222222222222 0.44375 0.9666666666666667 0.440625 0.9611111111111111 0.440625 0.9444444444444444 0.4375 0.9388888888888889 0.434375 0.9444444444444444 0.428125 0.9444444444444444 0.41875 0.9555555555555556 0.4125 0.9555555555555556 0.409375 0.95 0.409375 0.9333333333333333 0.4125 0.9277777777777778 0.4125 0.9222222222222223 0.41875 0.9111111111111111 0.4125 0.8944444444444445 0.41875 0.8833333333333333 0.415625 0.8777777777777778 0.415625 0.8722222222222222 0.40625 0.8555555555555555 0.40625 0.85 0.4 0.8388888888888889 0.396875 0.8388888888888889 0.39375 0.8333333333333334 0.384375 0.8277777777777777 0.378125 0.8166666666666667 0.375 0.8166666666666667 0.371875 0.8111111111111111 0.365625 0.8111111111111111 0.3625 0.8055555555555556 0.359375 0.8055555555555556 0.353125 0.7944444444444444 0.34375 0.7944444444444444 0.34375 0.7888888888888889 0.334375 0.7777777777777778 0.325 0.7777777777777778 0.309375 0.7555555555555555 0.303125 0.7555555555555555 0.296875 0.7444444444444445 0.29375 0.7444444444444445 0.278125 0.7277777777777777 0.28125 0.7277777777777777 0.284375 0.7222222222222222 0.28125 0.7166666666666667 0.28125 0.7111111111111111 0.284375 0.7055555555555556 0.290625 0.7055555555555556 0.296875 0.6944444444444444 0.29375 0.6888888888888889 0.296875 0.6833333333333333 0.2875 0.6666666666666666 0.284375 0.6722222222222223 0.284375 0.6777777777777778 0.275 0.6888888888888889 0.25625 0.6888888888888889 0.25625 0.6833333333333333 0.2625 0.6833333333333333 0.265625 0.6777777777777778 0.259375 0.6666666666666666 0.25625 0.6722222222222223 0.23125 0.6722222222222223 0.228125 0.6777777777777778 0.21875 0.6777777777777778 0.215625 0.6833333333333333 0.215625 0.6888888888888889 0.21875 0.6944444444444444 0.221875 0.6944444444444444 0.225 0.6888888888888889 0.23125 0.6888888888888889 0.234375 0.6944444444444444 0.240625 0.6944444444444444 0.2375 0.7 0.2375 0.7055555555555556 0.240625 0.7111111111111111 0.24375 0.7111111111111111 0.253125 0.7222222222222222 0.259375 0.7222222222222222 0.2625 0.7277777777777777 0.265625 0.7277777777777777 0.265625 0.7333333333333333 0.253125 0.7611111111111111 0.253125 0.7722222222222223 0.24375 0.8 0.24375 0.8111111111111111 0.23125 0.8444444444444444 0.23125 0.8555555555555555 0.228125 0.8611111111111112 0.23125 0.8666666666666667 0.228125 0.8722222222222222 0.228125 0.8833333333333333 0.225 0.8888888888888888 0.225 0.9055555555555556 0.221875 0.9111111111111111 0.221875 0.9222222222222223 0.21875 0.9222222222222223 0.215625 0.9277777777777778 0.215625 0.9333333333333333 0.209375 0.9444444444444444 0.215625 0.9555555555555556 0.215625 0.9888888888888889 0.196875 0.9888888888888889 0.196875 0.9833333333333333 0.190625 0.9666666666666667 0.190625 0.9611111111111111 0.19375 0.9555555555555556 0.190625 0.95 0.1875 0.95 0.18125 0.9333333333333333 0.18125 0.9111111111111111 0.171875 0.8944444444444445 0.171875 0.8888888888888888 0.16875 0.8833333333333333 0.165625 0.8666666666666667 0.153125 0.8388888888888889 0.153125 0.8222222222222222 0.15625 0.8166666666666667 0.153125 0.8111111111111111 0.15 0.8111111111111111 0.14375 0.8 0.14375 0.7944444444444444 0.1375 0.7777777777777778 0.1375 0.7666666666666667 0.13125 0.75 0.13125 0.7444444444444445 0.134375 0.7444444444444445 0.140625 0.7333333333333333 0.1375 0.7277777777777777 0.134375 0.7277777777777777 0.125 0.7388888888888889 0.11875 0.7277777777777777 0.125 0.7166666666666667 0.121875 0.7111111111111111 0.121875 0.7055555555555556 0.125 0.7 0.125 0.6888888888888889 0.128125 0.6888888888888889 0.128125 0.6944444444444444 0.13125 0.7 0.134375 0.7 0.13125 0.7055555555555556 0.13125 0.7111111111111111 0.134375 0.7166666666666667 0.1375 0.7111111111111111 0.153125 0.7111111111111111 0.159375 0.7 0.15625 0.6944444444444444 0.15625 0.6888888888888889 0.159375 0.6888888888888889 0.1625 0.6833333333333333 0.159375 0.6777777777777778 0.15 0.6777777777777778 0.15 0.6666666666666666 0.14375 0.6555555555555556 0.13125 0.6555555555555556 0.13125 0.6166666666666667 0.134375 0.6111111111111112 0.134375 0.5888888888888889 0.1375 0.5833333333333334 0.134375 0.5777777777777777 0.13125 0.5777777777777777 0.134375 0.5722222222222222 0.140625 0.5722222222222222 0.14375 0.5666666666666667 0.14375 0.5611111111111111 0.140625 0.5555555555555556 0.128125 0.5555555555555556 0.13125 0.55 0.13125 0.5444444444444444 0.134375 0.5444444444444444 0.14375 0.5333333333333333 0.14375 0.5277777777777778 0.140625 0.5222222222222223 0.1375 0.5222222222222223 0.140625 0.5166666666666667 0.15 0.5166666666666667 0.153125 0.5111111111111111 0.15 0.5055555555555555 0.153125 0.5055555555555555 0.159375 0.4888888888888889 0.165625 0.4888888888888889 0.16875 0.48333333333333334 0.175 0.48333333333333334 0.184375 0.4666666666666667 0.184375 0.46111111111111114 0.1875 0.46111111111111114 0.190625 0.45555555555555555 0.190625 0.45 0.196875 0.4388888888888889 0.196875 0.43333333333333335 0.2 0.4388888888888889 0.20625 0.42777777777777776 0.209375 0.42777777777777776 0.2125 0.43333333333333335 0.21875 0.4166666666666667 0.221875 0.4222222222222222 0.221875 0.43333333333333335 0.225 0.4388888888888889 0.228125 0.4388888888888889 0.23125 0.4444444444444444 0.240625 0.4444444444444444 0.24375 0.45 0.24375 0.46111111111111114 0.246875 0.4666666666666667 0.25 0.46111111111111114 0.253125 0.46111111111111114 0.25625 0.4666666666666667 0.253125 0.4722222222222222 0.25625 0.4777777777777778 0.259375 0.4777777777777778 0.2625 0.4722222222222222 0.2625 0.46111111111111114 0.2625 0.4666666666666667 0.26875 0.4777777777777778 0.28125 0.4777777777777778 0.284375 0.48333333333333334 0.29375 0.48333333333333334 0.296875 0.4777777777777778 0.303125 0.4777777777777778 0.309375 0.4666666666666667 0.3125 0.4666666666666667 0.315625 0.46111111111111114 0.325 0.46111111111111114 0.328125 0.45555555555555555 0.33125 0.45555555555555555 0.334375 0.46111111111111114 0.334375 0.4777777777777778 0.340625 0.4888888888888889 0.346875 0.4888888888888889 0.353125 0.4777777777777778 0.3625 0.49444444444444446 0.36875 0.49444444444444446 0.378125 0.4777777777777778 0.38125 0.4777777777777778 0.38125 0.4888888888888889 0.378125 0.48333333333333334 0.375 0.4888888888888889 0.371875 0.4888888888888889 0.365625 0.5 0.365625 0.5277777777777778 0.36875 0.5333333333333333 0.375 0.5333333333333333 0.36875 0.5333333333333333 0.365625 0.5388888888888889 0.365625 0.5444444444444444 0.36875 0.55 0.371875 0.55 0.375 0.5444444444444444 0.375 0.5555555555555556 0.38125 0.5666666666666667 0.390625 0.5555555555555556 0.4 0.5722222222222222 0.403125 0.5722222222222222 0.403125 0.6 0.4 0.6055555555555555 0.403125 0.6111111111111112 0.40625 0.6111111111111112 0.40625 0.6166666666666667 0.403125 0.6166666666666667 0.403125 0.6111111111111112 0.4 0.6055555555555555 0.396875 0.6111111111111112 0.396875 0.6166666666666667 0.39375 0.6166666666666667 0.390625 0.6222222222222222 0.390625 0.6277777777777778 0.3875 0.6277777777777778 0.384375 0.6333333333333333 0.3875 0.6388888888888888 0.4 0.6388888888888888 0.403125 0.6333333333333333 0.4 0.6277777777777778 0.396875 0.6277777777777778 0.403125 0.6277777777777778 0.403125 0.6333333333333333 0.4 0.6388888888888888 0.4 0.65 0.403125 0.6555555555555556 0.39375 0.6722222222222223 0.39375 0.6777777777777778 0.390625 0.6833333333333333 0.39375 0.6888888888888889 0.403125 0.6888888888888889 0.40625 0.6833333333333333 0.415625 0.6777777777777778 0.428125 0.6555555555555556 0.428125 0.65 0.434375 0.65 0.440625 0.6388888888888888 0.440625 0.6333333333333333 0.45625 0.6333333333333333 0.459375 0.6277777777777778 0.471875 0.6277777777777778 0.475 0.6222222222222222 0.478125 0.6277777777777778 0.484375 0.6277777777777778 0.4875 0.6222222222222222 0.49375 0.6222222222222222 0.496875 0.6166666666666667 0.50625 0.6166666666666667 0.509375 0.6111111111111112 0.509375 0.6055555555555555 0.5125 0.6055555555555555 0.51875 0.5944444444444444 0.515625 0.5888888888888889 0.496875 0.5888888888888889 0.49375 0.5944444444444444 0.490625 0.5944444444444444 0.490625 0.5833333333333334 0.4875 0.5777777777777777 0.4875 0.5666666666666667 0.484375 0.5611111111111111 0.478125 0.5611111111111111 0.471875 0.5722222222222222 0.475 0.5777777777777777 0.471875 0.5833333333333334 0.471875 0.5888888888888889 0.475 0.5944444444444444 0.478125 0.5944444444444444 0.475 0.5944444444444444 0.471875 0.6 0.471875 0.5944444444444444 0.46875 0.5888888888888889 0.465625 0.5888888888888889 0.465625 0.5833333333333334 0.45625 0.5722222222222222 0.459375 0.5722222222222222 0.4625 0.5666666666666667 0.465625 0.5666666666666667 0.46875 0.5722222222222222 0.471875 0.5666666666666667 0.471875 0.55 0.46875 0.5444444444444444 0.465625 0.55 0.4625 0.55 0.459375 0.5444444444444444 0.45625 0.55 0.453125 0.55 0.45 0.5444444444444444 0.440625 0.5444444444444444 0.446875 0.5333333333333333 0.446875 0.5277777777777778 0.44375 0.5222222222222223 0.4375 0.5222222222222223 0.434375 0.5277777777777778 0.43125 0.5277777777777778 0.428125 0.5333333333333333 0.428125 0.5388888888888889 0.434375 0.55 0.43125 0.5555555555555556 0.425 0.5555555555555556 0.421875 0.5611111111111111 0.428125 0.5722222222222222 0.43125 0.5722222222222222 0.434375 0.5666666666666667 0.44375 0.5666666666666667 0.446875 0.5611111111111111 0.453125 0.5611111111111111 0.446875 0.5722222222222222 0.446875 0.5777777777777777 0.44375 0.5777777777777777 0.4375 0.5666666666666667 0.434375 0.5666666666666667 0.43125 0.5722222222222222 0.428125 0.5722222222222222 0.41875 0.5611111111111111 0.415625 0.5666666666666667 0.4125 0.5611111111111111 0.4125 0.55 0.415625 0.55 0.41875 0.5555555555555556 0.425 0.5444444444444444 0.421875 0.5388888888888889 0.4125 0.5333333333333333 0.40625 0.5222222222222223 0.409375 0.5222222222222223 0.4125 0.5166666666666667 0.40625 0.5055555555555555 0.396875 0.5 0.396875 0.49444444444444446 0.39375 0.4888888888888889 0.39375 0.4777777777777778 0.390625 0.4722222222222222 0.3875 0.4722222222222222 0.396875 0.45555555555555555 0.39375 0.45 0.390625 0.45 0.3875 0.45555555555555555 0.378125 0.45555555555555555 0.371875 0.4444444444444444 0.36875 0.4444444444444444 0.365625 0.45 0.36875 0.45555555555555555 0.3625 0.45555555555555555 0.3625 0.45 0.359375 0.4444444444444444 0.35625 0.4444444444444444 0.35 0.42777777777777776 0.346875 0.42777777777777776 0.34375 0.4222222222222222 0.3375 0.4222222222222222 0.334375 0.4166666666666667 0.328125 0.4166666666666667 0.325 0.4222222222222222 0.321875 0.4222222222222222 0.31875 0.4166666666666667 0.303125 0.4166666666666667 0.3 0.4222222222222222 0.3 0.42777777777777776 0.29375 0.42777777777777776 0.290625 0.43333333333333335 0.2875 0.43333333333333335 0.284375 0.42777777777777776 0.28125 0.43333333333333335 0.278125 0.43333333333333335 0.26875 0.4166666666666667 0.26875 0.4111111111111111 0.265625 0.40555555555555556 0.2625 0.40555555555555556 0.253125 0.39444444444444443 0.234375 0.39444444444444443 0.2375 0.3888888888888889 0.240625 0.3888888888888889 0.246875 0.37777777777777777 0.24375 0.37222222222222223 0.2375 0.37222222222222223 0.240625 0.36666666666666664 0.234375 0.35555555555555557 0.234375 0.35 0.228125 0.3333333333333333 0.225 0.3333333333333333 0.21875 0.32222222222222224 0.209375 0.31666666666666665 0.203125 0.3055555555555556 0.19375 0.3055555555555556 0.190625 0.3111111111111111 0.1875 0.3055555555555556 0.18125 0.3055555555555556 0.18125 0.3 0.184375 0.29444444444444445 0.184375 0.2777777777777778 0.1875 0.2722222222222222 0.1875 0.25555555555555554 0.19375 0.24444444444444444 0.196875 0.22777777777777777 0.203125 0.22777777777777777 0.2 0.23333333333333334 0.203125 0.2388888888888889 0.209375 0.2388888888888889 0.2125 0.24444444444444444 0.215625 0.24444444444444444 0.221875 0.23333333333333334 0.21875 0.22777777777777777 0.21875 0.21666666666666667 0.221875 0.21666666666666667 0.225 0.2222222222222222 0.23125 0.2222222222222222 0.2375 0.2111111111111111 0.23125 0.2 0.234375 0.20555555555555555 0.271875 0.20555555555555555 0.271875 0.2111111111111111 0.275 0.21666666666666667 0.278125 0.2111111111111111 0.28125 0.21666666666666667 0.2875 0.20555555555555555 0.321875 0.20555555555555555 0.325 0.2 0.33125 0.2 0.334375 0.20555555555555555 0.3375 0.2 0.34375 0.2 0.346875 0.19444444444444445 0.35 0.19444444444444445 0.340625 0.2 0.3375 0.20555555555555555 0.340625 0.2111111111111111 0.340625 0.2222222222222222 0.334375 0.2222222222222222 0.33125 0.22777777777777777 0.334375 0.23333333333333334 0.340625 0.23333333333333334 0.34375 0.2388888888888889 0.35625 0.2388888888888889 0.3625 0.22777777777777777 0.35625 0.21666666666666667 0.36875 0.21666666666666667 0.375 0.20555555555555555 0.378125 0.20555555555555555 0.38125 0.2111111111111111 0.384375 0.2111111111111111 0.3875 0.20555555555555555 0.3875 0.18333333333333332 0.384375 0.17777777777777778 0.38125 0.17777777777777778 0.384375 0.17777777777777778 0.3875 0.18333333333333332 0.390625 0.17777777777777778 0.39375 0.17777777777777778 0.390625 0.18333333333333332 0.396875 0.2 0.403125 0.18333333333333332 0.409375 0.18333333333333332 0.4125 0.17777777777777778 0.409375 0.17222222222222222 0.41875 0.16666666666666666 0.428125 0.15 0.434375 0.15 0.44375 0.1388888888888889 0.45 0.1388888888888889 0.453125 0.13333333333333333 0.4625 0.12777777777777777 0.471875 0.1111111111111111 0.475 0.1111111111111111 0.478125 0.10555555555555556 0.484375 0.10555555555555556 0.4875 0.1 0.5 0.1 0.503125 0.09444444444444444 0.50625 0.09444444444444444
19 0.603125 0.4222222222222222 0.615625 0.45 0.615625 0.45555555555555555 0.621875 0.4722222222222222 0.621875 0.48333333333333334 0.625 0.4888888888888889 0.60625 0.4888888888888889 0.603125 0.49444444444444446 0.59375 0.49444444444444446 0.584375 0.5055555555555555 0.58125 0.5 0.5625 0.5 0.559375 0.5055555555555555 0.553125 0.5055555555555555 0.55 0.5111111111111111 0.540625 0.5111111111111111 0.5375 0.5166666666666667 0.50625 0.5166666666666667 0.503125 0.5222222222222223 0.48125 0.5222222222222223 0.478125 0.5277777777777778 0.46875 0.5277777777777778 0.465625 0.5333333333333333 0.459375 0.5333333333333333 0.45 0.5444444444444444 0.440625 0.5444444444444444 0.4375 0.55 0.428125 0.55 0.425 0.5444444444444444 0.421875 0.5444444444444444 0.421875 0.5388888888888889 0.41875 0.5333333333333333 0.415625 0.5333333333333333 0.425 0.5166666666666667 0.421875 0.5111111111111111 0.41875 0.5111111111111111 0.41875 0.5055555555555555 0.425 0.5055555555555555 0.43125 0.49444444444444446 0.440625 0.49444444444444446 0.44375 0.4888888888888889 0.44375 0.48333333333333334 0.446875 0.48333333333333334 0.453125 0.4722222222222222 0.45625 0.4722222222222222 0.465625 0.46111111111111114 0.478125 0.46111111111111114 0.48125 0.45555555555555555 0.5 0.45555555555555555 0.503125 0.45 0.509375 0.45 0.5125 0.4444444444444444 0.51875 0.4444444444444444 0.521875 0.4388888888888889 0.540625 0.4388888888888889 0.54375 0.43333333333333335 0.575 0.43333333333333335 0.578125 0.42777777777777776 0.5875 0.42777777777777776 0.590625 0.4222222222222222 0.6 0.4222222222222222
19 0.721875 0.4777777777777778 0.73125 0.49444444444444446 0.734375 0.49444444444444446 0.734375 0.5 0.74375 0.5166666666666667 0.740625 0.5222222222222223 0.75 0.5388888888888889 0.753125 0.5555555555555556 0.7625 0.5722222222222222 0.7625 0.5777777777777777 0.76875 0.5888888888888889 0.76875 0.5944444444444444 0.771875 0.6 0.771875 0.6111111111111112 0.76875 0.6111111111111112 0.765625 0.6166666666666667 0.75625 0.6166666666666667 0.759375 0.6111111111111112 0.759375 0.6 0.75625 0.5944444444444444 0.75625 0.5888888888888889 0.746875 0.5777777777777777 0.71875 0.5777777777777777 0.715625 0.5722222222222222 0.70625 0.5666666666666667 0.709375 0.5611111111111111 0.7125 0.5444444444444444 0.696875 0.5166666666666667 0.69375 0.5166666666666667 0.6875 0.5055555555555555 0.6875 0.49444444444444446 0.70625 0.4722222222222222 0.715625 0.4722222222222222 0.71875 0.4777777777777778
19 0.4375 0.6611111111111111 0.459375 0.6611111111111111 0.4625 0.6666666666666666 0.46875 0.6666666666666666 0.471875 0.6722222222222223 0.475 0.6722222222222223 0.475 0.6777777777777778 0.484375 0.6944444444444444 0.49375 0.6944444444444444 0.496875 0.6888888888888889 0.50625 0.6888888888888889 0.50625 0.6944444444444444 0.509375 0.7 0.515625 0.7 0.51875 0.7055555555555556 0.525 0.7055555555555556 0.528125 0.7111111111111111 0.540625 0.7111111111111111 0.54375 0.7166666666666667 0.546875 0.7166666666666667 0.546875 0.7277777777777777 0.540625 0.7444444444444445 0.540625 0.7555555555555555 0.5375 0.7611111111111111 0.5375 0.7722222222222223 0.53125 0.7888888888888889 0.53125 0.8055555555555556 0.528125 0.8111111111111111 0.528125 0.8222222222222222 0.515625 0.85 0.5125 0.85 0.509375 0.8555555555555555 0.5 0.8555555555555555 0.496875 0.8611111111111112 0.490625 0.8611111111111112 0.484375 0.8722222222222222 0.48125 0.8722222222222222 0.478125 0.8777777777777778 0.475 0.8777777777777778 0.471875 0.8833333333333333 0.4625 0.8888888888888888 0.45625 0.9 0.453125 0.9 0.43125 0.9333333333333333 0.41875 0.9333333333333333 0.41875 0.9166666666666666 0.415625 0.9111111111111111 0.415625 0.9 0.4125 0.8944444444444445 0.4125 0.8777777777777778 0.409375 0.8722222222222222 0.409375 0.8611111111111112 0.403125 0.8444444444444444 0.409375 0.8333333333333334 0.409375 0.8277777777777777 0.41875 0.8111111111111111 0.421875 0.8111111111111111 0.425 0.8055555555555556 0.425 0.8 0.434375 0.7722222222222223 0.434375 0.7611111111111111 0.43125 0.7555555555555555 0.4375 0.7444444444444445 0.428125 0.7333333333333333 0.43125 0.7277777777777777 0.43125 0.7166666666666667 0.4375 0.7055555555555556 0.4375 0.6833333333333333 0.440625 0.6777777777777778 0.4375 0.6722222222222223 0.4375 0.6666666666666666
19 0.55625 0.8222222222222222 0.559375 0.8277777777777777 0.571875 0.8277777777777777 0.575 0.8333333333333334 0.575 0.8388888888888889 0.584375 0.8555555555555555 0.584375 0.8666666666666667 0.5875 0.8722222222222222 0.590625 0.8722222222222222 0.6 0.8833333333333333 0.60625 0.8833333333333333 0.621875 0.9 0.621875 0.9333333333333333 0.609375 0.9333333333333333 0.60625 0.9388888888888889 0.59375 0.9388888888888889 0.58125 0.9611111111111111 0.578125 0.9777777777777777 0.575 0.9777777777777777 0.571875 0.9833333333333333 0.559375 0.9833333333333333 0.55625 0.9888888888888889 0.5375 0.9888888888888889 0.534375 0.9833333333333333 0.53125 0.9833333333333333 0.528125 0.9888888888888889 0.521875 0.9888888888888889 0.51875 0.9833333333333333 0.50625 0.9833333333333333 0.50625 0.9777777777777777 0.509375 0.9722222222222222 0.5125 0.9722222222222222 0.515625 0.9666666666666667 0.525 0.9611111111111111 0.540625 0.9333333333333333 0.540625 0.9277777777777778 0.54375 0.9222222222222223 0.54375 0.9111111111111111 0.540625 0.9055555555555556 0.540625 0.8944444444444445 0.5375 0.8888888888888888 0.5375 0.8833333333333333 0.525 0.8611111111111112 0.521875 0.8611111111111112 0.525 0.8555555555555555 0.525 0.8444444444444444 0.53125 0.8333333333333334 0.53125 0.8277777777777777 0.546875 0.8277777777777777 0.55 0.8222222222222222 0.553125 0.8222222222222222
19 0.434375 0.4388888888888889 0.446875 0.4666666666666667 0.446875 0.4722222222222222 0.44375 0.4722222222222222 0.4375 0.48333333333333334 0.440625 0.4888888888888889 0.4375 0.48333333333333334 0.43125 0.49444444444444446 0.421875 0.49444444444444446 0.415625 0.5055555555555555 0.40625 0.5055555555555555 0.403125 0.5111111111111111 0.4 0.5111111111111111 0.4 0.5055555555555555 0.390625 0.4888888888888889 0.390625 0.48333333333333334 0.38125 0.4666666666666667 0.38125 0.46111111111111114 0.390625 0.46111111111111114 0.39375 0.45555555555555555 0.396875 0.45555555555555555 0.4 0.45 0.40625 0.45 0.409375 0.4444444444444444 0.41875 0.4444444444444444 0.421875 0.4388888888888889 0.43125 0.4388888888888889
19 0.334375 0.4388888888888889 0.34375 0.43333333333333335 0.353125 0.4444444444444444 0.359375 0.4444444444444444 0.3625 0.45 0.365625 0.45 0.375 0.4666666666666667 0.378125 0.4666666666666667 0.3875 0.48333333333333334 0.3875 0.4888888888888889 0.39375 0.5 0.39375 0.5055555555555555 0.403125 0.5222222222222223 0.403125 0.5277777777777778 0.4125 0.5444444444444444 0.415625 0.5444444444444444 0.415625 0.55 0.428125 0.5722222222222222 0.43125 0.5722222222222222 0.4375 0.5833333333333334 0.4375 0.5888888888888889 0.440625 0.5944444444444444 0.440625 0.6111111111111112 0.434375 0.6222222222222222 0.434375 0.6277777777777778 0.43125 0.6333333333333333 0.43125 0.6444444444444445 0.428125 0.6444444444444445 0.425 0.65 0.421875 0.6666666666666666 0.41875 0.6722222222222223 0.415625 0.6722222222222223 0.4125 0.6666666666666666 0.409375 0.6666666666666666 0.40625 0.6722222222222223 0.403125 0.6666666666666666 0.403125 0.6555555555555556 0.4125 0.6666666666666666 0.415625 0.6666666666666666 0.41875 0.6611111111111111 0.41875 0.6555555555555556 0.415625 0.65 0.415625 0.6388888888888888 0.4125 0.6333333333333333 0.40625 0.6333333333333333 0.4 0.6444444444444445 0.390625 0.6444444444444445 0.3875 0.6388888888888888 0.3875 0.6277777777777778 0.384375 0.6222222222222222 0.38125 0.6222222222222222 0.38125 0.6166666666666667 0.375 0.6 0.375 0.5944444444444444 0.378125 0.5888888888888889 0.375 0.5833333333333334 0.3625 0.5833333333333334 0.353125 0.5666666666666667 0.35 0.5666666666666667 0.35 0.5611111111111111 0.346875 0.5555555555555556 0.34375 0.5555555555555556 0.340625 0.55 0.340625 0.5444444444444444 0.34375 0.5388888888888889 0.340625 0.5333333333333333 0.3375 0.5333333333333333 0.334375 0.5166666666666667 0.328125 0.5055555555555555 0.328125 0.5 0.325 0.49444444444444446 0.325 0.48333333333333334 0.33125 0.4722222222222222 0.33125 0.45 0.334375 0.4444444444444444
19 0.478125 0.6388888888888888 0.48125 0.6388888888888888 0.484375 0.6333333333333333 0.49375 0.6333333333333333 0.496875 0.6277777777777778 0.515625 0.6277777777777778 0.525 0.6166666666666667 0.534375 0.6166666666666667 0.5375 0.6111111111111112 0.5625 0.6111111111111112 0.565625 0.6055555555555555 0.575 0.6055555555555555 0.58125 0.5944444444444444 0.596875 0.5944444444444444 0.596875 0.6111111111111112 0.603125 0.6222222222222222 0.609375 0.6222222222222222 0.6125 0.6277777777777778 0.61875 0.6277777777777778 0.63125 0.6611111111111111 0.63125 0.6777777777777778 0.625 0.6888888888888889 0.625 0.7 0.621875 0.7055555555555556 0.621875 0.7111111111111111 0.61875 0.7166666666666667 0.615625 0.7333333333333333 0.603125 0.7555555555555555 0.603125 0.7611111111111111 0.596875 0.7722222222222223 0.596875 0.7833333333333333 0.603125 0.7944444444444444 0.603125 0.8 0.6 0.8 0.590625 0.8111111111111111 0.584375 0.8111111111111111 0.58125 0.8166666666666667 0.571875 0.8166666666666667 0.56875 0.8111111111111111 0.565625 0.8111111111111111 0.5625 0.8166666666666667 0.53125 0.8166666666666667 0.53125 0.8055555555555556 0.5375 0.7888888888888889 0.5375 0.7777777777777778 0.540625 0.7722222222222223 0.540625 0.7555555555555555 0.546875 0.7388888888888889 0.546875 0.7277777777777777 0.55 0.7222222222222222 0.55 0.7166666666666667 0.546875 0.7111111111111111 0.540625 0.7111111111111111 0.5375 0.7055555555555556 0.528125 0.7055555555555556 0.525 0.7 0.515625 0.7 0.5125 0.6944444444444444 0.50625 0.6944444444444444 0.50625 0.6888888888888889 0.503125 0.6833333333333333 0.496875 0.6833333333333333 0.49375 0.6888888888888889 0.4875 0.6888888888888889 0.484375 0.6833333333333333 0.484375 0.6777777777777778 0.478125 0.6666666666666666 0.478125 0.6444444444444445
19 0.5375 0.16666666666666666 0.540625 0.17222222222222222 0.546875 0.17222222222222222 0.55 0.18888888888888888 0.553125 0.19444444444444445 0.553125 0.21666666666666667 0.55 0.2222222222222222 0.55 0.24444444444444444 0.546875 0.25 0.546875 0.29444444444444445 0.55625 0.32222222222222224 0.553125 0.3277777777777778 0.553125 0.37222222222222223 0.55 0.37777777777777777 0.55 0.4 0.546875 0.4 0.54375 0.40555555555555556 0.534375 0.40555555555555556 0.53125 0.4111111111111111 0.53125 0.4166666666666667 0.525 0.42777777777777776 0.515625 0.42777777777777776 0.509375 0.4166666666666667 0.509375 0.37777777777777777 0.503125 0.3611111111111111 0.503125 0.3388888888888889 0.521875 0.3388888888888889 0.525 0.3333333333333333 0.525 0.32222222222222224 0.528125 0.32222222222222224 0.534375 0.3111111111111111 0.534375 0.3055555555555556 0.53125 0.3 0.53125 0.2833333333333333 0.534375 0.2777777777777778 0.534375 0.2611111111111111 0.53125 0.25555555555555554 0.53125 0.17222222222222222 0.534375 0.17222222222222222
19 0.640625 0.3888888888888889 0.640625 0.4 0.64375 0.40555555555555556 0.64375 0.4111111111111111 0.65 0.4222222222222222 0.65 0.42777777777777776 0.659375 0.4444444444444444 0.659375 0.45 0.665625 0.46111111111111114 0.66875 0.46111111111111114 0.671875 0.4666666666666667 0.671875 0.48333333333333334 0.675 0.4888888888888889 0.671875 0.49444444444444446 0.671875 0.5055555555555555 0.6625 0.5222222222222223 0.6625 0.5277777777777778 0.653125 0.5388888888888889 0.65 0.5388888888888889 0.6375 0.5166666666666667 0.6375 0.5111111111111111 0.634375 0.5055555555555555 0.63125 0.4888888888888889 0.625 0.4777777777777778 0.625 0.4722222222222222 0.621875 0.4666666666666667 0.621875 0.45555555555555555 0.61875 0.45 0.61875 0.4444444444444444 0.60625 0.4166666666666667 0.60625 0.4111111111111111 0.609375 0.40555555555555556 0.6375 0.3888888888888889
19 0.609375 0.6222222222222222 0.6125 0.6277777777777778 0.621875 0.6333333333333333 0.621875 0.6388888888888888 0.625 0.6444444444444445 0.625 0.6611111111111111 0.628125 0.6666666666666666 0.625 0.6722222222222223 0.625 0.6833333333333333 0.615625 0.6833333333333333 0.60625 0.6722222222222223 0.6 0.6722222222222223 0.584375 0.6944444444444444 0.584375 0.7 0.58125 0.7055555555555556 0.58125 0.7166666666666667 0.578125 0.7222222222222222 0.571875 0.7222222222222222 0.565625 0.7111111111111111 0.5625 0.7111111111111111 0.559375 0.7055555555555556 0.55625 0.7055555555555556 0.553125 0.7111111111111111 0.54375 0.7111111111111111 0.540625 0.7055555555555556 0.528125 0.7055555555555556 0.525 0.7 0.51875 0.7 0.515625 0.6944444444444444 0.509375 0.6944444444444444 0.5125 0.6888888888888889 0.509375 0.6833333333333333 0.496875 0.6833333333333333 0.49375 0.6888888888888889 0.4875 0.6888888888888889 0.48125 0.6777777777777778 0.48125 0.6722222222222223 0.478125 0.6666666666666666 0.478125 0.6388888888888888 0.48125 0.6333333333333333 0.490625 0.6333333333333333 0.49375 0.6277777777777778 0.5125 0.6277777777777778 0.515625 0.6222222222222222 0.521875 0.6222222222222222 0.525 0.6166666666666667 0.53125 0.6166666666666667 0.534375 0.6111111111111112 0.55 0.6111111111111112 0.553125 0.6055555555555555 0.571875 0.6055555555555555 0.58125 0.5944444444444444 0.596875 0.5944444444444444 0.6 0.6 0.596875 0.6055555555555555 0.60625 0.6222222222222222
19 0.725 0.48333333333333334 0.734375 0.5 0.734375 0.5055555555555555 0.740625 0.5166666666666667 0.740625 0.5277777777777778 0.74375 0.5333333333333333 0.74375 0.5388888888888889 0.75 0.55 0.75 0.5611111111111111 0.746875 0.5555555555555556 0.74375 0.5611111111111111 0.74375 0.5666666666666667 0.734375 0.5777777777777777 0.725 0.5777777777777777 0.721875 0.5722222222222222 0.7125 0.5722222222222222 0.709375 0.5666666666666667 0.709375 0.5611111111111111 0.7125 0.5555555555555556 0.7125 0.5388888888888889 0.70625 0.5277777777777778 0.703125 0.5277777777777778 0.6875 0.5055555555555555 0.6875 0.49444444444444446 0.70625 0.4722222222222222 0.715625 0.4722222222222222 0.721875 0.48333333333333334
19 0.771875 0.6111111111111112 0.775 0.6166666666666667 0.778125 0.6166666666666667 0.7875 0.6333333333333333 0.7875 0.6388888888888888 0.796875 0.6555555555555556 0.8 0.6722222222222223 0.80625 0.6833333333333333 0.790625 0.6833333333333333 0.7875 0.6777777777777778 0.771875 0.6777777777777778 0.76875 0.6722222222222223 0.7625 0.6722222222222223 0.759375 0.6666666666666666 0.75625 0.6666666666666666 0.75 0.6555555555555556 0.75 0.65 0.753125 0.6444444444444445 0.75625 0.6277777777777778 0.759375 0.6277777777777778 0.76875 0.6166666666666667
19 0.415625 0.15555555555555556 0.41875 0.16111111111111112 0.41875 0.17222222222222222 0.421875 0.17777777777777778 0.41875 0.19444444444444445 0.3875 0.25 0.3875 0.25555555555555554 0.38125 0.2722222222222222 0.38125 0.28888888888888886 0.378125 0.29444444444444445 0.378125 0.3 0.375 0.3055555555555556 0.3625 0.3055555555555556 0.359375 0.3111111111111111 0.35625 0.3111111111111111 0.353125 0.3055555555555556 0.34375 0.3055555555555556 0.340625 0.3 0.3375 0.3 0.3375 0.29444444444444445 0.328125 0.2777777777777778 0.325 0.2777777777777778 0.31875 0.26666666666666666 0.309375 0.26666666666666666 0.30625 0.2611111111111111 0.296875 0.25555555555555554 0.2875 0.2388888888888889 0.28125 0.2388888888888889 0.271875 0.22777777777777777 0.265625 0.22777777777777777 0.25625 0.2111111111111111 0.25625 0.20555555555555555 0.278125 0.20555555555555555 0.28125 0.2 0.31875 0.2 0.321875 0.19444444444444445 0.346875 0.19444444444444445 0.35 0.18888888888888888 0.3625 0.18888888888888888 0.365625 0.18333333333333332 0.371875 0.18333333333333332 0.375 0.17777777777777778 0.38125 0.17777777777777778 0.384375 0.17222222222222222 0.390625 0.17222222222222222 0.39375 0.16666666666666666 0.4 0.16666666666666666 0.403125 0.16111111111111112 0.4125 0.16111111111111112