19 0.33454545454545453 0.4426229508196721 0.33454545454545453 0.44808743169398907 0.3381818181818182 0.453551912568306 0.33090909090909093 0.4644808743169399 0.32727272727272727 0.4644808743169399 0.3236363636363636 0.46994535519125685 0.32 0.453551912568306 0.33090909090909093 0.44808743169398907
19 0.2909090909090909 0.4262295081967213 0.2909090909090909 0.44808743169398907 0.29454545454545455 0.453551912568306 0.29454545454545455 0.47540983606557374 0.2872727272727273 0.47540983606557374 0.28363636363636363 0.4808743169398907 0.2690909090909091 0.4808743169398907 0.2690909090909091 0.4426229508196721 0.27636363636363637 0.43169398907103823 0.2872727272727273 0.4262295081967213
19 0.4 0.453551912568306 0.4072727272727273 0.4644808743169399 0.4072727272727273 0.4808743169398907 0.4 0.4808743169398907 0.3890909090909091 0.4644808743169399 0.3890909090909091 0.45901639344262296 0.3927272727272727 0.453551912568306 0.39636363636363636 0.453551912568306
19 0.31272727272727274 0.4262295081967213 0.33090909090909093 0.4262295081967213 0.3418181818181818 0.4371584699453552 0.33454545454545453 0.44808743169398907 0.31636363636363635 0.44808743169398907 0.31272727272727274 0.4426229508196721 0.31272727272727274 0.43169398907103823
19 0.509090909090909 0.6994535519125683 0.5127272727272727 0.7049180327868853 0.5163636363636364 0.7049180327868853 0.5163636363636364 0.7103825136612022 0.52 0.7158469945355191 0.52 0.726775956284153 0.5163636363636364 0.73224043715847 0.5163636363636364 0.7377049180327869 0.52 0.7431693989071039 0.5236363636363637 0.7431693989071039 0.52 0.7431693989071039 0.5163636363636364 0.7486338797814208 0.5054545454545455 0.7486338797814208 0.5054545454545455 0.7431693989071039 0.5018181818181818 0.7377049180327869 0.5018181818181818 0.726775956284153 0.49818181818181817 0.7213114754098361 0.49818181818181817 0.7049180327868853 0.5054545454545455 0.7049180327868853
19 0.5418181818181819 0.5628415300546448 0.5490909090909091 0.5792349726775956 0.5490909090909091 0.5901639344262295 0.5418181818181819 0.6010928961748634 0.5418181818181819 0.6065573770491803 0.5381818181818182 0.6065573770491803 0.5309090909090909 0.5956284153005464 0.5309090909090909 0.5901639344262295 0.5272727272727272 0.5846994535519126 0.5309090909090909 0.5792349726775956 0.5309090909090909 0.5683060109289617 0.5381818181818182 0.5683060109289617
19 0.29454545454545455 0.453551912568306 0.29454545454545455 0.45901639344262296 0.2909090909090909 0.4644808743169399 0.2909090909090909 0.47540983606557374 0.2872727272727273 0.47540983606557374 0.28363636363636363 0.4808743169398907 0.2690909090909091 0.4808743169398907 0.2690909090909091 0.4644808743169399 0.2727272727272727 0.45901639344262296 0.28363636363636363 0.45901639344262296 0.2872727272727273 0.453551912568306 0.2909090909090909 0.453551912568306
19 0.31636363636363635 0.5300546448087432 0.31636363636363635 0.5245901639344263 0.31272727272727274 0.5191256830601093 0.31272727272727274 0.5081967213114754 0.3236363636363636 0.4918032786885246 0.33454545454545453 0.4918032786885246 0.3381818181818182 0.4972677595628415 0.33454545454545453 0.5027322404371585 0.33454545454545453 0.5136612021857924 0.32727272727272727 0.5245901639344263 0.3236363636363636 0.5245901639344263 0.32 0.5300546448087432
19 0.34545454545454546 0.39344262295081966 0.3490909090909091 0.3989071038251366 0.3527272727272727 0.3989071038251366 0.3527272727272727 0.41530054644808745 0.34545454545454546 0.4262295081967213 0.34545454545454546 0.43169398907103823 0.3418181818181818 0.43169398907103823 0.33454545454545453 0.4207650273224044 0.33454545454545453 0.41530054644808745 0.3418181818181818 0.3989071038251366
19 0.44727272727272727 0.6065573770491803 0.4618181818181818 0.6284153005464481 0.4618181818181818 0.6338797814207651 0.46545454545454545 0.639344262295082 0.46545454545454545 0.644808743169399 0.4690909090909091 0.6502732240437158 0.4727272727272727 0.6666666666666666 0.48 0.6775956284153005 0.48363636363636364 0.6939890710382514 0.49818181818181817 0.7158469945355191 0.49818181818181817 0.726775956284153 0.5054545454545455 0.7377049180327869 0.5054545454545455 0.7540983606557377 0.5018181818181818 0.7595628415300546 0.49818181818181817 0.7595628415300546 0.49454545454545457 0.7650273224043715 0.4909090909090909 0.7650273224043715 0.48 0.7759562841530054 0.4727272727272727 0.7759562841530054 0.4618181818181818 0.7650273224043715 0.4581818181818182 0.7650273224043715 0.44727272727272727 0.7486338797814208 0.44363636363636366 0.73224043715847 0.43636363636363634 0.7213114754098361 0.43636363636363634 0.7158469945355191 0.4290909090909091 0.6994535519125683 0.4290909090909091 0.6939890710382514 0.4218181818181818 0.6830601092896175 0.41818181818181815 0.6666666666666666 0.4036363636363636 0.644808743169399 0.4036363636363636 0.6284153005464481 0.4072727272727273 0.6229508196721312 0.4109090909090909 0.6229508196721312 0.41818181818181815 0.6120218579234973 0.4218181818181818 0.6120218579234973 0.4290909090909091 0.6010928961748634 0.44 0.6010928961748634 0.44363636363636366 0.6065573770491803
19 0.3781818181818182 0.5191256830601093 0.3781818181818182 0.5136612021857924 0.37454545454545457 0.5081967213114754 0.37454545454545457 0.4918032786885246 0.3781818181818182 0.48633879781420764 0.38181818181818183 0.48633879781420764 0.3890909090909091 0.47540983606557374 0.3927272727272727 0.47540983606557374 0.4 0.48633879781420764 0.4 0.4972677595628415 0.3927272727272727 0.5081967213114754 0.3927272727272727 0.5136612021857924 0.38545454545454544 0.5136612021857924 0.38181818181818183 0.5191256830601093
19 0.38545454545454544 0.43169398907103823 0.3890909090909091 0.43169398907103823 0.3927272727272727 0.4262295081967213 0.4109090909090909 0.4262295081967213 0.41454545454545455 0.43169398907103823 0.41454545454545455 0.4426229508196721 0.4109090909090909 0.4426229508196721 0.4072727272727273 0.44808743169398907 0.38545454545454544 0.44808743169398907 0.38181818181818183 0.4426229508196721 0.38545454545454544 0.4371584699453552
19 0.49818181818181817 0.5846994535519126 0.49818181818181817 0.6065573770491803 0.4909090909090909 0.6174863387978142 0.48 0.6174863387978142 0.4763636363636364 0.6120218579234973 0.4763636363636364 0.6065573770491803 0.4909090909090909 0.5846994535519126 0.49454545454545457 0.5846994535519126
19 0.3236363636363636 0.3989071038251366 0.3236363636363636 0.40437158469945356 0.32727272727272727 0.4098360655737705 0.32727272727272727 0.4371584699453552 0.32 0.44808743169398907 0.31272727272727274 0.44808743169398907 0.3090909090909091 0.4426229508196721 0.3090909090909091 0.41530054644808745 0.31272727272727274 0.4098360655737705 0.31272727272727274 0.40437158469945356 0.31636363636363635 0.3989071038251366 0.32 0.3989071038251366
19 0.38181818181818183 0.453551912568306 0.38545454545454544 0.45901639344262296 0.38545454545454544 0.4644808743169399 0.3927272727272727 0.47540983606557374 0.39636363636363636 0.47540983606557374 0.4 0.4808743169398907 0.4 0.4972677595628415 0.3890909090909091 0.5136612021857924 0.38545454545454544 0.5136612021857924 0.38181818181818183 0.5191256830601093 0.37454545454545457 0.5191256830601093 0.3563636363636364 0.546448087431694 0.34545454545454546 0.546448087431694 0.3418181818181818 0.5300546448087432 0.33454545454545453 0.5191256830601093 0.33454545454545453 0.5081967213114754 0.3381818181818182 0.5027322404371585 0.3381818181818182 0.48633879781420764 0.3527272727272727 0.4644808743169399 0.36363636363636365 0.4644808743169399 0.36727272727272725 0.45901639344262296 0.3781818181818182 0.453551912568306
19 0.610909090909091 0.6557377049180327 0.6181818181818182 0.6666666666666666 0.6181818181818182 0.6721311475409836 0.6254545454545455 0.6830601092896175 0.6254545454545455 0.6885245901639344 0.6363636363636364 0.7049180327868853 0.6363636363636364 0.7103825136612022 0.64 0.7158469945355191 0.64 0.726775956284153 0.6218181818181818 0.7540983606557377 0.6181818181818182 0.7540983606557377 0.610909090909091 0.7650273224043715 0.6072727272727273 0.7650273224043715 0.6 0.7759562841530054 0.5963636363636363 0.7759562841530054 0.5854545454545454 0.7923497267759563 0.5818181818181818 0.7923497267759563 0.5781818181818181 0.7978142076502732 0.5672727272727273 0.7978142076502732 0.5345454545454545 0.7486338797814208 0.5345454545454545 0.7431693989071039 0.5309090909090909 0.7377049180327869 0.5309090909090909 0.7158469945355191 0.5418181818181819 0.6994535519125683 0.5454545454545454 0.6994535519125683 0.5636363636363636 0.6721311475409836 0.5709090909090909 0.6721311475409836 0.5818181818181818 0.6612021857923497 0.6 0.6612021857923497 0.6036363636363636 0.6557377049180327 0.6072727272727273 0.6557377049180327
19 0.38181818181818183 0.453551912568306 0.38181818181818183 0.45901639344262296 0.38545454545454544 0.4644808743169399 0.3709090909090909 0.48633879781420764 0.36727272727272725 0.48633879781420764 0.36363636363636365 0.4808743169398907 0.36363636363636365 0.4644808743169399 0.36727272727272725 0.45901639344262296 0.3781818181818182 0.453551912568306
19 0.37454545454545457 0.5027322404371585 0.3709090909090909 0.4972677595628415 0.3709090909090909 0.48633879781420764 0.3781818181818182 0.47540983606557374 0.3890909090909091 0.46994535519125685 0.39636363636363636 0.4808743169398907 0.3890909090909091 0.4808743169398907 0.38545454545454544 0.48633879781420764 0.38181818181818183 0.48633879781420764 0.3781818181818182 0.4918032786885246 0.3781818181818182 0.4972677595628415
19 0.2690909090909091 0.45901639344262296 0.2690909090909091 0.44808743169398907 0.2727272727272727 0.4426229508196721 0.2727272727272727 0.4371584699453552 0.28 0.4262295081967213 0.2909090909090909 0.4262295081967213 0.2909090909090909 0.44808743169398907 0.28363636363636363 0.45901639344262296 0.2727272727272727 0.45901639344262296
19 0.36727272727272725 0.5245901639344263 0.36727272727272725 0.5300546448087432 0.3527272727272727 0.5519125683060109 0.3490909090909091 0.5519125683060109 0.34545454545454546 0.546448087431694 0.34545454545454546 0.5355191256830601 0.3490909090909091 0.5300546448087432 0.3563636363636364 0.5300546448087432 0.36 0.5245901639344263 0.36363636363636365 0.5245901639344263
19 0.6363636363636364 0.5792349726775956 0.64 0.5846994535519126 0.64 0.5901639344262295 0.6581818181818182 0.6174863387978142 0.6581818181818182 0.6229508196721312 0.6618181818181819 0.6284153005464481 0.6618181818181819 0.6557377049180327 0.6581818181818182 0.6557377049180327 0.6545454545454545 0.6612021857923497 0.6545454545454545 0.6666666666666666 0.6618181818181819 0.6775956284153005 0.6618181818181819 0.6830601092896175 0.6654545454545454 0.6885245901639344 0.6654545454545454 0.726775956284153 0.6618181818181819 0.73224043715847 0.6618181818181819 0.7540983606557377 0.6654545454545454 0.7595628415300546 0.6654545454545454 0.7650273224043715 0.6581818181818182 0.7650273224043715 0.6436363636363637 0.7868852459016393 0.6436363636363637 0.7978142076502732 0.64 0.8032786885245902 0.64 0.8087431693989071 0.6327272727272727 0.819672131147541 0.6218181818181818 0.819672131147541 0.6181818181818182 0.8142076502732241 0.6036363636363636 0.8142076502732241 0.6 0.819672131147541 0.5927272727272728 0.819672131147541 0.5890909090909091 0.8142076502732241 0.5890909090909091 0.7978142076502732 0.6 0.7814207650273224 0.6036363636363636 0.7814207650273224 0.6145454545454545 0.7650273224043715 0.6181818181818182 0.7650273224043715 0.6436363636363637 0.726775956284153 0.6436363636363637 0.7158469945355191 0.64 0.7103825136612022 0.64 0.7049180327868853 0.6327272727272727 0.6939890710382514 0.6327272727272727 0.6885245901639344 0.6218181818181818 0.6721311475409836 0.6218181818181818 0.6666666666666666 0.6145454545454545 0.6502732240437158 0.6145454545454545 0.639344262295082 0.6254545454545455 0.6284153005464481 0.6254545454545455 0.6229508196721312 0.6290909090909091 0.6174863387978142 0.6290909090909091 0.6065573770491803 0.6327272727272727 0.6010928961748634 0.6327272727272727 0.5901639344262295 0.6363636363636364 0.5846994535519126
19 0.5054545454545455 0.6120218579234973 0.5127272727272727 0.6229508196721312 0.5127272727272727 0.6284153005464481 0.5163636363636364 0.6338797814207651 0.5163636363636364 0.6612021857923497 0.52 0.6666666666666666 0.52 0.7103825136612022 0.5127272727272727 0.7213114754098361 0.5127272727272727 0.726775956284153 0.509090909090909 0.726775956284153 0.509090909090909 0.7213114754098361 0.48727272727272725 0.6885245901639344 0.48727272727272725 0.6830601092896175 0.48363636363636364 0.6775956284153005 0.48363636363636364 0.6721311475409836 0.4763636363636364 0.6557377049180327 0.4763636363636364 0.6502732240437158 0.48727272727272725 0.6338797814207651 0.48363636363636364 0.6284153005464481 0.48727272727272725 0.6229508196721312 0.4909090909090909 0.6229508196721312 0.49818181818181817 0.6120218579234973 0.5018181818181818 0.6120218579234973
19 0.3709090909090909 0.41530054644808745 0.38181818181818183 0.4262295081967213 0.38181818181818183 0.4371584699453552 0.37454545454545457 0.4371584699453552 0.3709090909090909 0.4426229508196721 0.3490909090909091 0.43169398907103823 0.3490909090909091 0.4262295081967213 0.3563636363636364 0.41530054644808745 0.36727272727272725 0.41530054644808745
19 0.3381818181818182 0.48633879781420764 0.3490909090909091 0.46994535519125685 0.36 0.46994535519125685 0.36363636363636365 0.47540983606557374 0.36363636363636365 0.4918032786885246 0.36 0.4918032786885246 0.3490909090909091 0.5027322404371585 0.3418181818181818 0.5027322404371585 0.3418181818181818 0.4918032786885246
19 0.3090909090909091 0.3989071038251366 0.31272727272727274 0.40437158469945356 0.31636363636363635 0.3989071038251366 0.3236363636363636 0.3989071038251366 0.3236363636363636 0.40437158469945356 0.32727272727272727 0.4098360655737705 0.32727272727272727 0.4207650273224044 0.33454545454545453 0.43169398907103823 0.33454545454545453 0.4371584699453552 0.33090909090909093 0.4426229508196721 0.3236363636363636 0.4426229508196721 0.32 0.44808743169398907 0.29818181818181816 0.44808743169398907 0.29818181818181816 0.4426229508196721 0.29454545454545455 0.4371584699453552 0.29818181818181816 0.43169398907103823 0.29818181818181816 0.4262295081967213 0.29454545454545455 0.4207650273224044 0.29818181818181816 0.41530054644808745 0.29818181818181816 0.40437158469945356 0.3018181818181818 0.3989071038251366 0.3054545454545455 0.3989071038251366
19 0.6 0.5983606557377049 0.07272727272727272 0.12568306010928962
19 0.5509090909090909 0.6256830601092896 0.025454545454545455 0.0273224043715847
19 0.2872727272727273 0.45901639344262296 0.2872727272727273 0.46994535519125685 0.28 0.4808743169398907 0.2690909090909091 0.4808743169398907 0.2690909090909091 0.4644808743169399 0.27636363636363637 0.4644808743169399 0.28 0.45901639344262296 0.28363636363636363 0.45901639344262296
19 0.36363636363636365 0.4972677595628415 0.3709090909090909 0.5081967213114754 0.3709090909090909 0.5136612021857924 0.36727272727272725 0.5191256830601093 0.36727272727272725 0.5245901639344263 0.3563636363636364 0.5245901639344263 0.3527272727272727 0.5300546448087432 0.34545454545454546 0.5300546448087432 0.33454545454545453 0.5191256830601093 0.3418181818181818 0.5027322404371585 0.3527272727272727 0.5027322404371585 0.3563636363636364 0.4972677595628415 0.36 0.4972677595628415
19 0.4690909090909091 0.5792349726775956 0.4690909090909091 0.5683060109289617 0.48 0.5573770491803278 0.4909090909090909 0.5573770491803278 0.4909090909090909 0.5683060109289617 0.48 0.5846994535519126 0.4763636363636364 0.5846994535519126 0.4727272727272727 0.5792349726775956
19 0.49454545454545457 0.5355191256830601 0.49818181818181817 0.5355191256830601 0.509090909090909 0.5245901639344263 0.5163636363636364 0.5245901639344263 0.52 0.5191256830601093 0.5309090909090909 0.5191256830601093 0.5345454545454545 0.5136612021857924 0.5454545454545454 0.5136612021857924 0.5454545454545454 0.5245901639344263 0.5527272727272727 0.5409836065573771 0.5527272727272727 0.5519125683060109 0.5563636363636364 0.5573770491803278 0.5563636363636364 0.5683060109289617 0.56 0.5737704918032787 0.56 0.5846994535519126 0.5636363636363636 0.5901639344262295 0.5636363636363636 0.6065573770491803 0.5563636363636364 0.6174863387978142 0.5490909090909091 0.6174863387978142 0.5454545454545454 0.6229508196721312 0.5490909090909091 0.6284153005464481 0.5563636363636364 0.6284153005464481 0.5709090909090909 0.6502732240437158 0.5709090909090909 0.6557377049180327 0.5672727272727273 0.6612021857923497 0.5636363636363636 0.6612021857923497 0.5418181818181819 0.6939890710382514 0.5309090909090909 0.6994535519125683 0.5272727272727272 0.6939890710382514 0.5272727272727272 0.6666666666666666 0.5236363636363637 0.6612021857923497 0.5236363636363637 0.644808743169399 0.52 0.639344262295082 0.52 0.6284153005464481 0.5163636363636364 0.6229508196721312 0.5163636363636364 0.6120218579234973 0.5127272727272727 0.6065573770491803 0.5127272727272727 0.5956284153005464 0.509090909090909 0.5901639344262295 0.5054545454545455 0.5737704918032787 0.49818181818181817 0.5628415300546448 0.49818181818181817 0.5573770491803278 0.49454545454545457 0.5519125683060109 0.49454545454545457 0.5409836065573771
19 0.36 0.6939890710382514 0.36727272727272725 0.6939890710382514 0.3709090909090909 0.6994535519125683 0.37454545454545457 0.6939890710382514 0.39636363636363636 0.6939890710382514 0.4 0.6885245901639344 0.41818181818181815 0.6885245901639344 0.4290909090909091 0.7049180327868853 0.4290909090909091 0.7158469945355191 0.43636363636363634 0.726775956284153 0.43272727272727274 0.7431693989071039 0.4290909090909091 0.7377049180327869 0.4254545454545455 0.7431693989071039 0.39636363636363636 0.7431693989071039 0.3890909090909091 0.73224043715847 0.38545454545454544 0.73224043715847 0.36727272727272725 0.7049180327868853 0.36363636363636365 0.7049180327868853 0.36363636363636365 0.6994535519125683
19 0.6363636363636364 0.6994535519125683 0.6472727272727272 0.6994535519125683 0.6509090909090909 0.7049180327868853 0.6581818181818182 0.7049180327868853 0.6618181818181819 0.7103825136612022 0.6618181818181819 0.7431693989071039 0.6581818181818182 0.7486338797814208 0.6581818181818182 0.7595628415300546 0.6436363636363637 0.7868852459016393 0.6436363636363637 0.7923497267759563 0.64 0.7978142076502732 0.64 0.8087431693989071 0.6327272727272727 0.819672131147541 0.6254545454545455 0.819672131147541 0.6218181818181818 0.8142076502732241 0.6181818181818182 0.8142076502732241 0.6072727272727273 0.8032786885245902 0.6036363636363636 0.8087431693989071 0.6 0.8032786885245902 0.5890909090909091 0.8032786885245902 0.5890909090909091 0.7978142076502732 0.6 0.7814207650273224 0.6036363636363636 0.7814207650273224 0.610909090909091 0.7704918032786885 0.6145454545454545 0.7704918032786885 0.6218181818181818 0.7595628415300546 0.6218181818181818 0.7540983606557377 0.6254545454545455 0.7486338797814208 0.6290909090909091 0.7486338797814208 0.6436363636363637 0.726775956284153 0.6436363636363637 0.7158469945355191 0.6363636363636364 0.7049180327868853
19 0.5381818181818182 0.5355191256830601 0.5381818181818182 0.5409836065573771 0.5418181818181819 0.546448087431694 0.5345454545454545 0.5628415300546448 0.52 0.5628415300546448 0.52 0.546448087431694 0.5236363636363637 0.5409836065573771 0.5236363636363637 0.5355191256830601 0.5272727272727272 0.5300546448087432 0.5309090909090909 0.5300546448087432 0.5345454545454545 0.5355191256830601
19 0.31636363636363635 0.45901639344262296 0.32 0.4644808743169399 0.32 0.48633879781420764 0.31636363636363635 0.4918032786885246 0.31636363636363635 0.4972677595628415 0.3018181818181818 0.4972677595628415 0.3018181818181818 0.48633879781420764 0.29818181818181816 0.4808743169398907 0.3018181818181818 0.47540983606557374 0.3018181818181818 0.46994535519125685 0.3090909090909091 0.45901639344262296 0.31272727272727274 0.45901639344262296
19 0.3018181818181818 0.45901639344262296 0.3054545454545455 0.4644808743169399 0.3018181818181818 0.46994535519125685 0.3018181818181818 0.4808743169398907 0.29818181818181816 0.48633879781420764 0.3018181818181818 0.4918032786885246 0.3018181818181818 0.4972677595628415 0.29818181818181816 0.5027322404371585 0.2909090909090909 0.5027322404371585 0.28363636363636363 0.48633879781420764 0.28363636363636363 0.4644808743169399 0.2909090909090909 0.453551912568306 0.29454545454545455 0.453551912568306 0.29818181818181816 0.45901639344262296
19 0.49454545454545457 0.6174863387978142 0.5054545454545455 0.6174863387978142 0.5127272727272727 0.6338797814207651 0.5127272727272727 0.639344262295082 0.509090909090909 0.639344262295082 0.5018181818181818 0.6557377049180327 0.49818181818181817 0.6557377049180327 0.49454545454545457 0.6612021857923497 0.48727272727272725 0.6612021857923497 0.48363636363636364 0.6557377049180327 0.48 0.6557377049180327 0.48 0.6502732240437158 0.48727272727272725 0.639344262295082 0.48727272727272725 0.6284153005464481 0.4909090909090909 0.6284153005464481 0.49454545454545457 0.6229508196721312
19 0.29818181818181816 0.3989071038251366 0.32727272727272727 0.3989071038251366 0.32727272727272727 0.41530054644808745 0.33090909090909093 0.4207650273224044 0.33454545454545453 0.41530054644808745 0.3381818181818182 0.3989071038251366 0.3490909090909091 0.39344262295081966 0.3563636363636364 0.40437158469945356 0.37454545454545457 0.40437158469945356 0.37454545454545457 0.4098360655737705 0.38545454545454544 0.4262295081967213 0.41454545454545455 0.4262295081967213 0.41818181818181815 0.43169398907103823 0.41454545454545455 0.4371584699453552 0.41454545454545455 0.4426229508196721 0.4109090909090909 0.4426229508196721 0.4 0.453551912568306 0.4072727272727273 0.46994535519125685 0.4072727272727273 0.4808743169398907 0.4 0.4918032786885246 0.4 0.5027322404371585 0.3927272727272727 0.5136612021857924 0.38545454545454544 0.5136612021857924 0.38181818181818183 0.5191256830601093 0.37454545454545457 0.5191256830601093 0.3563636363636364 0.546448087431694 0.3527272727272727 0.546448087431694 0.3490909090909091 0.5519125683060109 0.34545454545454546 0.546448087431694 0.3418181818181818 0.546448087431694 0.3381818181818182 0.5519125683060109 0.33090909090909093 0.5519125683060109 0.31272727272727274 0.5245901639344263 0.31272727272727274 0.5081967213114754 0.3090909090909091 0.5027322404371585 0.2909090909090909 0.5027322404371585 0.2872727272727273 0.4972677595628415 0.2872727272727273 0.4918032786885246 0.28 0.4808743169398907 0.2690909090909091 0.4808743169398907 0.2690909090909091 0.4426229508196721 0.28 0.4262295081967213 0.2872727272727273 0.4262295081967213 0.29454545454545455 0.41530054644808745 0.29454545454545455 0.4098360655737705 0.29818181818181816 0.40437158469945356
19 0.3709090909090909 0.40437158469945356 0.37454545454545457 0.4098360655737705 0.37454545454545457 0.41530054644808745 0.3781818181818182 0.4207650273224044 0.38181818181818183 0.4207650273224044 0.38181818181818183 0.4371584699453552 0.3563636363636364 0.4371584699453552 0.34545454545454546 0.4262295081967213 0.34545454545454546 0.4207650273224044 0.3490909090909091 0.4207650273224044 0.3563636363636364 0.4098360655737705 0.36727272727272725 0.40437158469945356
19 0.5418181818181819 0.5136612021857924 0.5454545454545454 0.5191256830601093 0.5454545454545454 0.5245901639344263 0.5527272727272727 0.5409836065573771 0.5527272727272727 0.5573770491803278 0.56 0.5737704918032787 0.56 0.5901639344262295 0.5636363636363636 0.5956284153005464 0.5636363636363636 0.6010928961748634 0.5563636363636364 0.6120218579234973 0.5418181818181819 0.6120218579234973 0.5381818181818182 0.6174863387978142 0.5381818181818182 0.6229508196721312 0.5454545454545454 0.6338797814207651 0.5527272727272727 0.6338797814207651 0.5563636363636364 0.6284153005464481 0.5636363636363636 0.639344262295082 0.5672727272727273 0.639344262295082 0.5672727272727273 0.644808743169399 0.5709090909090909 0.6502732240437158 0.5709090909090909 0.6612021857923497 0.5636363636363636 0.6612021857923497 0.5418181818181819 0.6939890710382514 0.5381818181818182 0.6939890710382514 0.5272727272727272 0.7103825136612022 0.5272727272727272 0.7158469945355191 0.5236363636363637 0.7213114754098361 0.5236363636363637 0.7431693989071039 0.5163636363636364 0.7431693989071039 0.5127272727272727 0.7486338797814208 0.5127272727272727 0.7377049180327869 0.509090909090909 0.73224043715847 0.509090909090909 0.7213114754098361 0.48727272727272725 0.6885245901639344 0.48727272727272725 0.6830601092896175 0.48363636363636364 0.6775956284153005 0.48363636363636364 0.6721311475409836 0.4763636363636364 0.6557377049180327 0.4763636363636364 0.644808743169399 0.4727272727272727 0.639344262295082 0.4727272727272727 0.6284153005464481 0.4690909090909091 0.6229508196721312 0.4690909090909091 0.6065573770491803 0.46545454545454545 0.6010928961748634 0.46545454545454545 0.5846994535519126 0.4618181818181818 0.5792349726775956 0.4618181818181818 0.5628415300546448 0.4581818181818182 0.5573770491803278 0.46545454545454545 0.546448087431694 0.4690909090909091 0.546448087431694 0.4727272727272727 0.5409836065573771 0.48363636363636364 0.5409836065573771 0.48727272727272725 0.5355191256830601 0.49454545454545457 0.5355191256830601 0.5054545454545455 0.5245901639344263 0.5163636363636364 0.5245901639344263 0.52 0.5191256830601093 0.5309090909090909 0.5191256830601093 0.5345454545454545 0.5136612021857924 0.5381818181818182 0.5136612021857924
19 0.5163636363636364 0.5245901639344263 0.5163636363636364 0.5355191256830601 0.5127272727272727 0.5409836065573771 0.509090909090909 0.5409836065573771 0.5018181818181818 0.5519125683060109 0.509090909090909 0.5683060109289617 0.509090909090909 0.5956284153005464 0.5127272727272727 0.6010928961748634 0.5127272727272727 0.6174863387978142 0.5163636363636364 0.6229508196721312 0.5163636363636364 0.639344262295082 0.52 0.644808743169399 0.52 0.6612021857923497 0.5236363636363637 0.6666666666666666 0.5236363636363637 0.6830601092896175 0.5272727272727272 0.6885245901639344 0.5272727272727272 0.6994535519125683 0.5236363636363637 0.7049180327868853 0.5163636363636364 0.7049180327868853 0.5163636363636364 0.6994535519125683 0.5127272727272727 0.6939890710382514 0.5018181818181818 0.6994535519125683 0.49818181818181817 0.6939890710382514 0.4909090909090909 0.6939890710382514 0.48727272727272725 0.6885245901639344 0.48727272727272725 0.6830601092896175 0.48 0.6721311475409836 0.48 0.6612021857923497 0.4727272727272727 0.644808743169399 0.4727272727272727 0.6338797814207651 0.4690909090909091 0.6284153005464481 0.4690909090909091 0.6120218579234973 0.46545454545454545 0.6065573770491803 0.46545454545454545 0.5846994535519126 0.4618181818181818 0.5792349726775956 0.4618181818181818 0.5683060109289617 0.4581818181818182 0.5628415300546448 0.4581818181818182 0.5573770491803278 0.46545454545454545 0.546448087431694 0.4690909090909091 0.546448087431694 0.4727272727272727 0.5409836065573771 0.48363636363636364 0.5409836065573771 0.48727272727272725 0.5355191256830601 0.49454545454545457 0.5355191256830601 0.49818181818181817 0.5300546448087432 0.5054545454545455 0.5300546448087432 0.509090909090909 0.5245901639344263 0.5127272727272727 0.5245901639344263
19 0.3236363636363636 0.3989071038251366 0.32727272727272727 0.40437158469945356 0.32727272727272727 0.4207650273224044 0.3236363636363636 0.4262295081967213 0.32 0.4262295081967213 0.31272727272727274 0.4371584699453552 0.31272727272727274 0.40437158469945356 0.31636363636363635 0.3989071038251366 0.32 0.3989071038251366
19 0.29818181818181816 0.44808743169398907 0.29454545454545455 0.43169398907103823 0.29818181818181816 0.4262295081967213 0.29818181818181816 0.40437158469945356 0.3018181818181818 0.3989071038251366 0.3054545454545455 0.3989071038251366 0.3090909090909091 0.40437158469945356 0.3090909090909091 0.4426229508196721 0.3054545454545455 0.44808743169398907 0.3018181818181818 0.44808743169398907
19 0.56 0.5956284153005464 0.5563636363636364 0.5901639344262295 0.5527272727272727 0.5901639344262295 0.5490909090909091 0.5956284153005464 0.5490909090909091 0.6065573770491803 0.5527272727272727 0.6120218579234973 0.5563636363636364 0.6120218579234973 0.5563636363636364 0.6174863387978142 0.5527272727272727 0.6229508196721312 0.56 0.6338797814207651 0.5636363636363636 0.6338797814207651 0.5672727272727273 0.639344262295082 0.5636363636363636 0.639344262295082 0.56 0.6338797814207651 0.5490909090909091 0.6284153005464481 0.5490909090909091 0.6229508196721312 0.5418181818181819 0.6065573770491803 0.5381818181818182 0.6065573770491803 0.5345454545454545 0.6120218579234973 0.5345454545454545 0.6229508196721312 0.5381818181818182 0.6284153005464481 0.5418181818181819 0.6284153005464481 0.5381818181818182 0.6338797814207651 0.5345454545454545 0.6284153005464481 0.5272727272727272 0.6284153005464481 0.5236363636363637 0.6338797814207651 0.5236363636363637 0.6502732240437158 0.52 0.6557377049180327 0.5236363636363637 0.6612021857923497 0.5236363636363637 0.6830601092896175 0.5309090909090909 0.6994535519125683 0.5345454545454545 0.6994535519125683 0.5381818181818182 0.7049180327868853 0.5418181818181819 0.6994535519125683 0.5418181818181819 0.6939890710382514 0.5490909090909091 0.6830601092896175 0.5527272727272727 0.6830601092896175 0.5563636363636364 0.6775956284153005 0.5563636363636364 0.6721311475409836 0.5672727272727273 0.6666666666666666 0.5709090909090909 0.6612021857923497 0.5709090909090909 0.6557377049180327 0.5745454545454546 0.6612021857923497 0.5963636363636363 0.6612021857923497 0.6 0.6557377049180327 0.610909090909091 0.6557377049180327 0.6181818181818182 0.6666666666666666 0.6181818181818182 0.6721311475409836 0.6254545454545455 0.6830601092896175 0.6254545454545455 0.6885245901639344 0.64 0.7103825136612022 0.64 0.73224043715847 0.6218181818181818 0.7595628415300546 0.6181818181818182 0.7595628415300546 0.6145454545454545 0.7650273224043715 0.6036363636363636 0.7704918032786885 0.6 0.7759562841530054 0.6 0.7814207650273224 0.5927272727272728 0.7814207650273224 0.5818181818181818 0.7978142076502732 0.5781818181818181 0.7978142076502732 0.5745454545454546 0.8032786885245902 0.5709090909090909 0.7978142076502732 0.5672727272727273 0.7978142076502732 0.5272727272727272 0.7377049180327869 0.5236363636363637 0.7431693989071039 0.52 0.7431693989071039 0.5163636363636364 0.7486338797814208 0.5127272727272727 0.7486338797814208 0.509090909090909 0.7540983606557377 0.5054545454545455 0.7540983606557377 0.5018181818181818 0.7595628415300546 0.49818181818181817 0.7595628415300546 0.48727272727272725 0.7704918032786885 0.48 0.7704918032786885 0.4763636363636364 0.7759562841530054 0.4727272727272727 0.7704918032786885 0.46545454545454545 0.7704918032786885 0.4618181818181818 0.7650273224043715 0.4581818181818182 0.7650273224043715 0.44727272727272727 0.7486338797814208 0.44727272727272727 0.7431693989071039 0.44363636363636366 0.7377049180327869 0.44 0.7213114754098361 0.43272727272727274 0.7103825136612022 0.43272727272727274 0.7049180327868853 0.4290909090909091 0.6994535519125683 0.4290909090909091 0.6939890710382514 0.4254545454545455 0.6885245901639344 0.4254545454545455 0.6830601092896175 0.4218181818181818 0.6775956284153005 0.41818181818181815 0.6612021857923497 0.4036363636363636 0.639344262295082 0.4036363636363636 0.6338797814207651 0.4109090909090909 0.6229508196721312 0.41454545454545455 0.6229508196721312 0.41818181818181815 0.6174863387978142 0.4218181818181818 0.6229508196721312 0.4254545454545455 0.6229508196721312 0.4290909090909091 0.6174863387978142 0.4254545454545455 0.6120218579234973 0.4290909090909091 0.6065573770491803 0.44 0.6010928961748634 0.44363636363636366 0.6065573770491803 0.44727272727272727 0.6065573770491803 0.4618181818181818 0.6284153005464481 0.4618181818181818 0.6338797814207651 0.46545454545454545 0.639344262295082 0.4690909090909091 0.6557377049180327 0.4727272727272727 0.6612021857923497 0.4763636363636364 0.6612021857923497 0.48 0.6557377049180327 0.4763636363636364 0.6502732240437158 0.4763636363636364 0.639344262295082 0.4690909090909091 0.6229508196721312 0.4690909090909091 0.6010928961748634 0.46545454545454545 0.5956284153005464 0.46545454545454545 0.5846994535519126 0.4618181818181818 0.5792349726775956 0.4618181818181818 0.5519125683060109 0.46545454545454545 0.546448087431694 0.4727272727272727 0.546448087431694 0.4763636363636364 0.5409836065573771 0.48727272727272725 0.5409836065573771 0.4909090909090909 0.5355191256830601 0.49454545454545457 0.5355191256830601 0.49818181818181817 0.5300546448087432 0.5054545454545455 0.5300546448087432 0.509090909090909 0.5245901639344263 0.5236363636363637 0.5245901639344263 0.5272727272727272 0.5191256830601093 0.5454545454545454 0.5191256830601093 0.5454545454545454 0.5245901639344263 0.5527272727272727 0.5409836065573771 0.5527272727272727 0.5573770491803278 0.5563636363636364 0.5628415300546448 0.5563636363636364 0.5737704918032787 0.56 0.5792349726775956 0.56 0.5901639344262295
19 0.509090909090909 0.7486338797814208 0.509090909090909 0.7431693989071039 0.5054545454545455 0.7377049180327869 0.5054545454545455 0.7158469945355191 0.5018181818181818 0.7103825136612022 0.49818181818181817 0.7103825136612022 0.48727272727272725 0.6939890710382514 0.48727272727272725 0.6885245901639344 0.48 0.6775956284153005 0.48 0.6721311475409836 0.4763636363636364 0.6666666666666666 0.4763636363636364 0.6502732240437158 0.4727272727272727 0.644808743169399 0.4727272727272727 0.6338797814207651 0.4690909090909091 0.6284153005464481 0.4690909090909091 0.6120218579234973 0.46545454545454545 0.6065573770491803 0.46545454545454545 0.5846994535519126 0.4618181818181818 0.5792349726775956 0.4618181818181818 0.5683060109289617 0.4581818181818182 0.5628415300546448 0.4581818181818182 0.5573770491803278 0.46545454545454545 0.546448087431694 0.4690909090909091 0.546448087431694 0.4727272727272727 0.5409836065573771 0.48363636363636364 0.5409836065573771 0.48727272727272725 0.5355191256830601 0.49454545454545457 0.5355191256830601 0.49818181818181817 0.5300546448087432 0.509090909090909 0.5300546448087432 0.5127272727272727 0.5245901639344263 0.5163636363636364 0.5245901639344263 0.5163636363636364 0.5355191256830601 0.5127272727272727 0.5409836065573771 0.509090909090909 0.5409836065573771 0.5018181818181818 0.5519125683060109 0.509090909090909 0.5628415300546448 0.509090909090909 0.5792349726775956 0.5127272727272727 0.5846994535519126 0.509090909090909 0.5901639344262295 0.5127272727272727 0.5956284153005464 0.5127272727272727 0.6120218579234973 0.5163636363636364 0.6174863387978142 0.5163636363636364 0.6338797814207651 0.52 0.639344262295082 0.52 0.6502732240437158 0.5236363636363637 0.6557377049180327 0.5236363636363637 0.6775956284153005 0.5272727272727272 0.6830601092896175 0.5272727272727272 0.6939890710382514 0.5309090909090909 0.6994535519125683 0.5236363636363637 0.7158469945355191 0.5236363636363637 0.7431693989071039 0.5127272727272727 0.7486338797814208
19 0.56 0.6284153005464481 0.5745454545454546 0.6502732240437158 0.5745454545454546 0.6612021857923497 0.5709090909090909 0.6666666666666666 0.5636363636363636 0.6666666666666666 0.5563636363636364 0.6775956284153005 0.5527272727272727 0.6775956284153005 0.5418181818181819 0.6939890710382514 0.5381818181818182 0.6939890710382514 0.5381818181818182 0.6885245901639344 0.5345454545454545 0.6830601092896175 0.5381818181818182 0.6775956284153005 0.5381818181818182 0.6666666666666666 0.5345454545454545 0.6612021857923497 0.5418181818181819 0.6502732240437158 0.5454545454545454 0.6338797814207651 0.5563636363636364 0.6338797814207651
19 0.33454545454545453 0.5245901639344263 0.3381818181818182 0.5300546448087432 0.3381818181818182 0.546448087431694 0.33454545454545453 0.5519125683060109 0.33090909090909093 0.5519125683060109 0.3236363636363636 0.5409836065573771 0.3236363636363636 0.5300546448087432 0.32727272727272727 0.5245901639344263 0.33090909090909093 0.5245901639344263
19 0.5418181818181819 0.5136612021857924 0.5490909090909091 0.5245901639344263 0.5490909090909091 0.5355191256830601 0.5563636363636364 0.5519125683060109 0.5563636363636364 0.5683060109289617 0.56 0.5737704918032787 0.56 0.5846994535519126 0.5636363636363636 0.5901639344262295 0.5636363636363636 0.6065573770491803 0.5563636363636364 0.6174863387978142 0.5527272727272727 0.6174863387978142 0.5490909090909091 0.6229508196721312 0.5527272727272727 0.6284153005464481 0.56 0.6284153005464481 0.5709090909090909 0.644808743169399 0.5709090909090909 0.6612021857923497 0.5636363636363636 0.6612021857923497 0.5418181818181819 0.6939890710382514 0.5381818181818182 0.6939890710382514 0.5345454545454545 0.6994535519125683 0.5309090909090909 0.6939890710382514 0.5309090909090909 0.6830601092896175 0.5272727272727272 0.6775956284153005 0.5272727272727272 0.6557377049180327 0.5236363636363637 0.6502732240437158 0.5236363636363637 0.6284153005464481 0.5272727272727272 0.6229508196721312 0.52 0.6120218579234973 0.52 0.6010928961748634 0.5163636363636364 0.5956284153005464 0.5163636363636364 0.5737704918032787 0.5127272727272727 0.5683060109289617 0.5163636363636364 0.5628415300546448 0.5163636363636364 0.5519125683060109 0.52 0.546448087431694 0.52 0.5355191256830601 0.5236363636363637 0.5300546448087432 0.5236363636363637 0.5245901639344263 0.5272727272727272 0.5191256830601093 0.5381818181818182 0.5136612021857924
19 0.3927272727272727 0.453551912568306 0.4 0.453551912568306 0.4072727272727273 0.4644808743169399 0.4072727272727273 0.48633879781420764 0.4 0.48633879781420764 0.3890909090909091 0.46994535519125685 0.3890909090909091 0.4644808743169399 0.3927272727272727 0.45901639344262296
19 0.6327272727272727 0.7814207650273224 0.02181818181818182 0.03278688524590164
19 0.3563636363636364 0.41530054644808745 0.3563636363636364 0.4098360655737705 0.36 0.40437158469945356 0.3709090909090909 0.40437158469945356 0.37454545454545457 0.4098360655737705 0.37454545454545457 0.41530054644808745 0.36 0.41530054644808745