19 0.5330188679245284 0.37222222222222223 0.5377358490566038 0.37777777777777777 0.5424528301886793 0.37777777777777777 0.5518867924528302 0.3888888888888889 0.5566037735849056 0.3888888888888889 0.5613207547169812 0.39444444444444443 0.5660377358490566 0.39444444444444443 0.5754716981132075 0.40555555555555556 0.5754716981132075 0.43333333333333335 0.5707547169811321 0.4388888888888889 0.5707547169811321 0.4444444444444444 0.5613207547169812 0.45555555555555555 0.5566037735849056 0.45555555555555555 0.5471698113207547 0.4666666666666667 0.5424528301886793 0.4666666666666667 0.5377358490566038 0.4722222222222222 0.4858490566037736 0.4722222222222222 0.4811320754716981 0.4666666666666667 0.4811320754716981 0.46111111111111114 0.47641509433962265 0.45555555555555555 0.47641509433962265 0.45 0.4669811320754717 0.4388888888888889 0.4669811320754717 0.40555555555555556 0.4858490566037736 0.38333333333333336 0.49056603773584906 0.38333333333333336 0.5047169811320755 0.37222222222222223 0.5283018867924528 0.37222222222222223
19 0.42452830188679247 0.26666666666666666 0.42924528301886794 0.2722222222222222 0.4339622641509434 0.2722222222222222 0.4528301886792453 0.29444444444444445 0.4528301886792453 0.3 0.45754716981132076 0.3055555555555556 0.45754716981132076 0.3277777777777778 0.4481132075471698 0.3388888888888889 0.4481132075471698 0.34444444444444444 0.44339622641509435 0.34444444444444444 0.42924528301886794 0.35555555555555557 0.419811320754717 0.35555555555555557 0.41509433962264153 0.3611111111111111 0.37735849056603776 0.3611111111111111 0.37264150943396224 0.35555555555555557 0.36792452830188677 0.35555555555555557 0.3584905660377358 0.34444444444444444 0.35377358490566035 0.34444444444444444 0.35377358490566035 0.3277777777777778 0.3490566037735849 0.32222222222222224 0.3490566037735849 0.3111111111111111 0.35377358490566035 0.3055555555555556 0.35377358490566035 0.29444444444444445 0.36792452830188677 0.2777777777777778 0.37264150943396224 0.2777777777777778 0.37735849056603776 0.2722222222222222 0.3915094339622642 0.2722222222222222 0.39622641509433965 0.26666666666666666 0.419811320754717 0.26666666666666666
19 0.18396226415094338 0.2611111111111111 0.18867924528301888 0.26666666666666666 0.19339622641509435 0.26666666666666666 0.19811320754716982 0.2722222222222222 0.2028301886792453 0.2722222222222222 0.2169811320754717 0.28888888888888886 0.2169811320754717 0.32222222222222224 0.21226415094339623 0.3277777777777778 0.21226415094339623 0.3333333333333333 0.20754716981132076 0.3388888888888889 0.20754716981132076 0.34444444444444444 0.19339622641509435 0.35555555555555557 0.14622641509433962 0.35555555555555557 0.14150943396226415 0.35 0.13679245283018868 0.35 0.1320754716981132 0.34444444444444444 0.12735849056603774 0.34444444444444444 0.1179245283018868 0.3333333333333333 0.1179245283018868 0.3277777777777778 0.11320754716981132 0.32222222222222224 0.11320754716981132 0.3055555555555556 0.10849056603773585 0.3 0.10849056603773585 0.28888888888888886 0.11320754716981132 0.2833333333333333 0.11320754716981132 0.2777777777777778 0.12264150943396226 0.26666666666666666 0.12735849056603774 0.26666666666666666 0.1320754716981132 0.2611111111111111 0.14622641509433962 0.2611111111111111 0.1509433962264151 0.25555555555555554 0.15566037735849056 0.25555555555555554 0.16037735849056603 0.2611111111111111 0.1792452830188679 0.2611111111111111
19 0.5235849056603774 0.5944444444444444 0.5283018867924528 0.6 0.5377358490566038 0.6 0.5471698113207547 0.6111111111111112 0.5518867924528302 0.6111111111111112 0.5566037735849056 0.6166666666666667 0.5613207547169812 0.6166666666666667 0.5707547169811321 0.6277777777777778 0.5707547169811321 0.6333333333333333 0.5754716981132075 0.6388888888888888 0.5754716981132075 0.6611111111111111 0.5660377358490566 0.6777777777777778 0.5613207547169812 0.6777777777777778 0.5566037735849056 0.6833333333333333 0.5471698113207547 0.6833333333333333 0.5424528301886793 0.6888888888888889 0.5235849056603774 0.6888888888888889 0.5188679245283019 0.6944444444444444 0.4858490566037736 0.6944444444444444 0.47641509433962265 0.6833333333333333 0.4716981132075472 0.6833333333333333 0.45754716981132076 0.6666666666666666 0.45754716981132076 0.6333333333333333 0.46226415094339623 0.6277777777777778 0.46226415094339623 0.6222222222222222 0.4669811320754717 0.6166666666666667 0.4716981132075472 0.6166666666666667 0.4858490566037736 0.6 0.49056603773584906 0.6 0.49528301886792453 0.5944444444444444 0.5188679245283019 0.5944444444444444
19 0.7547169811320755 0.5833333333333334 0.7594339622641509 0.5888888888888889 0.7783018867924528 0.5888888888888889 0.7830188679245284 0.5944444444444444 0.7924528301886793 0.5944444444444444 0.7971698113207547 0.6 0.8018867924528302 0.6 0.8066037735849056 0.6055555555555555 0.8113207547169812 0.6055555555555555 0.8207547169811321 0.6166666666666667 0.8207547169811321 0.6388888888888888 0.8254716981132075 0.6444444444444445 0.8254716981132075 0.6611111111111111 0.8207547169811321 0.6666666666666666 0.8207547169811321 0.6722222222222223 0.8113207547169812 0.6833333333333333 0.8066037735849056 0.6833333333333333 0.7971698113207547 0.6944444444444444 0.7877358490566038 0.6944444444444444 0.7830188679245284 0.7 0.7783018867924528 0.7 0.7735849056603774 0.6944444444444444 0.7594339622641509 0.6944444444444444 0.7547169811320755 0.6888888888888889 0.7452830188679245 0.6888888888888889 0.7405660377358491 0.6833333333333333 0.7358490566037735 0.6833333333333333 0.7122641509433962 0.6555555555555556 0.7122641509433962 0.6166666666666667 0.7169811320754716 0.6111111111111112 0.7169811320754716 0.6055555555555555 0.7216981132075472 0.6055555555555555 0.7358490566037735 0.5888888888888889 0.75 0.5888888888888889
19 0.41037735849056606 0.48333333333333334 0.41509433962264153 0.4888888888888889 0.42452830188679247 0.4888888888888889 0.42924528301886794 0.49444444444444446 0.4339622641509434 0.49444444444444446 0.44339622641509435 0.5055555555555555 0.44339622641509435 0.5111111111111111 0.4528301886792453 0.5222222222222223 0.4528301886792453 0.55 0.4481132075471698 0.5555555555555556 0.4481132075471698 0.5666666666666667 0.44339622641509435 0.5722222222222222 0.4386792452830189 0.5722222222222222 0.4339622641509434 0.5777777777777777 0.4009433962264151 0.5777777777777777 0.39622641509433965 0.5833333333333334 0.3915094339622642 0.5777777777777777 0.3867924528301887 0.5833333333333334 0.37264150943396224 0.5722222222222222 0.3584905660377358 0.5722222222222222 0.33962264150943394 0.55 0.33962264150943394 0.5444444444444444 0.33490566037735847 0.5388888888888889 0.33490566037735847 0.5111111111111111 0.3584905660377358 0.48333333333333334 0.3632075471698113 0.48333333333333334 0.36792452830188677 0.4777777777777778 0.4009433962264151 0.4777777777777778 0.4056603773584906 0.48333333333333334
19 0.2830188679245283 0.37222222222222223 0.28773584905660377 0.37777777777777777 0.2971698113207547 0.37777777777777777 0.3018867924528302 0.38333333333333336 0.30660377358490565 0.38333333333333336 0.3113207547169811 0.3888888888888889 0.3160377358490566 0.3888888888888889 0.330188679245283 0.40555555555555556 0.330188679245283 0.4111111111111111 0.33490566037735847 0.4166666666666667 0.33490566037735847 0.42777777777777776 0.330188679245283 0.43333333333333335 0.330188679245283 0.4444444444444444 0.32547169811320753 0.45 0.32075471698113206 0.45 0.3160377358490566 0.45555555555555555 0.30660377358490565 0.45555555555555555 0.29245283018867924 0.4666666666666667 0.27358490566037735 0.4666666666666667 0.2688679245283019 0.46111111111111114 0.25471698113207547 0.46111111111111114 0.25 0.45555555555555555 0.24528301886792453 0.45555555555555555 0.24056603773584906 0.45 0.2358490566037736 0.45 0.22641509433962265 0.4388888888888889 0.23113207547169812 0.43333333333333335 0.23113207547169812 0.4166666666666667 0.2358490566037736 0.4111111111111111 0.2358490566037736 0.40555555555555556 0.24056603773584906 0.40555555555555556 0.25 0.3888888888888889 0.25471698113207547 0.3888888888888889 0.2641509433962264 0.37777777777777777 0.2688679245283019 0.37777777777777777 0.27358490566037735 0.37222222222222223 0.2783018867924528 0.37222222222222223
19 0.30660377358490565 0.07777777777777778 0.3113207547169811 0.08333333333333333 0.3160377358490566 0.08333333333333333 0.3443396226415094 0.11666666666666667 0.3490566037735849 0.11666666666666667 0.37264150943396224 0.14444444444444443 0.37735849056603776 0.14444444444444443 0.41509433962264153 0.18888888888888888 0.419811320754717 0.18888888888888888 0.49056603773584906 0.2722222222222222 0.49528301886792453 0.2722222222222222 0.5094339622641509 0.28888888888888886 0.5141509433962265 0.28888888888888886 0.5235849056603774 0.3 0.5283018867924528 0.3 0.5518867924528302 0.3277777777777778 0.5566037735849056 0.3277777777777778 0.5849056603773585 0.3611111111111111 0.589622641509434 0.3611111111111111 0.5990566037735849 0.37222222222222223 0.6037735849056604 0.37222222222222223 0.6084905660377359 0.37777777777777777 0.6132075471698113 0.37777777777777777 0.6226415094339622 0.3888888888888889 0.6273584905660378 0.3888888888888889 0.6320754716981132 0.39444444444444443 0.6367924528301887 0.39444444444444443 0.6415094339622641 0.4 0.6462264150943396 0.4 0.660377358490566 0.4166666666666667 0.6650943396226415 0.4166666666666667 0.6933962264150944 0.45 0.6981132075471698 0.45 0.7028301886792453 0.45555555555555555 0.7075471698113207 0.45555555555555555 0.7169811320754716 0.4666666666666667 0.7216981132075472 0.4666666666666667 0.7311320754716981 0.4777777777777778 0.7358490566037735 0.4777777777777778 0.7405660377358491 0.48333333333333334 0.7452830188679245 0.48333333333333334 0.7547169811320755 0.49444444444444446 0.7594339622641509 0.49444444444444446 0.7783018867924528 0.5166666666666667 0.7830188679245284 0.5166666666666667 0.7971698113207547 0.5333333333333333 0.8018867924528302 0.5333333333333333 0.8160377358490566 0.55 0.8207547169811321 0.55 0.839622641509434 0.5722222222222222 0.8443396226415094 0.5722222222222222 0.8584905660377359 0.5888888888888889 0.8632075471698113 0.5888888888888889 0.8867924528301887 0.6166666666666667 0.8867924528301887 0.6222222222222222 0.8915094339622641 0.6277777777777778 0.8915094339622641 0.6555555555555556 0.8160377358490566 0.7444444444444445 0.8113207547169812 0.7444444444444445 0.8018867924528302 0.7555555555555555 0.7971698113207547 0.7555555555555555 0.7783018867924528 0.7777777777777778 0.7735849056603774 0.7777777777777778 0.7641509433962265 0.7888888888888889 0.7594339622641509 0.7888888888888889 0.7405660377358491 0.8111111111111111 0.7358490566037735 0.8111111111111111 0.7122641509433962 0.8388888888888889 0.7075471698113207 0.8388888888888889 0.6886792452830188 0.8611111111111112 0.6839622641509434 0.8611111111111112 0.6698113207547169 0.8777777777777778 0.6650943396226415 0.8777777777777778 0.6509433962264151 0.8888888888888888 0.6367924528301887 0.8888888888888888 0.6320754716981132 0.8833333333333333 0.6226415094339622 0.8833333333333333 0.6179245283018868 0.8777777777777778 0.6132075471698113 0.8777777777777778 0.5754716981132075 0.8333333333333334 0.5707547169811321 0.8333333333333334 0.5707547169811321 0.8277777777777777 0.5518867924528302 0.8055555555555556 0.5471698113207547 0.8055555555555556 0.5235849056603774 0.7777777777777778 0.5188679245283019 0.7777777777777778 0.5 0.7555555555555555 0.49528301886792453 0.7555555555555555 0.4858490566037736 0.7444444444444445 0.4811320754716981 0.7444444444444445 0.4716981132075472 0.7333333333333333 0.4669811320754717 0.7333333333333333 0.4481132075471698 0.7111111111111111 0.44339622641509435 0.7111111111111111 0.4339622641509434 0.7 0.42924528301886794 0.7 0.330188679245283 0.5833333333333334 0.32547169811320753 0.5833333333333334 0.3113207547169811 0.5666666666666667 0.30660377358490565 0.5666666666666667 0.28773584905660377 0.5444444444444444 0.2830188679245283 0.5444444444444444 0.2783018867924528 0.5388888888888889 0.27358490566037735 0.5388888888888889 0.25 0.5111111111111111 0.24528301886792453 0.5111111111111111 0.2358490566037736 0.5 0.23113207547169812 0.5 0.22169811320754718 0.4888888888888889 0.2169811320754717 0.4888888888888889 0.21226415094339623 0.48333333333333334 0.20754716981132076 0.48333333333333334 0.19339622641509435 0.4666666666666667 0.18867924528301888 0.4666666666666667 0.16981132075471697 0.4444444444444444 0.1650943396226415 0.4444444444444444 0.1509433962264151 0.42777777777777776 0.1509433962264151 0.4222222222222222 0.13679245283018868 0.40555555555555556 0.13679245283018868 0.4 0.1179245283018868 0.37777777777777777 0.1179245283018868 0.37222222222222223 0.05660377358490566 0.3 0.05660377358490566 0.29444444444444445 0.03773584905660377 0.2722222222222222 0.03773584905660377 0.25 0.04716981132075472 0.2388888888888889 0.05660377358490566 0.2388888888888889 0.06132075471698113 0.23333333333333334 0.0660377358490566 0.23333333333333334 0.07075471698113207 0.22777777777777777 0.07547169811320754 0.22777777777777777 0.08018867924528301 0.2222222222222222 0.08962264150943396 0.2222222222222222 0.09433962264150944 0.21666666666666667 0.09905660377358491 0.21666666666666667 0.10377358490566038 0.2111111111111111 0.10849056603773585 0.2111111111111111 0.11320754716981132 0.20555555555555555 0.1179245283018868 0.20555555555555555 0.12264150943396226 0.2 0.12735849056603774 0.2 0.13679245283018868 0.18888888888888888 0.14150943396226415 0.18888888888888888 0.14622641509433962 0.18333333333333332 0.1509433962264151 0.18333333333333332 0.1792452830188679 0.15 0.18396226415094338 0.15 0.22169811320754718 0.10555555555555556 0.22641509433962265 0.10555555555555556 0.24528301886792453 0.08333333333333333 0.25 0.08333333333333333 0.25943396226415094 0.07222222222222222 0.27358490566037735 0.07222222222222222 0.2783018867924528 0.06666666666666667 0.2830188679245283 0.06666666666666667 0.28773584905660377 0.07222222222222222 0.2971698113207547 0.07222222222222222 0.3018867924528302 0.07777777777777778
19 0.6650943396226415 0.7055555555555556 0.6792452830188679 0.7222222222222222 0.6839622641509434 0.7222222222222222 0.6839622641509434 0.7277777777777777 0.6886792452830188 0.7333333333333333 0.6933962264150944 0.7333333333333333 0.6933962264150944 0.7388888888888889 0.7028301886792453 0.75 0.7028301886792453 0.7722222222222223 0.6981132075471698 0.7777777777777778 0.6981132075471698 0.7833333333333333 0.6792452830188679 0.8055555555555556 0.6745283018867925 0.8055555555555556 0.660377358490566 0.8166666666666667 0.6179245283018868 0.8166666666666667 0.6132075471698113 0.8111111111111111 0.6037735849056604 0.8111111111111111 0.5990566037735849 0.8055555555555556 0.5943396226415094 0.8055555555555556 0.589622641509434 0.8 0.589622641509434 0.7888888888888889 0.5849056603773585 0.7833333333333333 0.5849056603773585 0.7722222222222223 0.5801886792452831 0.7666666666666667 0.5801886792452831 0.7555555555555555 0.5849056603773585 0.75 0.5849056603773585 0.7333333333333333 0.5943396226415094 0.7222222222222222 0.5943396226415094 0.7166666666666667 0.5990566037735849 0.7166666666666667 0.6132075471698113 0.7055555555555556 0.6273584905660378 0.7055555555555556 0.6320754716981132 0.7 0.6462264150943396 0.7 0.6509433962264151 0.7055555555555556 0.660377358490566 0.7055555555555556
19 0.3160377358490566 0.15 0.32075471698113206 0.15555555555555556 0.330188679245283 0.15555555555555556 0.33490566037735847 0.16111111111111112 0.33490566037735847 0.16666666666666666 0.3443396226415094 0.18333333333333332 0.3443396226415094 0.23333333333333334 0.33962264150943394 0.2388888888888889 0.330188679245283 0.2388888888888889 0.32547169811320753 0.24444444444444444 0.3160377358490566 0.24444444444444444 0.3113207547169811 0.25 0.2641509433962264 0.25 0.25471698113207547 0.2388888888888889 0.25 0.2388888888888889 0.24528301886792453 0.23333333333333334 0.24528301886792453 0.22777777777777777 0.2358490566037736 0.21666666666666667 0.2358490566037736 0.20555555555555555 0.23113207547169812 0.2 0.23113207547169812 0.18888888888888888 0.24528301886792453 0.17222222222222222 0.25 0.17222222222222222 0.2641509433962264 0.15555555555555556 0.27358490566037735 0.15555555555555556 0.2783018867924528 0.15 0.3113207547169811 0.15
19 0.660377358490566 0.4722222222222222 0.6745283018867925 0.4888888888888889 0.6792452830188679 0.4888888888888889 0.6933962264150944 0.5 0.6933962264150944 0.5111111111111111 0.6981132075471698 0.5166666666666667 0.6981132075471698 0.5277777777777778 0.6933962264150944 0.5333333333333333 0.6933962264150944 0.5388888888888889 0.6745283018867925 0.5611111111111111 0.6698113207547169 0.5611111111111111 0.6650943396226415 0.5666666666666667 0.660377358490566 0.5666666666666667 0.6509433962264151 0.5777777777777777 0.6179245283018868 0.5777777777777777 0.6132075471698113 0.5722222222222222 0.6084905660377359 0.5722222222222222 0.5990566037735849 0.5611111111111111 0.589622641509434 0.5611111111111111 0.589622641509434 0.5444444444444444 0.5849056603773585 0.5388888888888889 0.5849056603773585 0.5222222222222223 0.589622641509434 0.5166666666666667 0.589622641509434 0.5055555555555555 0.6037735849056604 0.4888888888888889 0.6084905660377359 0.4888888888888889 0.6226415094339622 0.4777777777777778 0.6367924528301887 0.4777777777777778 0.6415094339622641 0.4722222222222222 0.6556603773584906 0.4722222222222222