19 0.88 0.04371584699453552 0.9163636363636364 0.04371584699453552 0.92 0.04918032786885246 0.9309090909090909 0.04918032786885246 0.9345454545454546 0.0546448087431694 0.9418181818181818 0.0546448087431694 0.9454545454545454 0.060109289617486336 0.9527272727272728 0.060109289617486336 0.9563636363636364 0.06557377049180328 0.9963636363636363 0.06557377049180328 0.9963636363636363 0.09289617486338798 0.9927272727272727 0.09836065573770492 0.9927272727272727 0.1092896174863388 0.9963636363636363 0.11475409836065574 0.9927272727272727 0.12021857923497267 0.9927272727272727 0.15846994535519127 0.9890909090909091 0.16393442622950818 0.9927272727272727 0.16939890710382513 0.9927272727272727 0.2185792349726776 0.9963636363636363 0.22404371584699453 0.9963636363636363 0.2677595628415301 0.9890909090909091 0.2786885245901639 0.9672727272727273 0.2786885245901639 0.9636363636363636 0.28415300546448086 0.9272727272727272 0.28415300546448086 0.9236363636363636 0.2786885245901639 0.9090909090909091 0.2786885245901639 0.9054545454545454 0.273224043715847 0.8981818181818182 0.273224043715847 0.8872727272727273 0.26229508196721313 0.88 0.26229508196721313 0.8763636363636363 0.2568306010928962 0.8763636363636363 0.2459016393442623 0.8727272727272727 0.24043715846994534 0.8727272727272727 0.20765027322404372 0.8763636363636363 0.20218579234972678 0.8763636363636363 0.15846994535519127 0.88 0.15300546448087432 0.88 0.04918032786885246
19 0.05090909090909091 0.3005464480874317 0.06545454545454546 0.3005464480874317 0.06909090909090909 0.30601092896174864 0.07272727272727272 0.3005464480874317 0.07636363636363637 0.30601092896174864 0.10909090909090909 0.30601092896174864 0.11272727272727273 0.3114754098360656 0.11636363636363636 0.3114754098360656 0.12727272727272726 0.32786885245901637 0.12727272727272726 0.3442622950819672 0.12363636363636364 0.34972677595628415 0.12363636363636364 0.3879781420765027 0.12 0.39344262295081966 0.12 0.40437158469945356 0.11272727272727273 0.4207650273224044 0.11272727272727273 0.43169398907103823 0.10909090909090909 0.4371584699453552 0.10909090909090909 0.44808743169398907 0.10545454545454545 0.453551912568306 0.10545454545454545 0.46994535519125685 0.10181818181818182 0.47540983606557374 0.10181818181818182 0.4808743169398907 0.09454545454545454 0.4972677595628415 0.09454545454545454 0.5191256830601093 0.09090909090909091 0.5245901639344263 0.09090909090909091 0.5300546448087432 0.08363636363636363 0.5409836065573771 0.08363636363636363 0.5573770491803278 0.07272727272727272 0.5573770491803278 0.06909090909090909 0.5519125683060109 0.06181818181818182 0.5519125683060109 0.05818181818181818 0.546448087431694 0.05454545454545454 0.546448087431694 0.04727272727272727 0.5300546448087432 0.04727272727272727 0.5191256830601093 0.04363636363636364 0.5136612021857924 0.04 0.5136612021857924 0.04 0.5027322404371585 0.03636363636363636 0.4972677595628415 0.03272727272727273 0.4972677595628415 0.025454545454545455 0.48633879781420764 0.02181818181818182 0.48633879781420764 0.02181818181818182 0.4808743169398907 0.014545454545454545 0.46994535519125685 0 0.46994535519125685 0 0.3770491803278688 0.0036363636363636364 0.37158469945355194 0 0.366120218579235 0 0.31693989071038253 0.01818181818181818 0.31693989071038253 0.02181818181818182 0.3224043715846995 0.04 0.3224043715846995 0.05090909090909091 0.30601092896174864
19 0.8254545454545454 0 0.88 0 0.8836363636363637 0.00546448087431694 0.9018181818181819 0.00546448087431694 0.9054545454545454 0 0.9854545454545455 0 0.9963636363636363 0.01092896174863388 0.9963636363636363 0.03278688524590164 0.9854545454545455 0.04371584699453552 0.9927272727272727 0.0546448087431694 0.9454545454545454 0.0546448087431694 0.9418181818181818 0.04918032786885246 0.9345454545454546 0.04918032786885246 0.9309090909090909 0.04371584699453552 0.9236363636363636 0.04371584699453552 0.92 0.03825136612021858 0.9054545454545454 0.03825136612021858 0.9018181818181819 0.03278688524590164 0.8981818181818182 0.03825136612021858 0.8836363636363637 0.03825136612021858 0.8763636363636363 0.0546448087431694 0.8763636363636363 0.07103825136612021 0.8727272727272727 0.07650273224043716 0.8690909090909091 0.07650273224043716 0.850909090909091 0.04918032786885246 0.850909090909091 0.04371584699453552 0.8472727272727273 0.03825136612021858 0.8436363636363636 0.03825136612021858 0.8254545454545454 0.01092896174863388 0.8254545454545454 0.00546448087431694
19 0.8363636363636363 0.32786885245901637 0.84 0.3333333333333333 0.8436363636363636 0.3333333333333333 0.8472727272727273 0.33879781420765026 0.850909090909091 0.33879781420765026 0.8545454545454545 0.3442622950819672 0.8654545454545455 0.34972677595628415 0.8690909090909091 0.3551912568306011 0.88 0.36065573770491804 0.8872727272727273 0.37158469945355194 0.8909090909090909 0.37158469945355194 0.8981818181818182 0.3825136612021858 0.9018181818181819 0.3825136612021858 0.9127272727272727 0.3989071038251366 0.9236363636363636 0.40437158469945356 0.9309090909090909 0.41530054644808745 0.9418181818181818 0.41530054644808745 0.9454545454545454 0.4207650273224044 0.9490909090909091 0.4207650273224044 0.9563636363636364 0.43169398907103823 0.9563636363636364 0.44808743169398907 0.9527272727272728 0.453551912568306 0.9527272727272728 0.45901639344262296 0.9490909090909091 0.4644808743169399 0.9490909090909091 0.46994535519125685 0.9418181818181818 0.48633879781420764 0.9418181818181818 0.4972677595628415 0.9381818181818182 0.5027322404371585 0.9381818181818182 0.5081967213114754 0.9309090909090909 0.5191256830601093 0.9309090909090909 0.5245901639344263 0.9272727272727272 0.5300546448087432 0.9236363636363636 0.546448087431694 0.9163636363636364 0.5573770491803278 0.9163636363636364 0.5683060109289617 0.9090909090909091 0.5792349726775956 0.9090909090909091 0.5846994535519126 0.9018181818181819 0.6010928961748634 0.9018181818181819 0.6174863387978142 0.8981818181818182 0.6229508196721312 0.8945454545454545 0.639344262295082 0.88 0.6666666666666666 0.88 0.6775956284153005 0.8690909090909091 0.6939890710382514 0.8654545454545455 0.6939890710382514 0.8581818181818182 0.7049180327868853 0.8545454545454545 0.7049180327868853 0.8436363636363636 0.7213114754098361 0.8472727272727273 0.726775956284153 0.8472727272727273 0.7540983606557377 0.8436363636363636 0.7595628415300546 0.8363636363636363 0.7595628415300546 0.8290909090909091 0.7704918032786885 0.8218181818181818 0.7704918032786885 0.8181818181818182 0.7759562841530054 0.8072727272727273 0.7759562841530054 0.8036363636363636 0.7704918032786885 0.7854545454545454 0.7704918032786885 0.7818181818181819 0.7650273224043715 0.7745454545454545 0.7650273224043715 0.7672727272727272 0.7540983606557377 0.7636363636363637 0.7540983606557377 0.76 0.7486338797814208 0.7527272727272727 0.7486338797814208 0.7418181818181818 0.73224043715847 0.7381818181818182 0.73224043715847 0.730909090909091 0.7213114754098361 0.7236363636363636 0.7213114754098361 0.72 0.7158469945355191 0.7163636363636363 0.7158469945355191 0.7163636363636363 0.7103825136612022 0.7090909090909091 0.6994535519125683 0.7090909090909091 0.6939890710382514 0.6981818181818182 0.6775956284153005 0.6981818181818182 0.644808743169399 0.7018181818181818 0.639344262295082 0.7018181818181818 0.6284153005464481 0.7054545454545454 0.6229508196721312 0.7090909090909091 0.6065573770491803 0.730909090909091 0.5683060109289617 0.730909090909091 0.5628415300546448 0.7345454545454545 0.5573770491803278 0.7345454545454545 0.5519125683060109 0.7381818181818182 0.546448087431694 0.7381818181818182 0.5409836065573771 0.7418181818181818 0.5355191256830601 0.7454545454545455 0.5191256830601093 0.7527272727272727 0.5081967213114754 0.7527272727272727 0.5027322404371585 0.7563636363636363 0.4972677595628415 0.76 0.4808743169398907 0.7709090909090909 0.4644808743169399 0.7745454545454545 0.44808743169398907 0.7818181818181819 0.4371584699453552 0.7818181818181819 0.4262295081967213 0.7890909090909091 0.4098360655737705 0.7890909090909091 0.3989071038251366 0.8036363636363636 0.37158469945355194 0.8036363636363636 0.366120218579235 0.8072727272727273 0.36065573770491804 0.8109090909090909 0.3442622950819672 0.8218181818181818 0.32786885245901637 0.8327272727272728 0.32786885245901637
19 0.4581818181818182 0.4644808743169399 0.4763636363636364 0.4644808743169399 0.48 0.46994535519125685 0.48727272727272725 0.46994535519125685 0.4909090909090909 0.47540983606557374 0.49818181818181817 0.47540983606557374 0.5018181818181818 0.4808743169398907 0.52 0.4808743169398907 0.5236363636363637 0.48633879781420764 0.5309090909090909 0.48633879781420764 0.5345454545454545 0.4918032786885246 0.5418181818181819 0.4918032786885246 0.5527272727272727 0.5027322404371585 0.56 0.5027322404371585 0.5563636363636364 0.5191256830601093 0.5345454545454545 0.5519125683060109 0.509090909090909 0.5519125683060109 0.5054545454545455 0.546448087431694 0.4909090909090909 0.546448087431694 0.48727272727272725 0.5409836065573771 0.4763636363636364 0.5409836065573771 0.4509090909090909 0.5081967213114754 0.4509090909090909 0.4808743169398907 0.4581818181818182 0.46994535519125685
19 0.8690909090909091 0.825136612021858 0.8727272727272727 0.8306010928961749 0.8836363636363637 0.8360655737704918 0.8909090909090909 0.8469945355191257 0.8981818181818182 0.8469945355191257 0.9090909090909091 0.8633879781420765 0.9127272727272727 0.8633879781420765 0.92 0.8743169398907104 0.9236363636363636 0.8743169398907104 0.9309090909090909 0.8852459016393442 0.9345454545454546 0.8852459016393442 0.9527272727272728 0.907103825136612 0.9636363636363636 0.912568306010929 0.9818181818181818 0.9344262295081968 0.9818181818181818 0.9398907103825137 0.9854545454545455 0.9453551912568307 0.9854545454545455 0.9562841530054644 0.9890909090909091 0.9617486338797814 0.9890909090909091 0.9781420765027322 0.9854545454545455 0.9836065573770492 0.9854545454545455 0.9890710382513661 0.9818181818181818 0.9890710382513661 0.9781818181818182 0.994535519125683 0.8981818181818182 0.994535519125683 0.88 0.9726775956284153 0.8690909090909091 0.9672131147540983 0.8618181818181818 0.9562841530054644 0.8581818181818182 0.9562841530054644 0.8545454545454545 0.9508196721311475 0.8436363636363636 0.9453551912568307 0.8363636363636363 0.9344262295081968 0.8327272727272728 0.9344262295081968 0.8181818181818182 0.912568306010929 0.8181818181818182 0.8907103825136612 0.8218181818181818 0.8852459016393442 0.8218181818181818 0.8743169398907104 0.8290909090909091 0.8633879781420765 0.8290909090909091 0.8579234972677595 0.8363636363636363 0.8469945355191257 0.8363636363636363 0.8415300546448088 0.850909090909091 0.819672131147541 0.8618181818181818 0.819672131147541 0.8654545454545455 0.825136612021858
19 0.6218181818181818 0.30601092896174864 0.6218181818181818 0.2786885245901639 0.6254545454545455 0.273224043715847 0.6254545454545455 0.23497267759562843 0.6290909090909091 0.22950819672131148 0.6290909090909091 0.2185792349726776 0.6363636363636364 0.20765027322404372 0.64 0.1912568306010929 0.6509090909090909 0.17486338797814208 0.6618181818181819 0.17486338797814208 0.6654545454545454 0.18032786885245902 0.6654545454545454 0.18579234972677597 0.7090909090909091 0.25136612021857924 0.7090909090909091 0.2568306010928962 0.7163636363636363 0.273224043715847 0.7127272727272728 0.2786885245901639 0.7163636363636363 0.28415300546448086 0.7163636363636363 0.2896174863387978 0.72 0.29508196721311475 0.72 0.30601092896174864 0.7272727272727273 0.3224043715846995 0.7272727272727273 0.3442622950819672 0.7236363636363636 0.34972677595628415 0.7054545454545454 0.34972677595628415 0.7018181818181818 0.3442622950819672 0.6872727272727273 0.3442622950819672 0.6836363636363636 0.33879781420765026 0.6618181818181819 0.33879781420765026 0.6581818181818182 0.3333333333333333 0.6509090909090909 0.3333333333333333 0.6436363636363637 0.3224043715846995 0.64 0.3224043715846995 0.6327272727272727 0.3114754098360656 0.6290909090909091 0.3114754098360656 0.6254545454545455 0.30601092896174864
19 0.2909090909090909 0.28415300546448086 0.29454545454545455 0.2896174863387978 0.3018181818181818 0.2896174863387978 0.3054545454545455 0.29508196721311475 0.32727272727272727 0.29508196721311475 0.3381818181818182 0.30601092896174864 0.3709090909090909 0.30601092896174864 0.37454545454545457 0.3114754098360656 0.37454545454545457 0.3224043715846995 0.3709090909090909 0.32786885245901637 0.3709090909090909 0.3442622950819672 0.36727272727272725 0.34972677595628415 0.36727272727272725 0.3770491803278688 0.36363636363636365 0.3825136612021858 0.36363636363636365 0.39344262295081966 0.36 0.3989071038251366 0.36 0.4207650273224044 0.36727272727272725 0.43169398907103823 0.3709090909090909 0.43169398907103823 0.38181818181818183 0.4426229508196721 0.38181818181818183 0.45901639344262296 0.3781818181818182 0.4644808743169399 0.3781818181818182 0.4918032786885246 0.37454545454545457 0.4972677595628415 0.37454545454545457 0.5081967213114754 0.36363636363636365 0.5081967213114754 0.36 0.5027322404371585 0.3490909090909091 0.5027322404371585 0.34545454545454546 0.4972677595628415 0.3381818181818182 0.4972677595628415 0.33454545454545453 0.4918032786885246 0.32727272727272727 0.4918032786885246 0.3236363636363636 0.48633879781420764 0.32 0.48633879781420764 0.31272727272727274 0.47540983606557374 0.3054545454545455 0.47540983606557374 0.3018181818181818 0.46994535519125685 0.2909090909090909 0.46994535519125685 0.2872727272727273 0.4644808743169399 0.27636363636363637 0.4644808743169399 0.2727272727272727 0.45901639344262296 0.26545454545454544 0.45901639344262296 0.26181818181818184 0.453551912568306 0.2509090909090909 0.44808743169398907 0.2509090909090909 0.4371584699453552 0.24727272727272728 0.43169398907103823 0.24727272727272728 0.4262295081967213 0.2509090909090909 0.4207650273224044 0.24727272727272728 0.41530054644808745 0.24727272727272728 0.40437158469945356 0.2509090909090909 0.3989071038251366 0.2509090909090909 0.36065573770491804 0.26181818181818184 0.3442622950819672 0.26181818181818184 0.3333333333333333 0.2690909090909091 0.3224043715846995 0.26545454545454544 0.31693989071038253 0.26181818181818184 0.31693989071038253 0.26545454545454544 0.3114754098360656 0.26181818181818184 0.30601092896174864 0.2581818181818182 0.30601092896174864 0.2545454545454545 0.3005464480874317 0.2545454545454545 0.29508196721311475 0.26181818181818184 0.28415300546448086 0.2872727272727273 0.28415300546448086
19 0.01818181818181818 0.4918032786885246 0.02181818181818182 0.4972677595628415 0.025454545454545455 0.4972677595628415 0.025454545454545455 0.5027322404371585 0.03636363636363636 0.5136612021857924 0.03636363636363636 0.5245901639344263 0.04363636363636364 0.5355191256830601 0.04363636363636364 0.546448087431694 0.05090909090909091 0.5573770491803278 0.05818181818181818 0.5573770491803278 0.06181818181818182 0.5628415300546448 0.07272727272727272 0.5628415300546448 0.07636363636363637 0.5683060109289617 0.07636363636363637 0.5956284153005464 0.08363636363636363 0.6065573770491803 0.08727272727272728 0.6065573770491803 0.09090909090909091 0.6120218579234973 0.09454545454545454 0.6120218579234973 0.10181818181818182 0.6229508196721312 0.10545454545454545 0.6229508196721312 0.11272727272727273 0.639344262295082 0.10545454545454545 0.6502732240437158 0.10181818181818182 0.6502732240437158 0.09818181818181818 0.6557377049180327 0.10181818181818182 0.6612021857923497 0.09818181818181818 0.6775956284153005 0.09090909090909091 0.6885245901639344 0.08363636363636363 0.6885245901639344 0.07636363636363637 0.6994535519125683 0.07636363636363637 0.7103825136612022 0.07272727272727272 0.7158469945355191 0.04727272727272727 0.7158469945355191 0.04363636363636364 0.7103825136612022 0.04363636363636364 0.6939890710382514 0.04 0.6885245901639344 0.04 0.6612021857923497 0.03636363636363636 0.6557377049180327 0.03636363636363636 0.6338797814207651 0.03272727272727273 0.6284153005464481 0.025454545454545455 0.6284153005464481 0.02181818181818182 0.6338797814207651 0.02181818181818182 0.6065573770491803 0.01818181818181818 0.6010928961748634 0.01818181818181818 0.5901639344262295 0.01090909090909091 0.5792349726775956 0.01090909090909091 0.5683060109289617 0.007272727272727273 0.5628415300546448 0.007272727272727273 0.5573770491803278 0 0.5409836065573771 0 0.4972677595628415 0.007272727272727273 0.4972677595628415 0.01090909090909091 0.4918032786885246 0.014545454545454545 0.4918032786885246
19 0.2109090909090909 0.453551912568306 0.22181818181818183 0.44808743169398907 0.22545454545454546 0.453551912568306 0.24 0.453551912568306 0.24363636363636362 0.45901639344262296 0.2509090909090909 0.45901639344262296 0.2545454545454545 0.4644808743169399 0.26545454545454544 0.4644808743169399 0.2690909090909091 0.46994535519125685 0.28 0.46994535519125685 0.28363636363636363 0.47540983606557374 0.29454545454545455 0.47540983606557374 0.29818181818181816 0.4808743169398907 0.3054545454545455 0.4808743169398907 0.3090909090909091 0.48633879781420764 0.31272727272727274 0.48633879781420764 0.3236363636363636 0.4972677595628415 0.33090909090909093 0.4972677595628415 0.33454545454545453 0.5027322404371585 0.3418181818181818 0.5027322404371585 0.34545454545454546 0.5081967213114754 0.3563636363636364 0.5081967213114754 0.36 0.5136612021857924 0.36727272727272725 0.5136612021857924 0.3709090909090909 0.5191256830601093 0.3781818181818182 0.5191256830601093 0.3890909090909091 0.5300546448087432 0.39636363636363636 0.5300546448087432 0.4 0.5355191256830601 0.4072727272727273 0.5355191256830601 0.4109090909090909 0.5409836065573771 0.41818181818181815 0.5409836065573771 0.4218181818181818 0.546448087431694 0.43272727272727274 0.546448087431694 0.43636363636363634 0.5519125683060109 0.44 0.5519125683060109 0.4509090909090909 0.5628415300546448 0.4509090909090909 0.5846994535519126 0.44727272727272727 0.5901639344262295 0.44727272727272727 0.6174863387978142 0.44363636363636366 0.6229508196721312 0.44363636363636366 0.639344262295082 0.44 0.644808743169399 0.44 0.6502732240437158 0.43272727272727274 0.6612021857923497 0.43272727272727274 0.6666666666666666 0.4290909090909091 0.6721311475409836 0.4290909090909091 0.6830601092896175 0.4218181818181818 0.6994535519125683 0.4072727272727273 0.6994535519125683 0.4036363636363636 0.6939890710382514 0.39636363636363636 0.6939890710382514 0.3927272727272727 0.6885245901639344 0.38545454545454544 0.6885245901639344 0.3781818181818182 0.6775956284153005 0.37454545454545457 0.6775956284153005 0.36363636363636365 0.6666666666666666 0.3527272727272727 0.6666666666666666 0.3490909090909091 0.6612021857923497 0.32 0.6612021857923497 0.31636363636363635 0.6557377049180327 0.29454545454545455 0.6557377049180327 0.2909090909090909 0.6502732240437158 0.2872727272727273 0.6502732240437158 0.27636363636363637 0.6338797814207651 0.2727272727272727 0.6338797814207651 0.26181818181818184 0.6229508196721312 0.2545454545454545 0.6229508196721312 0.2509090909090909 0.6174863387978142 0.24363636363636362 0.6174863387978142 0.24 0.6120218579234973 0.2290909090909091 0.6120218579234973 0.22545454545454546 0.6065573770491803 0.21454545454545454 0.6065573770491803 0.2109090909090909 0.6010928961748634 0.20727272727272728 0.6010928961748634 0.20363636363636364 0.5956284153005464 0.19272727272727272 0.5901639344262295 0.19272727272727272 0.5409836065573771 0.2 0.5245901639344263 0.2 0.5081967213114754 0.20363636363636364 0.5027322404371585 0.20363636363636364 0.4918032786885246 0.20727272727272728 0.48633879781420764 0.20727272727272728 0.4644808743169399 0.2109090909090909 0.45901639344262296
19 0.4509090909090909 0 0.5454545454545454 0 0.5454545454545454 0.00546448087431694 0.5490909090909091 0.01092896174863388 0.5490909090909091 0.02185792349726776 0.5454545454545454 0.0273224043715847 0.5490909090909091 0.03278688524590164 0.5490909090909091 0.06557377049180328 0.5563636363636364 0.07650273224043716 0.56 0.07650273224043716 0.5636363636363636 0.08196721311475409 0.5672727272727273 0.08196721311475409 0.5781818181818181 0.09289617486338798 0.5818181818181818 0.09289617486338798 0.5781818181818181 0.09289617486338798 0.5745454545454546 0.08743169398907104 0.5672727272727273 0.08743169398907104 0.56 0.07650273224043716 0.5527272727272727 0.07650273224043716 0.5418181818181819 0.060109289617486336 0.5272727272727272 0.060109289617486336 0.5236363636363637 0.0546448087431694 0.52 0.0546448087431694 0.5163636363636364 0.04918032786885246 0.5127272727272727 0.04918032786885246 0.509090909090909 0.04371584699453552 0.5054545454545455 0.04371584699453552 0.5018181818181818 0.03825136612021858 0.4909090909090909 0.03278688524590164 0.48 0.01639344262295082 0.4763636363636364 0.01639344262295082 0.4727272727272727 0.01092896174863388 0.46545454545454545 0.01092896174863388 0.4581818181818182 0 0.45454545454545453 0
19 0.7781818181818182 0 0.7890909090909091 0.01639344262295082 0.7927272727272727 0.01639344262295082 0.8254545454545454 0.06557377049180328 0.8290909090909091 0.06557377049180328 0.8290909090909091 0.07103825136612021 0.8363636363636363 0.08196721311475409 0.8363636363636363 0.08743169398907104 0.8327272727272728 0.09289617486338798 0.8327272727272728 0.09836065573770492 0.8290909090909091 0.09836065573770492 0.8254545454545454 0.10382513661202186 0.8254545454545454 0.1092896174863388 0.8218181818181818 0.1092896174863388 0.8181818181818182 0.11475409836065574 0.8181818181818182 0.12021857923497267 0.8145454545454546 0.12021857923497267 0.8072727272727273 0.13114754098360656 0.8036363636363636 0.13114754098360656 0.7963636363636364 0.14207650273224043 0.7927272727272727 0.14207650273224043 0.7854545454545454 0.15846994535519127 0.7745454545454545 0.16393442622950818 0.7563636363636363 0.1912568306010929 0.7527272727272727 0.1912568306010929 0.7418181818181818 0.20765027322404372 0.7381818181818182 0.20765027322404372 0.7236363636363636 0.22950819672131148 0.72 0.22950819672131148 0.7127272727272728 0.24043715846994534 0.7090909090909091 0.24043715846994534 0.6727272727272727 0.18579234972677597 0.6727272727272727 0.18032786885245902 0.6581818181818182 0.15846994535519127 0.6545454545454545 0.15846994535519127 0.6036363636363636 0.08196721311475409 0.6036363636363636 0.0546448087431694 0.6072727272727273 0.04918032786885246 0.6072727272727273 0.04371584699453552 0.6218181818181818 0.02185792349726776 0.6254545454545455 0.02185792349726776 0.6290909090909091 0.01639344262295082 0.6327272727272727 0.01639344262295082 0.6436363636363637 0.00546448087431694 0.6618181818181819 0.00546448087431694 0.6654545454545454 0.01092896174863388 0.6763636363636364 0.01639344262295082 0.6836363636363636 0.0273224043715847 0.6872727272727273 0.0273224043715847 0.6981818181818182 0.03825136612021858 0.7018181818181818 0.03278688524590164 0.7163636363636363 0.03278688524590164 0.7236363636363636 0.01639344262295082 0.7272727272727273 0.01639344262295082 0.7345454545454545 0.00546448087431694 0.7454545454545455 0.00546448087431694 0.7490909090909091 0 0.7745454545454545 0
19 0 0.546448087431694 0.0036363636363636364 0.546448087431694 0.007272727272727273 0.5519125683060109 0.007272727272727273 0.5573770491803278 0.014545454545454545 0.5737704918032787 0.014545454545454545 0.5846994535519126 0.02181818181818182 0.5956284153005464 0.02181818181818182 0.6065573770491803 0.02909090909090909 0.6174863387978142 0.02909090909090909 0.6229508196721312 0.03272727272727273 0.6284153005464481 0.03272727272727273 0.6338797814207651 0.03636363636363636 0.639344262295082 0.03636363636363636 0.644808743169399 0.04363636363636364 0.6612021857923497 0.04363636363636364 0.6666666666666666 0.04 0.6721311475409836 0.04 0.7049180327868853 0.04363636363636364 0.7103825136612022 0.04363636363636364 0.7213114754098361 0.04727272727272727 0.726775956284153 0.04727272727272727 0.7377049180327869 0.04363636363636364 0.7431693989071039 0.04 0.7431693989071039 0.02909090909090909 0.7595628415300546 0.02181818181818182 0.7595628415300546 0.014545454545454545 0.7704918032786885 0.014545454545454545 0.7923497267759563 0.02181818181818182 0.8032786885245902 0.025454545454545455 0.8032786885245902 0.02181818181818182 0.8087431693989071 0.01818181818181818 0.8087431693989071 0.014545454545454545 0.8142076502732241 0.014545454545454545 0.819672131147541 0.007272727272727273 0.819672131147541 0.0036363636363636364 0.825136612021858 0 0.825136612021858 0 0.7486338797814208 0.0036363636363636364 0.7431693989071039 0 0.7377049180327869 0 0.73224043715847 0.0036363636363636364 0.726775956284153 0.0036363636363636364 0.7049180327868853 0 0.6994535519125683 0 0.5519125683060109
19 0.38545454545454544 0.4426229508196721 0.4036363636363636 0.4426229508196721 0.4072727272727273 0.44808743169398907 0.4254545454545455 0.44808743169398907 0.4290909090909091 0.453551912568306 0.44 0.453551912568306 0.44727272727272727 0.4644808743169399 0.44727272727272727 0.48633879781420764 0.44363636363636366 0.4918032786885246 0.44363636363636366 0.4972677595628415 0.44727272727272727 0.5027322404371585 0.44727272727272727 0.5300546448087432 0.44363636363636366 0.5355191256830601 0.41818181818181815 0.5355191256830601 0.41454545454545455 0.5300546448087432 0.4036363636363636 0.5300546448087432 0.4 0.5245901639344263 0.3927272727272727 0.5245901639344263 0.3890909090909091 0.5191256830601093 0.3781818181818182 0.5136612021857924 0.3781818181818182 0.5027322404371585 0.38181818181818183 0.4972677595628415 0.38181818181818183 0.46994535519125685 0.38545454545454544 0.4644808743169399 0.38545454545454544 0.44808743169398907
19 0.44727272727272727 0.9781420765027322 0.44727272727272727 0.9672131147540983 0.44363636363636366 0.9617486338797814 0.44363636363636366 0.9508196721311475 0.44 0.9453551912568307 0.44 0.9398907103825137 0.43636363636363634 0.9344262295081968 0.43272727272727274 0.9344262295081968 0.41454545454545455 0.907103825136612 0.41454545454545455 0.8907103825136612 0.38545454545454544 0.8469945355191257 0.38545454545454544 0.8415300546448088 0.38181818181818183 0.8360655737704918 0.38181818181818183 0.8142076502732241 0.4109090909090909 0.7704918032786885 0.41454545454545455 0.7704918032786885 0.4218181818181818 0.7595628415300546 0.4218181818181818 0.7540983606557377 0.44727272727272727 0.7158469945355191 0.4509090909090909 0.7158469945355191 0.45454545454545453 0.7103825136612022 0.4618181818181818 0.7103825136612022 0.46545454545454545 0.7049180327868853 0.4690909090909091 0.7049180327868853 0.4727272727272727 0.6994535519125683 0.48363636363636364 0.6939890710382514 0.48727272727272725 0.6885245901639344 0.49818181818181817 0.6885245901639344 0.5018181818181818 0.6939890710382514 0.5018181818181818 0.7049180327868853 0.5236363636363637 0.7431693989071039 0.5236363636363637 0.7486338797814208 0.5309090909090909 0.7595628415300546 0.5309090909090909 0.7650273224043715 0.5454545454545454 0.7868852459016393 0.5490909090909091 0.8032786885245902 0.5745454545454546 0.8415300546448088 0.5745454545454546 0.8469945355191257 0.5927272727272728 0.8743169398907104 0.5927272727272728 0.8797814207650273 0.6036363636363636 0.8961748633879781 0.6036363636363636 0.9016393442622951 0.6072727272727273 0.907103825136612 0.6072727272727273 0.9234972677595629 0.6036363636363636 0.9289617486338798 0.6036363636363636 0.9398907103825137 0.5854545454545454 0.9672131147540983 0.5854545454545454 0.9726775956284153 0.5818181818181818 0.9726775956284153 0.5781818181818181 0.9781420765027322 0.5781818181818181 0.9836065573770492 0.5745454545454546 0.9836065573770492 0.5709090909090909 0.9890710382513661 0.5490909090909091 0.9890710382513661 0.5454545454545454 0.994535519125683 0.5418181818181819 0.9890710382513661 0.5309090909090909 0.9890710382513661 0.5272727272727272 0.9836065573770492 0.5163636363636364 0.9890710382513661 0.5127272727272727 0.9836065573770492 0.4763636363636364 0.9836065573770492 0.4727272727272727 0.9781420765027322 0.4690909090909091 0.9836065573770492 0.45454545454545453 0.9836065573770492 0.4509090909090909 0.9781420765027322
19 0.6763636363636364 0.6557377049180327 0.6872727272727273 0.6721311475409836 0.6872727272727273 0.6775956284153005 0.6909090909090909 0.6830601092896175 0.6909090909090909 0.6994535519125683 0.7018181818181818 0.7158469945355191 0.7054545454545454 0.7158469945355191 0.7090909090909091 0.7213114754098361 0.7090909090909091 0.73224043715847 0.72 0.7486338797814208 0.7163636363636363 0.7540983606557377 0.7163636363636363 0.7759562841530054 0.7127272727272728 0.7814207650273224 0.7127272727272728 0.7868852459016393 0.7018181818181818 0.8032786885245902 0.7018181818181818 0.8142076502732241 0.6981818181818182 0.819672131147541 0.6981818181818182 0.8306010928961749 0.6945454545454546 0.8360655737704918 0.6945454545454546 0.8524590163934426 0.68 0.8743169398907104 0.6763636363636364 0.8743169398907104 0.6727272727272727 0.8797814207650273 0.6727272727272727 0.8852459016393442 0.6690909090909091 0.8907103825136612 0.6690909090909091 0.9016393442622951 0.6618181818181819 0.9016393442622951 0.6581818181818182 0.8961748633879781 0.6509090909090909 0.8961748633879781 0.6472727272727272 0.9016393442622951 0.6145454545454545 0.9016393442622951 0.6036363636363636 0.8852459016393442 0.6036363636363636 0.8797814207650273 0.5890909090909091 0.8579234972677595 0.5890909090909091 0.8524590163934426 0.5563636363636364 0.8032786885245902 0.5563636363636364 0.7978142076502732 0.5527272727272727 0.7923497267759563 0.5563636363636364 0.7868852459016393 0.5563636363636364 0.7814207650273224 0.5672727272727273 0.7650273224043715 0.5672727272727273 0.7595628415300546 0.5709090909090909 0.7540983606557377 0.5745454545454546 0.7540983606557377 0.5781818181818181 0.7486338797814208 0.5890909090909091 0.7431693989071039 0.5963636363636363 0.73224043715847 0.6072727272727273 0.726775956284153 0.6254545454545455 0.6994535519125683 0.6254545454545455 0.6939890710382514 0.6327272727272727 0.6830601092896175 0.6363636363636364 0.6830601092896175 0.64 0.6775956284153005 0.6436363636363637 0.6775956284153005 0.6545454545454545 0.6666666666666666 0.6618181818181819 0.6666666666666666 0.6654545454545454 0.6612021857923497 0.6727272727272727 0.6612021857923497
19 0.10181818181818182 0.8743169398907104 0.10545454545454545 0.8797814207650273 0.10909090909090909 0.8797814207650273 0.11636363636363636 0.8907103825136612 0.12 0.8907103825136612 0.12363636363636364 0.8961748633879781 0.13454545454545455 0.9016393442622951 0.14545454545454545 0.9180327868852459 0.14909090909090908 0.9180327868852459 0.15636363636363637 0.9289617486338798 0.15636363636363637 0.9453551912568307 0.15272727272727274 0.9508196721311475 0.14909090909090908 0.9672131147540983 0.14181818181818182 0.9781420765027322 0.14181818181818182 0.9890710382513661 0.13818181818181818 0.994535519125683 0.12 0.994535519125683 0.11636363636363636 0.9890710382513661 0.09818181818181818 0.9890710382513661 0.09454545454545454 0.994535519125683 0.08 0.994535519125683 0.07636363636363637 0.9890710382513661 0.05818181818181818 0.9890710382513661 0.05454545454545454 0.994535519125683 0.02909090909090909 0.994535519125683 0.03272727272727273 0.9781420765027322 0.03636363636363636 0.9781420765027322 0.04 0.9726775956284153 0.04 0.9672131147540983 0.05454545454545454 0.9453551912568307 0.05454545454545454 0.9398907103825137 0.08 0.9016393442622951 0.08 0.8961748633879781 0.09090909090909091 0.8797814207650273 0.09454545454545454 0.8743169398907104 0.09818181818181818 0.8743169398907104
19 0.23636363636363636 0.6612021857923497 0.24 0.6666666666666666 0.3090909090909091 0.6666666666666666 0.31272727272727274 0.6721311475409836 0.3490909090909091 0.6721311475409836 0.3527272727272727 0.6775956284153005 0.36363636363636365 0.6775956284153005 0.3781818181818182 0.6994535519125683 0.38181818181818183 0.6994535519125683 0.38545454545454544 0.7049180327868853 0.38545454545454544 0.7759562841530054 0.38181818181818183 0.7814207650273224 0.38181818181818183 0.7923497267759563 0.3781818181818182 0.7978142076502732 0.3781818181818182 0.8087431693989071 0.3709090909090909 0.825136612021858 0.37454545454545457 0.8306010928961749 0.37454545454545457 0.8524590163934426 0.3709090909090909 0.8579234972677595 0.37454545454545457 0.8633879781420765 0.3709090909090909 0.8688524590163934 0.3781818181818182 0.8852459016393442 0.37454545454545457 0.8907103825136612 0.3709090909090909 0.8907103825136612 0.36727272727272725 0.8961748633879781 0.36727272727272725 0.9016393442622951 0.3527272727272727 0.9016393442622951 0.3490909090909091 0.8961748633879781 0.33454545454545453 0.8961748633879781 0.33090909090909093 0.8907103825136612 0.32 0.8907103825136612 0.31636363636363635 0.8961748633879781 0.29454545454545455 0.8961748633879781 0.2909090909090909 0.8907103825136612 0.2581818181818182 0.8907103825136612 0.2545454545454545 0.8961748633879781 0.22545454545454546 0.8961748633879781 0.22181818181818183 0.8907103825136612 0.17454545454545456 0.8907103825136612 0.1709090909090909 0.8852459016393442 0.1709090909090909 0.825136612021858 0.17454545454545456 0.819672131147541 0.17454545454545456 0.7814207650273224 0.1781818181818182 0.7759562841530054 0.1781818181818182 0.7595628415300546 0.17454545454545456 0.7540983606557377 0.17454545454545456 0.6721311475409836 0.1781818181818182 0.6666666666666666 0.1890909090909091 0.6666666666666666 0.19272727272727272 0.6612021857923497 0.23272727272727273 0.6612021857923497
19 0.05454545454545454 0.00546448087431694 0.06181818181818182 0.01639344262295082 0.07636363636363637 0.01639344262295082 0.08727272727272728 0.00546448087431694 0.09090909090909091 0.01092896174863388 0.09454545454545454 0.00546448087431694 0.10181818181818182 0.00546448087431694 0.10545454545454545 0 0.17454545454545456 0 0.18181818181818182 0.01092896174863388 0.18181818181818182 0.04371584699453552 0.1781818181818182 0.04918032786885246 0.1781818181818182 0.0546448087431694 0.17454545454545456 0.060109289617486336 0.1709090909090909 0.07650273224043716 0.16363636363636364 0.08743169398907104 0.16727272727272727 0.09289617486338798 0.16727272727272727 0.1092896174863388 0.16363636363636364 0.11475409836065574 0.16363636363636364 0.12568306010928962 0.16 0.13114754098360656 0.16 0.1366120218579235 0.15636363636363637 0.14207650273224043 0.15272727272727274 0.15846994535519127 0.13818181818181818 0.18579234972677597 0.13818181818181818 0.1912568306010929 0.13454545454545455 0.1912568306010929 0.12727272727272726 0.20218579234972678 0.12727272727272726 0.20765027322404372 0.11272727272727273 0.22950819672131148 0.11272727272727273 0.23497267759562843 0.10909090909090909 0.24043715846994534 0.09454545454545454 0.24043715846994534 0.09090909090909091 0.23497267759562843 0.08363636363636363 0.23497267759562843 0.08 0.22950819672131148 0.07272727272727272 0.22950819672131148 0.06909090909090909 0.22404371584699453 0.06181818181818182 0.22404371584699453 0.05818181818181818 0.2185792349726776 0.05090909090909091 0.2185792349726776 0.04 0.20765027322404372 0.02181818181818182 0.20765027322404372 0.014545454545454545 0.19672131147540983 0.01090909090909091 0.19672131147540983 0 0.18032786885245902 0 0.16393442622950818 0.01090909090909091 0.14754098360655737 0.01090909090909091 0.1366120218579235 0 0.12021857923497267 0 0.08196721311475409 0.0036363636363636364 0.07650273224043716 0 0.07103825136612021 0.0036363636363636364 0.06557377049180328 0 0.060109289617486336 0 0.03825136612021858 0.0036363636363636364 0.03278688524590164 0.0036363636363636364 0.02185792349726776 0.014545454545454545 0.01092896174863388 0.04363636363636364 0.01092896174863388 0.04727272727272727 0.00546448087431694 0.05090909090909091 0.00546448087431694
19 0.21454545454545454 0.6612021857923497 0.21818181818181817 0.6666666666666666 0.22181818181818183 0.6612021857923497 0.24 0.6612021857923497 0.24363636363636362 0.6666666666666666 0.2690909090909091 0.6666666666666666 0.2727272727272727 0.6612021857923497 0.28 0.6612021857923497 0.28363636363636363 0.6666666666666666 0.3090909090909091 0.6666666666666666 0.31272727272727274 0.6721311475409836 0.3563636363636364 0.6721311475409836 0.36 0.6775956284153005 0.36363636363636365 0.6775956284153005 0.37454545454545457 0.6939890710382514 0.38545454545454544 0.6994535519125683 0.38545454545454544 0.7759562841530054 0.37454545454545457 0.7868852459016393 0.3709090909090909 0.7868852459016393 0.36727272727272725 0.7814207650273224 0.36363636363636365 0.7868852459016393 0.36 0.7868852459016393 0.3563636363636364 0.7814207650273224 0.31272727272727274 0.7814207650273224 0.3090909090909091 0.7759562841530054 0.27636363636363637 0.7759562841530054 0.2727272727272727 0.7704918032786885 0.26545454545454544 0.7704918032786885 0.26181818181818184 0.7759562841530054 0.24727272727272728 0.7759562841530054 0.24363636363636362 0.7704918032786885 0.22545454545454546 0.7704918032786885 0.22181818181818183 0.7759562841530054 0.21818181818181817 0.7759562841530054 0.21454545454545454 0.7704918032786885 0.19272727272727272 0.7704918032786885 0.1890909090909091 0.7650273224043715 0.1781818181818182 0.7650273224043715 0.17454545454545456 0.7595628415300546 0.17454545454545456 0.7486338797814208 0.1709090909090909 0.7431693989071039 0.1709090909090909 0.73224043715847 0.17454545454545456 0.726775956284153 0.17454545454545456 0.7213114754098361 0.1709090909090909 0.7158469945355191 0.1709090909090909 0.6775956284153005 0.1781818181818182 0.6666666666666666 0.18181818181818182 0.6666666666666666 0.18545454545454546 0.6612021857923497 0.2109090909090909 0.6612021857923497
19 0.16727272727272727 0.273224043715847 0.1709090909090909 0.2786885245901639 0.17454545454545456 0.2786885245901639 0.1781818181818182 0.28415300546448086 0.18181818181818182 0.28415300546448086 0.19272727272727272 0.29508196721311475 0.2109090909090909 0.29508196721311475 0.21454545454545454 0.3005464480874317 0.22181818181818183 0.3005464480874317 0.23272727272727273 0.3114754098360656 0.24 0.3114754098360656 0.24727272727272728 0.3224043715846995 0.2545454545454545 0.3224043715846995 0.2581818181818182 0.32786885245901637 0.2581818181818182 0.3442622950819672 0.24727272727272728 0.3551912568306011 0.24727272727272728 0.3879781420765027 0.24363636363636362 0.39344262295081966 0.24363636363636362 0.40437158469945356 0.24 0.4098360655737705 0.24 0.4262295081967213 0.23636363636363636 0.43169398907103823 0.23636363636363636 0.4371584699453552 0.21818181818181817 0.4371584699453552 0.21454545454545454 0.4426229508196721 0.2109090909090909 0.4426229508196721 0.20363636363636364 0.453551912568306 0.20363636363636364 0.4644808743169399 0.2 0.46994535519125685 0.2 0.4918032786885246 0.19636363636363635 0.4972677595628415 0.19636363636363635 0.5081967213114754 0.19272727272727272 0.5136612021857924 0.19272727272727272 0.5300546448087432 0.1890909090909091 0.5355191256830601 0.1890909090909091 0.5519125683060109 0.18545454545454546 0.5573770491803278 0.18545454545454546 0.5846994535519126 0.2 0.6065573770491803 0.2 0.6229508196721312 0.19636363636363635 0.6284153005464481 0.19636363636363635 0.6338797814207651 0.1890909090909091 0.644808743169399 0.18545454545454546 0.644808743169399 0.18181818181818182 0.639344262295082 0.1709090909090909 0.639344262295082 0.16727272727272727 0.6338797814207651 0.16 0.6338797814207651 0.15636363636363637 0.6284153005464481 0.14909090909090908 0.6284153005464481 0.14545454545454545 0.6229508196721312 0.13454545454545455 0.6229508196721312 0.13090909090909092 0.6174863387978142 0.12363636363636364 0.6174863387978142 0.12 0.6120218579234973 0.11272727272727273 0.6120218579234973 0.10909090909090909 0.6065573770491803 0.10181818181818182 0.6065573770491803 0.09818181818181818 0.6010928961748634 0.09090909090909091 0.6010928961748634 0.08363636363636363 0.5901639344262295 0.08363636363636363 0.5792349726775956 0.08727272727272728 0.5737704918032787 0.08727272727272728 0.5573770491803278 0.09090909090909091 0.5519125683060109 0.09090909090909091 0.5409836065573771 0.09818181818181818 0.5245901639344263 0.09818181818181818 0.5081967213114754 0.10181818181818182 0.5027322404371585 0.10181818181818182 0.4918032786885246 0.10909090909090909 0.47540983606557374 0.10909090909090909 0.4644808743169399 0.11272727272727273 0.45901639344262296 0.11272727272727273 0.44808743169398907 0.11636363636363636 0.4426229508196721 0.11636363636363636 0.43169398907103823 0.12363636363636364 0.41530054644808745 0.12363636363636364 0.3989071038251366 0.12727272727272726 0.39344262295081966 0.12727272727272726 0.3825136612021858 0.13090909090909092 0.3770491803278688 0.13090909090909092 0.366120218579235 0.13454545454545455 0.36065573770491804 0.13454545454545455 0.34972677595628415 0.13818181818181818 0.3442622950819672 0.13818181818181818 0.32786885245901637 0.14181818181818182 0.3224043715846995 0.14181818181818182 0.3005464480874317 0.14545454545454545 0.29508196721311475 0.14545454545454545 0.28415300546448086 0.15272727272727274 0.273224043715847 0.16363636363636364 0.273224043715847
19 0.06181818181818182 0.8142076502732241 0.08727272727272728 0.8469945355191257 0.08727272727272728 0.8688524590163934 0.08363636363636363 0.8743169398907104 0.08 0.8907103825136612 0.06909090909090909 0.907103825136612 0.06909090909090909 0.912568306010929 0.04727272727272727 0.9453551912568307 0.04727272727272727 0.9508196721311475 0.04363636363636364 0.9508196721311475 0.04 0.9562841530054644 0.04 0.9617486338797814 0.025454545454545455 0.9836065573770492 0.025454545454545455 0.9890710382513661 0.0036363636363636364 0.9890710382513661 0 0.9836065573770492 0 0.9672131147540983 0.0036363636363636364 0.9617486338797814 0.0036363636363636364 0.9398907103825137 0 0.9344262295081968 0 0.9016393442622951 0.0036363636363636364 0.8961748633879781 0.0036363636363636364 0.8688524590163934 0.007272727272727273 0.8633879781420765 0.0036363636363636364 0.8579234972677595 0.0036363636363636364 0.8306010928961749 0.007272727272727273 0.8360655737704918 0.014545454545454545 0.8360655737704918 0.01818181818181818 0.8306010928961749 0.025454545454545455 0.8306010928961749 0.02909090909090909 0.825136612021858 0.03636363636363636 0.825136612021858 0.04727272727272727 0.8142076502732241 0.05818181818181818 0.8142076502732241
19 0.72 0.5355191256830601 0.7236363636363636 0.5409836065573771 0.730909090909091 0.5409836065573771 0.730909090909091 0.546448087431694 0.7272727272727273 0.5519125683060109 0.7272727272727273 0.5573770491803278 0.7236363636363636 0.5628415300546448 0.72 0.5792349726775956 0.7090909090909091 0.5956284153005464 0.7090909090909091 0.6010928961748634 0.6909090909090909 0.6284153005464481 0.6872727272727273 0.6284153005464481 0.6836363636363636 0.6338797814207651 0.6727272727272727 0.6338797814207651 0.6654545454545454 0.6229508196721312 0.6654545454545454 0.6174863387978142 0.6618181818181819 0.6120218579234973 0.6581818181818182 0.5956284153005464 0.6509090909090909 0.5846994535519126 0.6509090909090909 0.5792349726775956 0.6436363636363637 0.5683060109289617 0.6436363636363637 0.5628415300546448 0.6472727272727272 0.5628415300546448 0.6545454545454545 0.5519125683060109 0.6654545454545454 0.5519125683060109 0.6690909090909091 0.546448087431694 0.6763636363636364 0.546448087431694 0.68 0.5409836065573771 0.6872727272727273 0.5409836065573771 0.6909090909090909 0.5355191256830601 0.7163636363636363 0.5355191256830601
19 0.9454545454545454 0.639344262295082 0.9527272727272728 0.6557377049180327 0.9527272727272728 0.6666666666666666 0.9490909090909091 0.6721311475409836 0.9490909090909091 0.6830601092896175 0.9454545454545454 0.6885245901639344 0.9454545454545454 0.7431693989071039 0.9418181818181818 0.7486338797814208 0.9418181818181818 0.7595628415300546 0.9454545454545454 0.7650273224043715 0.9454545454545454 0.8032786885245902 0.9490909090909091 0.8087431693989071 0.9490909090909091 0.8633879781420765 0.9454545454545454 0.8688524590163934 0.9381818181818182 0.8688524590163934 0.9345454545454546 0.8743169398907104 0.9236363636363636 0.8688524590163934 0.9163636363636364 0.8579234972677595 0.9127272727272727 0.8579234972677595 0.9054545454545454 0.8469945355191257 0.8945454545454545 0.8415300546448088 0.8872727272727273 0.8306010928961749 0.88 0.8306010928961749 0.8654545454545455 0.8087431693989071 0.8654545454545455 0.8032786885245902 0.8581818181818182 0.7868852459016393 0.8581818181818182 0.7377049180327869 0.8618181818181818 0.73224043715847 0.8618181818181818 0.7213114754098361 0.8654545454545455 0.7158469945355191 0.8654545454545455 0.7103825136612022 0.8727272727272727 0.6994535519125683 0.8763636363636363 0.6994535519125683 0.88 0.6939890710382514 0.88 0.6885245901639344 0.8872727272727273 0.6775956284153005 0.8872727272727273 0.6721311475409836 0.8909090909090909 0.6666666666666666 0.8945454545454545 0.6502732240437158 0.9018181818181819 0.639344262295082 0.9418181818181818 0.639344262295082
19 0.26545454545454544 0.03278688524590164 0.27636363636363637 0.03278688524590164 0.28 0.03825136612021858 0.2872727272727273 0.03825136612021858 0.2909090909090909 0.03278688524590164 0.32727272727272727 0.03278688524590164 0.33090909090909093 0.0273224043715847 0.3563636363636364 0.0273224043715847 0.36 0.03278688524590164 0.36727272727272725 0.03278688524590164 0.36727272727272725 0.15300546448087432 0.36363636363636365 0.15846994535519127 0.36363636363636365 0.19672131147540983 0.3490909090909091 0.2185792349726776 0.34545454545454546 0.23497267759562843 0.33454545454545453 0.2459016393442623 0.24363636363636362 0.2459016393442623 0.24 0.25136612021857924 0.18545454545454546 0.25136612021857924 0.18181818181818182 0.2459016393442623 0.1781818181818182 0.2459016393442623 0.17454545454545456 0.24043715846994534 0.17454545454545456 0.08743169398907104 0.1781818181818182 0.08196721311475409 0.18181818181818182 0.06557377049180328 0.1890909090909091 0.0546448087431694 0.19636363636363635 0.0546448087431694 0.2 0.04918032786885246 0.24727272727272728 0.04918032786885246 0.2509090909090909 0.04371584699453552 0.26545454545454544 0.04371584699453552 0.2690909090909091 0.03825136612021858
19 0.48727272727272725 0.5846994535519126 0.4909090909090909 0.5901639344262295 0.5018181818181818 0.5956284153005464 0.5127272727272727 0.6120218579234973 0.5163636363636364 0.6120218579234973 0.5236363636363637 0.6229508196721312 0.5272727272727272 0.6229508196721312 0.5272727272727272 0.6284153005464481 0.5309090909090909 0.6338797814207651 0.5272727272727272 0.639344262295082 0.5272727272727272 0.644808743169399 0.5236363636363637 0.644808743169399 0.52 0.6502732240437158 0.52 0.6557377049180327 0.5127272727272727 0.6666666666666666 0.5127272727272727 0.6830601092896175 0.509090909090909 0.6885245901639344 0.5054545454545455 0.6885245901639344 0.49818181818181817 0.6775956284153005 0.4909090909090909 0.6775956284153005 0.48727272727272725 0.6830601092896175 0.48363636363636364 0.6830601092896175 0.48 0.6885245901639344 0.4763636363636364 0.6885245901639344 0.46545454545454545 0.6994535519125683 0.4509090909090909 0.6994535519125683 0.44727272727272727 0.7049180327868853 0.44727272727272727 0.7103825136612022 0.44363636363636366 0.7103825136612022 0.44 0.7158469945355191 0.44 0.7213114754098361 0.43636363636363634 0.7213114754098361 0.4290909090909091 0.73224043715847 0.4290909090909091 0.7377049180327869 0.4109090909090909 0.7650273224043715 0.4072727272727273 0.7650273224043715 0.4036363636363636 0.7704918032786885 0.3927272727272727 0.7704918032786885 0.3927272727272727 0.7540983606557377 0.39636363636363636 0.7486338797814208 0.3927272727272727 0.7431693989071039 0.39636363636363636 0.7377049180327869 0.39636363636363636 0.7158469945355191 0.4 0.7103825136612022 0.4 0.7049180327868853 0.4036363636363636 0.7049180327868853 0.4072727272727273 0.7103825136612022 0.41818181818181815 0.7103825136612022 0.4290909090909091 0.6994535519125683 0.43636363636363634 0.6666666666666666 0.4509090909090909 0.639344262295082 0.4509090909090909 0.6010928961748634 0.45454545454545453 0.5956284153005464 0.45454545454545453 0.5792349726775956 0.4618181818181818 0.5683060109289617 0.46545454545454545 0.5683060109289617 0.4690909090909091 0.5737704918032787 0.4763636363636364 0.5737704918032787 0.48363636363636364 0.5846994535519126
19 0.9163636363636364 0.3114754098360656 0.92 0.3114754098360656 0.9309090909090909 0.29508196721311475 0.9490909090909091 0.29508196721311475 0.9527272727272728 0.2896174863387978 0.9927272727272727 0.2896174863387978 0.9963636363636363 0.29508196721311475 0.9963636363636363 0.3770491803278688 0.9890909090909091 0.3770491803278688 0.9781818181818182 0.39344262295081966 0.9781818181818182 0.3989071038251366 0.9672727272727273 0.3989071038251366 0.9636363636363636 0.40437158469945356 0.9345454545454546 0.40437158469945356 0.9236363636363636 0.3879781420765027 0.92 0.3879781420765027 0.9127272727272727 0.3770491803278688 0.9090909090909091 0.3770491803278688 0.9054545454545454 0.37158469945355194 0.9054545454545454 0.366120218579235 0.9018181818181819 0.36065573770491804 0.9018181818181819 0.3333333333333333 0.9090909090909091 0.3224043715846995 0.9127272727272727 0.3224043715846995 0.9163636363636364 0.31693989071038253
19 0.02181818181818182 0.4972677595628415 0.02909090909090909 0.5136612021857924 0.02909090909090909 0.5245901639344263 0.03636363636363636 0.5355191256830601 0.03636363636363636 0.546448087431694 0.04363636363636364 0.5573770491803278 0.05454545454545454 0.5628415300546448 0.05454545454545454 0.5683060109289617 0.06181818181818182 0.5792349726775956 0.06545454545454546 0.5792349726775956 0.06545454545454546 0.5901639344262295 0.06181818181818182 0.5956284153005464 0.07272727272727272 0.6065573770491803 0.07636363636363637 0.6010928961748634 0.08363636363636363 0.6174863387978142 0.09454545454545454 0.6229508196721312 0.09454545454545454 0.6338797814207651 0.09090909090909091 0.639344262295082 0.09090909090909091 0.644808743169399 0.09454545454545454 0.6502732240437158 0.09090909090909091 0.6502732240437158 0.08727272727272728 0.644808743169399 0.08363636363636363 0.6502732240437158 0.08363636363636363 0.6721311475409836 0.08727272727272728 0.6775956284153005 0.09090909090909091 0.6775956284153005 0.08363636363636363 0.6775956284153005 0.07636363636363637 0.6939890710382514 0.07636363636363637 0.7103825136612022 0.08 0.7158469945355191 0.08 0.7377049180327869 0.08727272727272728 0.7486338797814208 0.08727272727272728 0.7704918032786885 0.07636363636363637 0.7868852459016393 0.06909090909090909 0.7868852459016393 0.06545454545454546 0.7923497267759563 0.06181818181818182 0.7923497267759563 0.05818181818181818 0.7978142076502732 0.04727272727272727 0.8032786885245902 0.04363636363636364 0.8087431693989071 0.03272727272727273 0.8142076502732241 0.02909090909090909 0.819672131147541 0.02181818181818182 0.819672131147541 0.01818181818181818 0.825136612021858 0 0.825136612021858 0 0.7377049180327869 0.0036363636363636364 0.73224043715847 0.0036363636363636364 0.7049180327868853 0 0.6994535519125683 0 0.5300546448087432 0.0036363636363636364 0.5245901639344263 0.0036363636363636364 0.5191256830601093 0 0.5136612021857924 0 0.5027322404371585 0.01090909090909091 0.4918032786885246 0.014545454545454545 0.4918032786885246 0.01818181818181818 0.4972677595628415
19 0.7781818181818182 0 0.7818181818181819 0.00546448087431694 0.7854545454545454 0.00546448087431694 0.8145454545454546 0.04918032786885246 0.8181818181818182 0.04918032786885246 0.84 0.08196721311475409 0.84 0.08743169398907104 0.8436363636363636 0.09289617486338798 0.8436363636363636 0.10382513661202186 0.8472727272727273 0.1092896174863388 0.8472727272727273 0.12021857923497267 0.850909090909091 0.12568306010928962 0.850909090909091 0.14754098360655737 0.8545454545454545 0.15300546448087432 0.8545454545454545 0.16393442622950818 0.8618181818181818 0.18032786885245902 0.8618181818181818 0.1912568306010929 0.8654545454545455 0.19672131147540983 0.8654545454545455 0.21311475409836064 0.8618181818181818 0.2185792349726776 0.8618181818181818 0.23497267759562843 0.8654545454545455 0.24043715846994534 0.8618181818181818 0.2459016393442623 0.8654545454545455 0.25136612021857924 0.8618181818181818 0.2568306010928962 0.8618181818181818 0.26229508196721313 0.8436363636363636 0.2896174863387978 0.84 0.2896174863387978 0.8327272727272728 0.3005464480874317 0.8218181818181818 0.3005464480874317 0.8181818181818182 0.30601092896174864 0.8109090909090909 0.30601092896174864 0.8036363636363636 0.31693989071038253 0.8072727272727273 0.3224043715846995 0.8072727272727273 0.32786885245901637 0.7818181818181819 0.366120218579235 0.7781818181818182 0.366120218579235 0.7709090909090909 0.3770491803278688 0.76 0.3770491803278688 0.7490909090909091 0.36065573770491804 0.7490909090909091 0.3551912568306011 0.7345454545454545 0.32786885245901637 0.7345454545454545 0.3224043715846995 0.7272727272727273 0.30601092896174864 0.7272727272727273 0.29508196721311475 0.7236363636363636 0.2896174863387978 0.7236363636363636 0.2786885245901639 0.72 0.273224043715847 0.72 0.26229508196721313 0.7163636363636363 0.2568306010928962 0.7163636363636363 0.25136612021857924 0.6727272727272727 0.18579234972677597 0.6727272727272727 0.18032786885245902 0.6618181818181819 0.16393442622950818 0.6581818181818182 0.16393442622950818 0.6072727272727273 0.08743169398907104 0.6072727272727273 0.08196721311475409 0.6036363636363636 0.07650273224043716 0.6036363636363636 0.0546448087431694 0.6072727272727273 0.04918032786885246 0.6072727272727273 0.04371584699453552 0.6218181818181818 0.02185792349726776 0.6254545454545455 0.02185792349726776 0.6290909090909091 0.01639344262295082 0.6327272727272727 0.01639344262295082 0.6436363636363637 0.00546448087431694 0.6618181818181819 0.00546448087431694 0.6690909090909091 0.01639344262295082 0.6727272727272727 0.01639344262295082 0.6836363636363636 0.0273224043715847 0.6909090909090909 0.0273224043715847 0.6945454545454546 0.03278688524590164 0.7127272727272728 0.03278688524590164 0.72 0.02185792349726776 0.72 0.01639344262295082 0.7236363636363636 0.01639344262295082 0.730909090909091 0.00546448087431694 0.7454545454545455 0.00546448087431694 0.7490909090909091 0 0.7745454545454545 0
19 0.5490909090909091 0.7131147540983607 0.08 0.14754098360655737
19 0.9745454545454545 0.4808743169398907 0.05090909090909091 0.18579234972677597
19 0.5272727272727272 0.5628415300546448 0.5309090909090909 0.5628415300546448 0.5490909090909091 0.5355191256830601 0.5527272727272727 0.5355191256830601 0.5636363636363636 0.5191256830601093 0.5672727272727273 0.5191256830601093 0.5745454545454546 0.5081967213114754 0.5781818181818181 0.5081967213114754 0.5818181818181818 0.5027322404371585 0.6072727272727273 0.5027322404371585 0.6218181818181818 0.5245901639344263 0.6254545454545455 0.5409836065573771 0.6363636363636364 0.5573770491803278 0.6363636363636364 0.5628415300546448 0.6509090909090909 0.5901639344262295 0.6509090909090909 0.5956284153005464 0.6545454545454545 0.6010928961748634 0.6581818181818182 0.6174863387978142 0.6690909090909091 0.6338797814207651 0.6690909090909091 0.6502732240437158 0.6581818181818182 0.6557377049180327 0.6509090909090909 0.6666666666666666 0.6436363636363637 0.6666666666666666 0.64 0.6721311475409836 0.6290909090909091 0.6775956284153005 0.6218181818181818 0.6885245901639344 0.6218181818181818 0.6939890710382514 0.610909090909091 0.7103825136612022 0.610909090909091 0.7158469945355191 0.6072727272727273 0.7158469945355191 0.5963636363636363 0.726775956284153 0.5854545454545454 0.726775956284153 0.5818181818181818 0.7213114754098361 0.5818181818181818 0.7158469945355191 0.5672727272727273 0.6939890710382514 0.5672727272727273 0.6885245901639344 0.56 0.6775956284153005 0.5563636363636364 0.6612021857923497 0.5418181818181819 0.6338797814207651 0.5381818181818182 0.6174863387978142 0.5272727272727272 0.6010928961748634 0.5272727272727272 0.5901639344262295 0.5236363636363637 0.5846994535519126 0.5236363636363637 0.5737704918032787 0.5272727272727272 0.5683060109289617
19 0.730909090909091 0.7540983606557377 0.7345454545454545 0.7540983606557377 0.7381818181818182 0.7595628415300546 0.7454545454545455 0.7595628415300546 0.7490909090909091 0.7650273224043715 0.7527272727272727 0.7650273224043715 0.7563636363636363 0.7704918032786885 0.7636363636363637 0.7704918032786885 0.7672727272727272 0.7759562841530054 0.7781818181818182 0.7759562841530054 0.8 0.8087431693989071 0.8 0.8142076502732241 0.8036363636363636 0.819672131147541 0.8036363636363636 0.8360655737704918 0.8072727272727273 0.8415300546448088 0.8072727272727273 0.8633879781420765 0.8109090909090909 0.8688524590163934 0.8109090909090909 0.9016393442622951 0.8072727272727273 0.907103825136612 0.8072727272727273 0.912568306010929 0.8145454545454546 0.9234972677595629 0.8109090909090909 0.9398907103825137 0.8145454545454546 0.9453551912568307 0.8181818181818182 0.9453551912568307 0.8181818181818182 0.9508196721311475 0.8218181818181818 0.9562841530054644 0.8218181818181818 0.9726775956284153 0.8145454545454546 0.9836065573770492 0.8181818181818182 0.9890710382513661 0.8036363636363636 0.9890710382513661 0.8 0.9836065573770492 0.7854545454545454 0.9836065573770492 0.7818181818181819 0.9781420765027322 0.7709090909090909 0.9781420765027322 0.7672727272727272 0.9836065573770492 0.7563636363636363 0.9836065573770492 0.7527272727272727 0.9890710382513661 0.7381818181818182 0.9890710382513661 0.7345454545454545 0.994535519125683 0.7236363636363636 0.994535519125683 0.72 0.9890710382513661 0.7127272727272728 0.9890710382513661 0.7090909090909091 0.9836065573770492 0.7054545454545454 0.9836065573770492 0.6981818181818182 0.9726775956284153 0.6981818181818182 0.9672131147540983 0.6945454545454546 0.9617486338797814 0.6945454545454546 0.9453551912568307 0.6981818181818182 0.9398907103825137 0.6981818181818182 0.9344262295081968 0.6909090909090909 0.9234972677595629 0.6909090909090909 0.8961748633879781 0.6945454545454546 0.8907103825136612 0.6945454545454546 0.8579234972677595 0.6981818181818182 0.8524590163934426 0.6981818181818182 0.8360655737704918 0.7018181818181818 0.8306010928961749 0.7018181818181818 0.825136612021858 0.7054545454545454 0.819672131147541 0.7127272727272728 0.819672131147541 0.7163636363636363 0.8142076502732241 0.7272727272727273 0.8087431693989071 0.7345454545454545 0.7978142076502732 0.7345454545454545 0.7704918032786885 0.730909090909091 0.7650273224043715 0.730909090909091 0.7595628415300546
19 0.5490909090909091 0.3333333333333333 0.5527272727272727 0.33879781420765026 0.5672727272727273 0.33879781420765026 0.5709090909090909 0.3442622950819672 0.5818181818181818 0.3442622950819672 0.5854545454545454 0.34972677595628415 0.5963636363636363 0.34972677595628415 0.6 0.3551912568306011 0.6036363636363636 0.3551912568306011 0.610909090909091 0.366120218579235 0.610909090909091 0.3879781420765027 0.6036363636363636 0.3989071038251366 0.6036363636363636 0.4371584699453552 0.6072727272727273 0.4426229508196721 0.6072727272727273 0.44808743169398907 0.6036363636363636 0.453551912568306 0.6036363636363636 0.47540983606557374 0.5963636363636363 0.4918032786885246 0.5672727272727273 0.4918032786885246 0.5636363636363636 0.48633879781420764 0.5454545454545454 0.48633879781420764 0.5418181818181819 0.4808743169398907 0.5309090909090909 0.4808743169398907 0.5272727272727272 0.47540983606557374 0.5127272727272727 0.47540983606557374 0.509090909090909 0.46994535519125685 0.49454545454545457 0.46994535519125685 0.4909090909090909 0.4644808743169399 0.48363636363636364 0.4644808743169399 0.48 0.45901639344262296 0.4727272727272727 0.45901639344262296 0.4690909090909091 0.453551912568306 0.4509090909090909 0.453551912568306 0.44727272727272727 0.44808743169398907 0.43272727272727274 0.44808743169398907 0.4290909090909091 0.4426229508196721 0.4109090909090909 0.4426229508196721 0.4072727272727273 0.4371584699453552 0.39636363636363636 0.4371584699453552 0.3927272727272727 0.43169398907103823 0.38181818181818183 0.43169398907103823 0.3781818181818182 0.4262295081967213 0.3709090909090909 0.4262295081967213 0.36727272727272725 0.4207650273224044 0.36727272727272725 0.39344262295081966 0.3709090909090909 0.3879781420765027 0.3709090909090909 0.366120218579235 0.37454545454545457 0.36065573770491804 0.37454545454545457 0.33879781420765026 0.3781818181818182 0.3333333333333333 0.3781818181818182 0.3114754098360656 0.38181818181818183 0.30601092896174864 0.38181818181818183 0.3005464480874317 0.3890909090909091 0.2896174863387978 0.41454545454545455 0.2896174863387978 0.41818181818181815 0.29508196721311475 0.44 0.29508196721311475 0.44363636363636366 0.3005464480874317 0.4509090909090909 0.3005464480874317 0.45454545454545453 0.30601092896174864 0.4763636363636364 0.30601092896174864 0.48 0.3114754098360656 0.48727272727272725 0.3114754098360656 0.4909090909090909 0.31693989071038253 0.5054545454545455 0.31693989071038253 0.509090909090909 0.3224043715846995 0.5236363636363637 0.3224043715846995 0.5272727272727272 0.32786885245901637 0.5418181818181819 0.32786885245901637 0.5454545454545454 0.3333333333333333
19 0.33090909090909093 0.01912568306010929 0.17454545454545456 0.03825136612021858
19 0.29818181818181816 0.9016393442622951 0.3018181818181818 0.907103825136612 0.3236363636363636 0.907103825136612 0.33090909090909093 0.9180327868852459 0.3381818181818182 0.9180327868852459 0.3418181818181818 0.912568306010929 0.3563636363636364 0.912568306010929 0.36 0.9180327868852459 0.36727272727272725 0.9180327868852459 0.3709090909090909 0.912568306010929 0.3781818181818182 0.912568306010929 0.38181818181818183 0.907103825136612 0.3890909090909091 0.907103825136612 0.4 0.9180327868852459 0.4072727272727273 0.9180327868852459 0.4109090909090909 0.9234972677595629 0.41454545454545455 0.9234972677595629 0.4290909090909091 0.9453551912568307 0.4290909090909091 0.9508196721311475 0.43272727272727274 0.9562841530054644 0.43272727272727274 0.9672131147540983 0.43636363636363634 0.9726775956284153 0.43636363636363634 0.9836065573770492 0.43272727272727274 0.9836065573770492 0.4290909090909091 0.9890710382513661 0.41818181818181815 0.9890710382513661 0.41454545454545455 0.9836065573770492 0.4072727272727273 0.9836065573770492 0.4 0.994535519125683 0.38545454545454544 0.994535519125683 0.38545454545454544 0.9890710382513661 0.38181818181818183 0.9836065573770492 0.3781818181818182 0.9890710382513661 0.36363636363636365 0.9890710382513661 0.36 0.9836065573770492 0.3527272727272727 0.9836065573770492 0.3490909090909091 0.9781420765027322 0.3381818181818182 0.9781420765027322 0.33454545454545453 0.9836065573770492 0.3236363636363636 0.9836065573770492 0.32 0.9890710382513661 0.31636363636363635 0.9890710382513661 0.31272727272727274 0.9836065573770492 0.3090909090909091 0.9890710382513661 0.3054545454545455 0.9890710382513661 0.3018181818181818 0.9836065573770492 0.28 0.9836065573770492 0.27636363636363637 0.9890710382513661 0.26545454545454544 0.9890710382513661 0.26181818181818184 0.994535519125683 0.23636363636363636 0.994535519125683 0.24 0.9890710382513661 0.24 0.9726775956284153 0.24727272727272728 0.9562841530054644 0.24727272727272728 0.9453551912568307 0.2545454545454545 0.9289617486338798 0.2545454545454545 0.912568306010929 0.26181818181818184 0.9016393442622951 0.29454545454545455 0.9016393442622951
19 0.46545454545454545 0.01092896174863388 0.4690909090909091 0.01639344262295082 0.48 0.02185792349726776 0.4909090909090909 0.03825136612021858 0.49454545454545457 0.03825136612021858 0.5054545454545455 0.04918032786885246 0.5127272727272727 0.04918032786885246 0.52 0.060109289617486336 0.5236363636363637 0.060109289617486336 0.5345454545454545 0.07103825136612021 0.5418181818181819 0.07103825136612021 0.5490909090909091 0.08196721311475409 0.5527272727272727 0.08196721311475409 0.5636363636363636 0.09289617486338798 0.5709090909090909 0.09289617486338798 0.5781818181818181 0.10382513661202186 0.5818181818181818 0.10382513661202186 0.5854545454545454 0.1092896174863388 0.5927272727272728 0.1092896174863388 0.5963636363636363 0.11475409836065574 0.6072727272727273 0.12021857923497267 0.6145454545454545 0.13114754098360656 0.6181818181818182 0.13114754098360656 0.6254545454545455 0.14207650273224043 0.6290909090909091 0.14207650273224043 0.64 0.15846994535519127 0.64 0.17486338797814208 0.6363636363636364 0.18032786885245902 0.6363636363636364 0.18579234972677597 0.6327272727272727 0.1912568306010929 0.6290909090909091 0.20765027322404372 0.6218181818181818 0.2185792349726776 0.6218181818181818 0.23497267759562843 0.6181818181818182 0.24043715846994534 0.6181818181818182 0.2459016393442623 0.610909090909091 0.2568306010928962 0.610909090909091 0.26229508196721313 0.6072727272727273 0.2677595628415301 0.6072727272727273 0.2786885245901639 0.6036363636363636 0.28415300546448086 0.6 0.3005464480874317 0.5890909090909091 0.31693989071038253 0.5854545454545454 0.31693989071038253 0.5818181818181818 0.3224043715846995 0.5490909090909091 0.3224043715846995 0.5454545454545454 0.31693989071038253 0.5381818181818182 0.31693989071038253 0.5345454545454545 0.3114754098360656 0.5309090909090909 0.3114754098360656 0.5272727272727272 0.30601092896174864 0.5236363636363637 0.30601092896174864 0.5127272727272727 0.29508196721311475 0.5054545454545455 0.29508196721311475 0.5018181818181818 0.2896174863387978 0.49454545454545457 0.2896174863387978 0.4909090909090909 0.28415300546448086 0.48363636363636364 0.28415300546448086 0.4763636363636364 0.273224043715847 0.4727272727272727 0.273224043715847 0.4618181818181818 0.26229508196721313 0.45454545454545453 0.26229508196721313 0.44363636363636366 0.25136612021857924 0.43636363636363634 0.25136612021857924 0.43272727272727274 0.2459016393442623 0.4290909090909091 0.2459016393442623 0.41818181818181815 0.22950819672131148 0.4072727272727273 0.22404371584699453 0.4 0.21311475409836064 0.4 0.20218579234972678 0.39636363636363636 0.19672131147540983 0.39636363636363636 0.1912568306010929 0.4 0.18579234972677597 0.4 0.16393442622950818 0.4036363636363636 0.15846994535519127 0.39636363636363636 0.14207650273224043 0.39636363636363636 0.11475409836065574 0.3927272727272727 0.1092896174863388 0.38545454545454544 0.1092896174863388 0.3927272727272727 0.1092896174863388 0.39636363636363636 0.10382513661202186 0.3927272727272727 0.09836065573770492 0.39636363636363636 0.09289617486338798 0.39636363636363636 0.07650273224043716 0.3927272727272727 0.07103825136612021 0.3927272727272727 0.06557377049180328 0.39636363636363636 0.060109289617486336 0.4072727272727273 0.0546448087431694 0.41454545454545455 0.04371584699453552 0.41454545454545455 0.0273224043715847 0.41818181818181815 0.02185792349726776 0.41818181818181815 0.01639344262295082 0.4254545454545455 0.00546448087431694 0.4581818181818182 0.00546448087431694 0.4618181818181818 0.01092896174863388
19 0.52 0 0.6145454545454545 0 0.6181818181818182 0.00546448087431694 0.6145454545454545 0.02185792349726776 0.6 0.04371584699453552 0.6 0.04918032786885246 0.5963636363636363 0.0546448087431694 0.5963636363636363 0.07650273224043716 0.6 0.08196721311475409 0.6 0.08743169398907104 0.610909090909091 0.10382513661202186 0.610909090909091 0.11475409836065574 0.6072727272727273 0.11475409836065574 0.6 0.10382513661202186 0.5927272727272728 0.10382513661202186 0.5890909090909091 0.09836065573770492 0.5854545454545454 0.09836065573770492 0.5745454545454546 0.08743169398907104 0.5672727272727273 0.08743169398907104 0.5636363636363636 0.08196721311475409 0.5527272727272727 0.07650273224043716 0.5418181818181819 0.060109289617486336 0.5381818181818182 0.060109289617486336 0.5418181818181819 0.060109289617486336 0.5454545454545454 0.0546448087431694 0.5381818181818182 0.03825136612021858 0.5418181818181819 0.02185792349726776 0.5309090909090909 0.01092896174863388 0.5345454545454545 0.00546448087431694 0.5309090909090909 0 0.5236363636363637 0
19 0.84 0.09289617486338798 0.8436363636363636 0.09836065573770492 0.8436363636363636 0.10382513661202186 0.8472727272727273 0.1092896174863388 0.850909090909091 0.12568306010928962 0.8545454545454545 0.13114754098360656 0.8545454545454545 0.14754098360655737 0.8581818181818182 0.15300546448087432 0.8581818181818182 0.16393442622950818 0.8654545454545455 0.17486338797814208 0.8654545454545455 0.18579234972677597 0.8690909090909091 0.1912568306010929 0.8690909090909091 0.21311475409836064 0.8654545454545455 0.2185792349726776 0.8654545454545455 0.2459016393442623 0.8690909090909091 0.25136612021857924 0.8690909090909091 0.2568306010928962 0.8618181818181818 0.2677595628415301 0.8581818181818182 0.273224043715847 0.8545454545454545 0.273224043715847 0.850909090909091 0.2786885245901639 0.850909090909091 0.28415300546448086 0.8363636363636363 0.30601092896174864 0.8290909090909091 0.30601092896174864 0.8254545454545454 0.3114754098360656 0.8181818181818182 0.3114754098360656 0.8036363636363636 0.3333333333333333 0.8036363636363636 0.33879781420765026 0.7890909090909091 0.36065573770491804 0.7854545454545454 0.36065573770491804 0.7745454545454545 0.3770491803278688 0.76 0.3770491803278688 0.7454545454545455 0.3551912568306011 0.7454545454545455 0.34972677595628415 0.7345454545454545 0.3333333333333333 0.7345454545454545 0.32786885245901637 0.7272727272727273 0.3114754098360656 0.7272727272727273 0.3005464480874317 0.72 0.28415300546448086 0.72 0.2677595628415301 0.7163636363636363 0.26229508196721313 0.7163636363636363 0.2459016393442623 0.7236363636363636 0.23497267759562843 0.7272727272727273 0.23497267759562843 0.7345454545454545 0.2185792349726776 0.7381818181818182 0.2185792349726776 0.7490909090909091 0.20218579234972678 0.7527272727272727 0.20218579234972678 0.7709090909090909 0.17486338797814208 0.7781818181818182 0.17486338797814208 0.7890909090909091 0.15846994535519127 0.7927272727272727 0.15846994535519127 0.8036363636363636 0.14207650273224043 0.8072727272727273 0.14207650273224043 0.8363636363636363 0.09836065573770492
19 0.6218181818181818 0.3114754098360656 0.6254545454545455 0.31693989071038253 0.6290909090909091 0.31693989071038253 0.6363636363636364 0.32786885245901637 0.64 0.32786885245901637 0.6472727272727272 0.33879781420765026 0.6509090909090909 0.33879781420765026 0.6545454545454545 0.3442622950819672 0.6654545454545454 0.34972677595628415 0.6690909090909091 0.3551912568306011 0.6727272727272727 0.3551912568306011 0.68 0.366120218579235 0.6909090909090909 0.37158469945355194 0.6981818181818182 0.3825136612021858 0.7018181818181818 0.3825136612021858 0.7090909090909091 0.39344262295081966 0.7127272727272728 0.39344262295081966 0.72 0.40437158469945356 0.7236363636363636 0.40437158469945356 0.730909090909091 0.41530054644808745 0.7345454545454545 0.41530054644808745 0.76 0.44808743169398907 0.76 0.45901639344262296 0.7527272727272727 0.46994535519125685 0.7527272727272727 0.4808743169398907 0.7490909090909091 0.48633879781420764 0.7490909090909091 0.4918032786885246 0.7454545454545455 0.4972677595628415 0.7418181818181818 0.5136612021857924 0.7345454545454545 0.5245901639344263 0.7018181818181818 0.5245901639344263 0.6981818181818182 0.5300546448087432 0.6836363636363636 0.5300546448087432 0.68 0.5355191256830601 0.6727272727272727 0.5355191256830601 0.6690909090909091 0.5409836065573771 0.6581818181818182 0.5409836065573771 0.6472727272727272 0.5300546448087432 0.64 0.5300546448087432 0.6327272727272727 0.5191256830601093 0.6290909090909091 0.5191256830601093 0.6181818181818182 0.5027322404371585 0.6145454545454545 0.5027322404371585 0.6145454545454545 0.4972677595628415 0.610909090909091 0.4918032786885246 0.610909090909091 0.45901639344262296 0.6145454545454545 0.453551912568306 0.6145454545454545 0.4426229508196721 0.610909090909091 0.4371584699453552 0.610909090909091 0.40437158469945356 0.6181818181818182 0.3879781420765027 0.6181818181818182 0.366120218579235 0.6145454545454545 0.36065573770491804 0.6145454545454545 0.3551912568306011 0.6072727272727273 0.3442622950819672 0.6036363636363636 0.3442622950819672 0.6 0.33879781420765026 0.6 0.32786885245901637 0.6072727272727273 0.3114754098360656 0.6181818181818182 0.3114754098360656
19 0.19272727272727272 0.28415300546448086 0.19636363636363635 0.2896174863387978 0.20363636363636364 0.2896174863387978 0.20727272727272728 0.29508196721311475 0.21454545454545454 0.29508196721311475 0.21818181818181817 0.3005464480874317 0.22181818181818183 0.3005464480874317 0.22545454545454546 0.30601092896174864 0.23272727272727273 0.30601092896174864 0.23636363636363636 0.3114754098360656 0.2545454545454545 0.3114754098360656 0.2581818181818182 0.30601092896174864 0.2581818181818182 0.3005464480874317 0.26545454545454544 0.2896174863387978 0.2909090909090909 0.2896174863387978 0.29454545454545455 0.29508196721311475 0.3018181818181818 0.29508196721311475 0.3054545454545455 0.3005464480874317 0.32 0.3005464480874317 0.3236363636363636 0.30601092896174864 0.32727272727272727 0.30601092896174864 0.33090909090909093 0.3114754098360656 0.3381818181818182 0.3114754098360656 0.3418181818181818 0.31693989071038253 0.3490909090909091 0.31693989071038253 0.3527272727272727 0.3114754098360656 0.3709090909090909 0.3114754098360656 0.3709090909090909 0.31693989071038253 0.36727272727272725 0.3114754098360656 0.36 0.3224043715846995 0.36363636363636365 0.32786885245901637 0.3709090909090909 0.32786885245901637 0.3709090909090909 0.3333333333333333 0.36727272727272725 0.33879781420765026 0.36727272727272725 0.37158469945355194 0.36363636363636365 0.3770491803278688 0.36363636363636365 0.3879781420765027 0.36 0.39344262295081966 0.36 0.40437158469945356 0.3563636363636364 0.4098360655737705 0.3563636363636364 0.41530054644808745 0.36363636363636365 0.43169398907103823 0.37454545454545457 0.4371584699453552 0.38181818181818183 0.44808743169398907 0.3781818181818182 0.453551912568306 0.3781818181818182 0.4808743169398907 0.37454545454545457 0.48633879781420764 0.37454545454545457 0.4972677595628415 0.3709090909090909 0.5027322404371585 0.3563636363636364 0.5027322404371585 0.3527272727272727 0.4972677595628415 0.33454545454545453 0.4972677595628415 0.33090909090909093 0.4918032786885246 0.3236363636363636 0.4918032786885246 0.32 0.48633879781420764 0.31636363636363635 0.48633879781420764 0.31636363636363635 0.4808743169398907 0.31272727272727274 0.47540983606557374 0.3054545454545455 0.47540983606557374 0.3018181818181818 0.46994535519125685 0.2909090909090909 0.46994535519125685 0.2872727272727273 0.4644808743169399 0.27636363636363637 0.4644808743169399 0.2727272727272727 0.45901639344262296 0.2690909090909091 0.45901639344262296 0.26545454545454544 0.453551912568306 0.2581818181818182 0.453551912568306 0.2545454545454545 0.44808743169398907 0.24 0.44808743169398907 0.23636363636363636 0.4426229508196721 0.22545454545454546 0.4426229508196721 0.22181818181818183 0.4371584699453552 0.21818181818181817 0.4426229508196721 0.21454545454545454 0.4426229508196721 0.20363636363636364 0.45901639344262296 0.20363636363636364 0.46994535519125685 0.2 0.47540983606557374 0.2 0.4918032786885246 0.19636363636363635 0.4972677595628415 0.19636363636363635 0.5081967213114754 0.19272727272727272 0.5136612021857924 0.19272727272727272 0.5245901639344263 0.1890909090909091 0.5300546448087432 0.1890909090909091 0.5519125683060109 0.18545454545454546 0.5573770491803278 0.18545454545454546 0.5846994535519126 0.1890909090909091 0.5901639344262295 0.1890909090909091 0.5956284153005464 0.2 0.6065573770491803 0.2 0.6229508196721312 0.19636363636363635 0.6284153005464481 0.19636363636363635 0.6338797814207651 0.1890909090909091 0.644808743169399 0.18545454545454546 0.644808743169399 0.18181818181818182 0.639344262295082 0.1709090909090909 0.639344262295082 0.16727272727272727 0.6338797814207651 0.16 0.6338797814207651 0.15636363636363637 0.6284153005464481 0.14909090909090908 0.6284153005464481 0.14545454545454545 0.6229508196721312 0.13818181818181818 0.6229508196721312 0.13454545454545455 0.6174863387978142 0.12727272727272726 0.6174863387978142 0.12363636363636364 0.6120218579234973 0.11636363636363636 0.6120218579234973 0.11272727272727273 0.6065573770491803 0.10181818181818182 0.6065573770491803 0.09818181818181818 0.6010928961748634 0.08727272727272728 0.5956284153005464 0.08727272727272728 0.5901639344262295 0.08363636363636363 0.5846994535519126 0.08727272727272728 0.5792349726775956 0.08727272727272728 0.5628415300546448 0.09090909090909091 0.5573770491803278 0.09090909090909091 0.546448087431694 0.09454545454545454 0.5409836065573771 0.09454545454545454 0.5300546448087432 0.09818181818181818 0.5245901639344263 0.09818181818181818 0.5027322404371585 0.10181818181818182 0.4972677595628415 0.10181818181818182 0.4918032786885246 0.10909090909090909 0.47540983606557374 0.10909090909090909 0.45901639344262296 0.11636363636363636 0.4426229508196721 0.11636363636363636 0.43169398907103823 0.12363636363636364 0.41530054644808745 0.12363636363636364 0.40437158469945356 0.12727272727272726 0.3989071038251366 0.12727272727272726 0.3879781420765027 0.13454545454545455 0.37158469945355194 0.13454545454545455 0.3551912568306011 0.13818181818181818 0.34972677595628415 0.13818181818181818 0.32786885245901637 0.14181818181818182 0.3224043715846995 0.14181818181818182 0.30601092896174864 0.14545454545454545 0.3005464480874317 0.14545454545454545 0.28415300546448086 0.15636363636363637 0.273224043715847 0.16727272727272727 0.273224043715847 0.1709090909090909 0.2786885245901639 0.1781818181818182 0.2786885245901639 0.18181818181818182 0.28415300546448086 0.1890909090909091 0.28415300546448086