8 0.490272373540856 0.2833333333333333 0.4980544747081712 0.29444444444444445 0.4980544747081712 0.3 0.5058365758754864 0.31666666666666665 0.5058365758754864 0.3333333333333333 0.5019455252918288 0.3388888888888889 0.5058365758754864 0.34444444444444444 0.5058365758754864 0.35 0.5019455252918288 0.35555555555555557 0.5019455252918288 0.36666666666666664 0.4980544747081712 0.37222222222222223 0.4980544747081712 0.37777777777777777 0.48249027237354086 0.37777777777777777 0.4785992217898833 0.38333333333333336 0.4785992217898833 0.39444444444444443 0.47470817120622566 0.39444444444444443 0.4669260700389105 0.40555555555555556 0.4669260700389105 0.4111111111111111 0.46303501945525294 0.4111111111111111 0.4396887159533074 0.4444444444444444 0.4396887159533074 0.45 0.4357976653696498 0.45555555555555555 0.4357976653696498 0.46111111111111114 0.43190661478599224 0.4666666666666667 0.43190661478599224 0.4722222222222222 0.4280155642023346 0.4777777777777778 0.4280155642023346 0.48333333333333334 0.42412451361867703 0.48333333333333334 0.4046692607003891 0.5111111111111111 0.4046692607003891 0.5166666666666667 0.40077821011673154 0.5222222222222223 0.40077821011673154 0.5277777777777778 0.39299610894941633 0.5388888888888889 0.39299610894941633 0.5444444444444444 0.3852140077821012 0.5555555555555556 0.3852140077821012 0.5611111111111111 0.38132295719844356 0.5666666666666667 0.38132295719844356 0.5722222222222222 0.36964980544747084 0.5888888888888889 0.36964980544747084 0.5944444444444444 0.35797665369649806 0.6111111111111112 0.3540856031128405 0.6111111111111112 0.3424124513618677 0.6277777777777778 0.3424124513618677 0.6333333333333333 0.3346303501945525 0.6444444444444445 0.3346303501945525 0.65 0.31906614785992216 0.6722222222222223 0.3151750972762646 0.6722222222222223 0.311284046692607 0.6777777777777778 0.29961089494163423 0.6777777777777778 0.2918287937743191 0.6888888888888889 0.2918287937743191 0.6944444444444444 0.28793774319066145 0.7 0.28793774319066145 0.7055555555555556 0.2723735408560311 0.7277777777777777 0.2723735408560311 0.7333333333333333 0.2607003891050584 0.75 0.2607003891050584 0.7555555555555555 0.2529182879377432 0.7666666666666667 0.2490272373540856 0.7666666666666667 0.2529182879377432 0.7666666666666667 0.2607003891050584 0.7555555555555555 0.2607003891050584 0.75 0.26459143968871596 0.7444444444444445 0.26459143968871596 0.7388888888888889 0.26848249027237353 0.7333333333333333 0.26848249027237353 0.7277777777777777 0.27626459143968873 0.7111111111111111 0.27626459143968873 0.7055555555555556 0.2801556420233463 0.7 0.2801556420233463 0.6944444444444444 0.29571984435797666 0.6666666666666666 0.29571984435797666 0.6611111111111111 0.29961089494163423 0.6555555555555556 0.29961089494163423 0.6388888888888888 0.3035019455252918 0.6333333333333333 0.3035019455252918 0.6277777777777778 0.30739299610894943 0.6222222222222222 0.30739299610894943 0.6166666666666667 0.311284046692607 0.6111111111111112 0.311284046692607 0.6055555555555555 0.3229571984435798 0.5888888888888889 0.3229571984435798 0.5833333333333334 0.3346303501945525 0.5666666666666667 0.3346303501945525 0.5555555555555556 0.3424124513618677 0.5444444444444444 0.3424124513618677 0.5388888888888889 0.3463035019455253 0.5333333333333333 0.3463035019455253 0.5277777777777778 0.3540856031128405 0.5166666666666667 0.3540856031128405 0.5111111111111111 0.35797665369649806 0.5055555555555555 0.35797665369649806 0.5 0.36186770428015563 0.5 0.3735408560311284 0.48333333333333334 0.3735408560311284 0.4777777777777778 0.377431906614786 0.4722222222222222 0.377431906614786 0.4666666666666667 0.3852140077821012 0.45555555555555555 0.3852140077821012 0.45 0.38910505836575876 0.4444444444444444 0.38910505836575876 0.4388888888888889 0.40077821011673154 0.4222222222222222 0.40077821011673154 0.4166666666666667 0.4046692607003891 0.4111111111111111 0.4046692607003891 0.4 0.43190661478599224 0.3611111111111111 0.43190661478599224 0.35555555555555557 0.4396887159533074 0.34444444444444444 0.4396887159533074 0.3388888888888889 0.45136186770428016 0.32222222222222224 0.45525291828793774 0.32222222222222224 0.4591439688715953 0.31666666666666665 0.4591439688715953 0.3111111111111111 0.46303501945525294 0.3055555555555556 0.46303501945525294 0.3 0.47470817120622566 0.2833333333333333 0.48638132295719844 0.2833333333333333
8 0.5525291828793775 0.12777777777777777 0.556420233463035 0.12777777777777777 0.556420233463035 0.13333333333333333 0.5603112840466926 0.1388888888888889 0.5642023346303502 0.1388888888888889 0.5642023346303502 0.14444444444444443 0.5758754863813229 0.16111111111111112 0.5758754863813229 0.16666666666666666 0.5914396887159533 0.19444444444444445 0.5914396887159533 0.2 0.6070038910505836 0.2222222222222222 0.6070038910505836 0.22777777777777777 0.6147859922178989 0.2388888888888889 0.6147859922178989 0.24444444444444444 0.6342412451361867 0.2722222222222222 0.6381322957198443 0.2722222222222222 0.6536964980544747 0.29444444444444445 0.6536964980544747 0.3055555555555556 0.6614785992217899 0.31666666666666665 0.6614785992217899 0.32222222222222224 0.6653696498054474 0.3277777777777778 0.669260700389105 0.3277777777777778 0.6848249027237354 0.35 0.688715953307393 0.35 0.7003891050583657 0.3611111111111111 0.7042801556420234 0.3611111111111111 0.7120622568093385 0.37222222222222223 0.7120622568093385 0.37777777777777777 0.7237354085603113 0.39444444444444443 0.7237354085603113 0.4 0.7392996108949417 0.42777777777777776 0.7392996108949417 0.43333333333333335 0.7587548638132295 0.46111111111111114 0.7587548638132295 0.4666666666666667 0.77431906614786 0.49444444444444446 0.77431906614786 0.5 0.7782101167315175 0.5055555555555555 0.7782101167315175 0.5111111111111111 0.7859922178988327 0.5222222222222223 0.7859922178988327 0.5277777777777778 0.7937743190661478 0.5388888888888889 0.7937743190661478 0.5444444444444444 0.8015564202334631 0.5555555555555556 0.8015564202334631 0.5611111111111111 0.8054474708171206 0.5666666666666667 0.8054474708171206 0.5888888888888889 0.8171206225680934 0.6055555555555555 0.8171206225680934 0.6111111111111112 0.8287937743190662 0.6277777777777778 0.8287937743190662 0.6333333333333333 0.8326848249027238 0.6388888888888888 0.8326848249027238 0.6444444444444445 0.8365758754863813 0.65 0.8365758754863813 0.6555555555555556 0.8521400778210116 0.6777777777777778 0.8521400778210116 0.6833333333333333 0.867704280155642 0.7111111111111111 0.867704280155642 0.7166666666666667 0.8715953307392996 0.7222222222222222 0.8754863813229572 0.7222222222222222 0.8754863813229572 0.7277777777777777 0.8793774319066148 0.7333333333333333 0.8638132295719845 0.7555555555555555 0.8599221789883269 0.7555555555555555 0.8482490272373541 0.7666666666666667 0.8404669260700389 0.7666666666666667 0.8404669260700389 0.7611111111111111 0.8365758754863813 0.7555555555555555 0.8365758754863813 0.7444444444444445 0.8249027237354085 0.7277777777777777 0.8249027237354085 0.7222222222222222 0.7898832684824902 0.6722222222222223 0.7898832684824902 0.6666666666666666 0.77431906614786 0.6388888888888888 0.77431906614786 0.6333333333333333 0.7665369649805448 0.6166666666666667 0.7665369649805448 0.5944444444444444 0.7626459143968871 0.5888888888888889 0.7626459143968871 0.5833333333333334 0.754863813229572 0.5722222222222222 0.754863813229572 0.5666666666666667 0.7509727626459144 0.5611111111111111 0.7509727626459144 0.5555555555555556 0.7470817120622568 0.55 0.7470817120622568 0.5444444444444444 0.7431906614785992 0.5388888888888889 0.7431906614785992 0.5333333333333333 0.7315175097276264 0.5166666666666667 0.7315175097276264 0.5111111111111111 0.7276264591439688 0.5055555555555555 0.7276264591439688 0.5 0.7159533073929961 0.48333333333333334 0.7120622568093385 0.48333333333333334 0.6964980544747081 0.46111111111111114 0.7003891050583657 0.45555555555555555 0.6848249027237354 0.43333333333333335 0.6848249027237354 0.42777777777777776 0.669260700389105 0.4 0.669260700389105 0.39444444444444443 0.6653696498054474 0.3888888888888889 0.6653696498054474 0.38333333333333336 0.6614785992217899 0.37777777777777777 0.6614785992217899 0.37222222222222223 0.6498054474708171 0.35555555555555557 0.6498054474708171 0.35 0.6381322957198443 0.3333333333333333 0.6381322957198443 0.3277777777777778 0.6303501945525292 0.31666666666666665 0.6303501945525292 0.3055555555555556 0.6264591439688716 0.3 0.6264591439688716 0.29444444444444445 0.6186770428015564 0.2777777777777778 0.6186770428015564 0.26666666666666666 0.6147859922178989 0.2611111111111111 0.6147859922178989 0.25555555555555554 0.603112840466926 0.2388888888888889 0.603112840466926 0.23333333333333334 0.5992217898832685 0.22777777777777777 0.5992217898832685 0.2222222222222222 0.5875486381322957 0.20555555555555555 0.5875486381322957 0.2 0.5797665369649806 0.18888888888888888 0.5797665369649806 0.18333333333333332 0.5758754863813229 0.17777777777777778 0.5758754863813229 0.17222222222222222 0.5642023346303502 0.15555555555555556 0.5642023346303502 0.15 0.556420233463035 0.1388888888888889 0.556420233463035 0.13333333333333333
8 0.6459143968871596 0.7888888888888889 0.6575875486381323 0.8 0.6770428015564203 0.8 0.6809338521400778 0.8055555555555556 0.6848249027237354 0.8055555555555556 0.688715953307393 0.8111111111111111 0.6964980544747081 0.8111111111111111 0.7003891050583657 0.8166666666666667 0.7042801556420234 0.8166666666666667 0.708171206225681 0.8222222222222222 0.7120622568093385 0.8222222222222222 0.7159533073929961 0.8277777777777777 0.7198443579766537 0.8277777777777777 0.7237354085603113 0.8333333333333334 0.7276264591439688 0.8333333333333334 0.7392996108949417 0.8444444444444444 0.7470817120622568 0.8444444444444444 0.7509727626459144 0.85 0.7587548638132295 0.85 0.7626459143968871 0.8555555555555555 0.77431906614786 0.8555555555555555 0.7782101167315175 0.8611111111111112 0.7821011673151751 0.8611111111111112 0.7859922178988327 0.8666666666666667 0.7898832684824902 0.8666666666666667 0.8015564202334631 0.8777777777777778 0.8093385214007782 0.8777777777777778 0.8132295719844358 0.8833333333333333 0.8249027237354085 0.8833333333333333 0.8287937743190662 0.8888888888888888 0.8365758754863813 0.8888888888888888 0.8404669260700389 0.8944444444444445 0.8599221789883269 0.8944444444444445 0.8638132295719845 0.9 0.867704280155642 0.9 0.8754863813229572 0.9111111111111111 0.8793774319066148 0.9111111111111111 0.8832684824902723 0.9166666666666666 0.8832684824902723 0.9333333333333333 0.8793774319066148 0.9388888888888889 0.8793774319066148 0.95 0.8754863813229572 0.9555555555555556 0.8754863813229572 0.9666666666666667 0.867704280155642 0.9777777777777777 0.8638132295719845 0.9777777777777777 0.8560311284046692 0.9666666666666667 0.8482490272373541 0.9666666666666667 0.8443579766536965 0.9611111111111111 0.8365758754863813 0.9611111111111111 0.8326848249027238 0.9555555555555556 0.8287937743190662 0.9555555555555556 0.8249027237354085 0.9611111111111111 0.8171206225680934 0.9611111111111111 0.8093385214007782 0.95 0.8015564202334631 0.95 0.7976653696498055 0.9444444444444444 0.7898832684824902 0.9444444444444444 0.7859922178988327 0.9388888888888889 0.7821011673151751 0.9388888888888889 0.7704280155642024 0.9277777777777778 0.7626459143968871 0.9277777777777778 0.7587548638132295 0.9222222222222223 0.7509727626459144 0.9222222222222223 0.7470817120622568 0.9166666666666666 0.7431906614785992 0.9166666666666666 0.7315175097276264 0.9055555555555556 0.7237354085603113 0.9055555555555556 0.7120622568093385 0.8944444444444445 0.7042801556420234 0.8944444444444445 0.6926070038910506 0.8833333333333333 0.6848249027237354 0.8833333333333333 0.6809338521400778 0.8777777777777778 0.6770428015564203 0.8777777777777778 0.6653696498054474 0.8666666666666667 0.6575875486381323 0.8666666666666667 0.6536964980544747 0.8611111111111112 0.6498054474708171 0.8611111111111112 0.6459143968871596 0.8555555555555555 0.642023346303502 0.8555555555555555 0.6381322957198443 0.85 0.6342412451361867 0.85 0.6264591439688716 0.8333333333333334 0.6264591439688716 0.8222222222222222 0.6303501945525292 0.8166666666666667 0.6303501945525292 0.8055555555555556 0.6381322957198443 0.7944444444444444 0.642023346303502 0.7944444444444444
8 0.12062256809338522 0.07222222222222222 0.14396887159533073 0.07222222222222222 0.1556420233463035 0.08888888888888889 0.15953307392996108 0.08888888888888889 0.16342412451361868 0.09444444444444444 0.1828793774319066 0.09444444444444444 0.1867704280155642 0.1 0.20233463035019456 0.1 0.20622568093385213 0.10555555555555556 0.22568093385214008 0.10555555555555556 0.22957198443579765 0.1111111111111111 0.24124513618677043 0.1111111111111111 0.245136186770428 0.11666666666666667 0.26459143968871596 0.11666666666666667 0.26848249027237353 0.12222222222222222 0.2801556420233463 0.12222222222222222 0.2840466926070039 0.12777777777777777 0.29961089494163423 0.12777777777777777 0.3035019455252918 0.13333333333333333 0.3151750972762646 0.13333333333333333 0.31906614785992216 0.1388888888888889 0.32684824902723736 0.1388888888888889 0.3424124513618677 0.16111111111111112 0.3463035019455253 0.16111111111111112 0.35019455252918286 0.16666666666666666 0.35797665369649806 0.16666666666666666 0.36186770428015563 0.17222222222222222 0.3735408560311284 0.17222222222222222 0.377431906614786 0.17777777777777778 0.3852140077821012 0.17777777777777778 0.38910505836575876 0.18333333333333332 0.3968871595330739 0.18333333333333332 0.4046692607003891 0.19444444444444445 0.4396887159533074 0.19444444444444445 0.44357976653696496 0.2 0.4708171206225681 0.2 0.47470817120622566 0.20555555555555555 0.490272373540856 0.20555555555555555 0.49416342412451364 0.2111111111111111 0.4785992217898833 0.2111111111111111 0.47470817120622566 0.20555555555555555 0.44357976653696496 0.20555555555555555 0.4396887159533074 0.2 0.4085603112840467 0.2 0.4046692607003891 0.19444444444444445 0.40077821011673154 0.19444444444444445 0.39299610894941633 0.20555555555555555 0.3852140077821012 0.20555555555555555 0.38132295719844356 0.2111111111111111 0.3463035019455253 0.2111111111111111 0.3424124513618677 0.20555555555555555 0.3229571984435798 0.20555555555555555 0.31906614785992216 0.2 0.29961089494163423 0.2 0.29571984435797666 0.19444444444444445 0.27626459143968873 0.19444444444444445 0.2723735408560311 0.18888888888888888 0.25680933852140075 0.18888888888888888 0.2529182879377432 0.18333333333333332 0.23735408560311283 0.18333333333333332 0.23346303501945526 0.17777777777777778 0.2140077821011673 0.17777777777777778 0.21011673151750973 0.17222222222222222 0.19066147859922178 0.17222222222222222 0.1867704280155642 0.16666666666666666 0.16342412451361868 0.16666666666666666 0.15953307392996108 0.16111111111111112 0.1517509727626459 0.16111111111111112 0.14785992217898833 0.15555555555555556 0.12062256809338522 0.15555555555555556 0.10894941634241245 0.17222222222222222 0.10505836575875487 0.16666666666666666 0.10505836575875487 0.15555555555555556 0.09727626459143969 0.14444444444444443 0.08949416342412451 0.14444444444444443 0.08560311284046693 0.1388888888888889 0.08171206225680934 0.1388888888888889 0.07003891050583658 0.12222222222222222 0.07003891050583658 0.11666666666666667 0.06614785992217899 0.1111111111111111 0.06614785992217899 0.09444444444444444 0.07003891050583658 0.08888888888888889 0.07003891050583658 0.07777777777777778 0.0933852140077821 0.07777777777777778 0.09727626459143969 0.08333333333333333 0.11673151750972763 0.08333333333333333 0.12062256809338522 0.07777777777777778
8 0.38132295719844356 0.8333333333333334 0.3852140077821012 0.8388888888888889 0.38910505836575876 0.8388888888888889 0.38910505836575876 0.8555555555555555 0.3968871595330739 0.8666666666666667 0.40077821011673154 0.8666666666666667 0.40077821011673154 0.8722222222222222 0.3968871595330739 0.8722222222222222 0.39299610894941633 0.8777777777777778 0.3852140077821012 0.8777777777777778 0.38132295719844356 0.8833333333333333 0.36964980544747084 0.8833333333333333 0.3657587548638132 0.8888888888888888 0.33073929961089493 0.8888888888888888 0.32684824902723736 0.8944444444444445 0.31906614785992216 0.8944444444444445 0.3151750972762646 0.9 0.30739299610894943 0.9 0.3035019455252918 0.9055555555555556 0.2918287937743191 0.9055555555555556 0.28793774319066145 0.9111111111111111 0.2801556420233463 0.9111111111111111 0.27626459143968873 0.9166666666666666 0.26848249027237353 0.9166666666666666 0.26459143968871596 0.9222222222222223 0.25680933852140075 0.9222222222222223 0.2529182879377432 0.9277777777777778 0.24124513618677043 0.9277777777777778 0.2490272373540856 0.9166666666666666 0.25680933852140075 0.9166666666666666 0.2607003891050584 0.9111111111111111 0.26848249027237353 0.9111111111111111 0.2723735408560311 0.9055555555555556 0.2801556420233463 0.9055555555555556 0.2840466926070039 0.9 0.2918287937743191 0.9 0.29571984435797666 0.8944444444444445 0.3035019455252918 0.8944444444444445 0.30739299610894943 0.8888888888888888 0.311284046692607 0.8888888888888888 0.31906614785992216 0.8777777777777778 0.3229571984435798 0.8777777777777778 0.32684824902723736 0.8722222222222222 0.33073929961089493 0.8722222222222222 0.33852140077821014 0.8611111111111112 0.3424124513618677 0.8611111111111112 0.3463035019455253 0.8555555555555555 0.35019455252918286 0.8555555555555555 0.3540856031128405 0.85 0.35797665369649806 0.85 0.36964980544747084 0.8388888888888889 0.377431906614786 0.8388888888888889
8 0.8404669260700389 0.14444444444444443 0.8443579766536965 0.14444444444444443 0.8482490272373541 0.1388888888888889 0.8599221789883269 0.1388888888888889 0.8638132295719845 0.14444444444444443 0.867704280155642 0.14444444444444443 0.867704280155642 0.19444444444444445 0.8754863813229572 0.20555555555555555 0.8754863813229572 0.22777777777777777 0.8793774319066148 0.23333333333333334 0.8793774319066148 0.25555555555555554 0.8832684824902723 0.2611111111111111 0.8832684824902723 0.3 0.8871595330739299 0.3055555555555556 0.8871595330739299 0.3388888888888889 0.8910505836575876 0.34444444444444444 0.8910505836575876 0.37777777777777777 0.8949416342412452 0.38333333333333336 0.8949416342412452 0.4166666666666667 0.8988326848249028 0.4222222222222222 0.8988326848249028 0.45 0.9027237354085603 0.45555555555555555 0.9027237354085603 0.4888888888888889 0.9066147859922179 0.49444444444444446 0.9027237354085603 0.5 0.9027237354085603 0.5111111111111111 0.8988326848249028 0.5166666666666667 0.8988326848249028 0.5722222222222222 0.8949416342412452 0.5777777777777777 0.8949416342412452 0.6722222222222223 0.8988326848249028 0.6777777777777778 0.8988326848249028 0.7055555555555556 0.9027237354085603 0.7111111111111111 0.9027237354085603 0.7388888888888889 0.9066147859922179 0.7444444444444445 0.9066147859922179 0.7666666666666667 0.9027237354085603 0.7666666666666667 0.9027237354085603 0.75 0.8988326848249028 0.7444444444444445 0.8988326848249028 0.7222222222222222 0.8949416342412452 0.7166666666666667 0.8949416342412452 0.6777777777777778 0.8910505836575876 0.6722222222222223 0.8910505836575876 0.6388888888888888 0.8871595330739299 0.6333333333333333 0.8871595330739299 0.6166666666666667 0.8832684824902723 0.6111111111111112 0.8832684824902723 0.6 0.8793774319066148 0.5944444444444444 0.8793774319066148 0.5833333333333334 0.8754863813229572 0.5777777777777777 0.8754863813229572 0.5555555555555556 0.8715953307392996 0.55 0.8715953307392996 0.5277777777777778 0.867704280155642 0.5222222222222223 0.867704280155642 0.5055555555555555 0.8638132295719845 0.5 0.8638132295719845 0.4722222222222222 0.8599221789883269 0.4666666666666667 0.8599221789883269 0.45 0.8560311284046692 0.4444444444444444 0.8560311284046692 0.42777777777777776 0.8521400778210116 0.4222222222222222 0.8521400778210116 0.3888888888888889 0.8482490272373541 0.38333333333333336 0.8482490272373541 0.34444444444444444 0.8443579766536965 0.3388888888888889 0.8443579766536965 0.3111111111111111 0.8404669260700389 0.3055555555555556 0.8404669260700389 0.2222222222222222 0.8365758754863813 0.21666666666666667 0.8365758754863813 0.15555555555555556 0.8404669260700389 0.15
8 0.042801556420233464 0.28888888888888886 0.04669260700389105 0.28888888888888886 0.04669260700389105 0.3111111111111111 0.05058365758754864 0.31666666666666665 0.05058365758754864 0.34444444444444444 0.054474708171206226 0.35 0.054474708171206226 0.3888888888888889 0.058365758754863814 0.39444444444444443 0.058365758754863814 0.42777777777777776 0.0622568093385214 0.43333333333333335 0.0622568093385214 0.45555555555555555 0.06614785992217899 0.46111111111111114 0.06614785992217899 0.4666666666666667 0.07782101167315175 0.48333333333333334 0.07782101167315175 0.5055555555555555 0.08171206225680934 0.5111111111111111 0.08171206225680934 0.5333333333333333 0.08560311284046693 0.5388888888888889 0.08560311284046693 0.5555555555555556 0.10116731517509728 0.5777777777777777 0.10116731517509728 0.5833333333333334 0.10505836575875487 0.5888888888888889 0.10505836575875487 0.6111111111111112 0.10116731517509728 0.6166666666666667 0.10505836575875487 0.6222222222222222 0.10505836575875487 0.65 0.10894941634241245 0.6555555555555556 0.10894941634241245 0.6777777777777778 0.11284046692607004 0.6833333333333333 0.11284046692607004 0.7388888888888889 0.11673151750972763 0.7444444444444445 0.11673151750972763 0.7722222222222223 0.12062256809338522 0.7777777777777778 0.12062256809338522 0.8 0.1245136186770428 0.8055555555555556 0.1245136186770428 0.8222222222222222 0.12840466926070038 0.8277777777777777 0.12840466926070038 0.8388888888888889 0.14396887159533073 0.8611111111111112 0.14396887159533073 0.8722222222222222 0.14785992217898833 0.8777777777777778 0.14785992217898833 0.8833333333333333 0.14396887159533073 0.8888888888888888 0.14785992217898833 0.8944444444444445 0.14785992217898833 0.9222222222222223 0.14007782101167315 0.9333333333333333 0.13229571984435798 0.9333333333333333 0.12062256809338522 0.9444444444444444 0.10116731517509728 0.9444444444444444 0.10116731517509728 0.9388888888888889 0.09727626459143969 0.9333333333333333 0.09727626459143969 0.9277777777777778 0.0933852140077821 0.9222222222222223 0.0933852140077821 0.9166666666666666 0.08560311284046693 0.9055555555555556 0.08560311284046693 0.8666666666666667 0.08171206225680934 0.8611111111111112 0.08171206225680934 0.8333333333333334 0.07782101167315175 0.8277777777777777 0.07782101167315175 0.7888888888888889 0.07392996108949416 0.7833333333333333 0.07392996108949416 0.7111111111111111 0.07003891050583658 0.7055555555555556 0.07003891050583658 0.6833333333333333 0.06614785992217899 0.6777777777777778 0.06614785992217899 0.6555555555555556 0.0622568093385214 0.65 0.0622568093385214 0.6388888888888888 0.06614785992217899 0.6333333333333333 0.0622568093385214 0.6277777777777778 0.0622568093385214 0.5777777777777777 0.058365758754863814 0.5722222222222222 0.0622568093385214 0.5666666666666667 0.0622568093385214 0.55 0.058365758754863814 0.5444444444444444 0.058365758754863814 0.4444444444444444 0.054474708171206226 0.4388888888888889 0.054474708171206226 0.40555555555555556 0.05058365758754864 0.4 0.05058365758754864 0.3611111111111111 0.04669260700389105 0.35555555555555557 0.04669260700389105 0.3277777777777778 0.042801556420233464 0.32222222222222224 0.042801556420233464 0.29444444444444445
8 0.5486381322957199 0.5555555555555556 0.5486381322957199 0.5611111111111111 0.5408560311284046 0.5722222222222222 0.5369649805447471 0.5722222222222222 0.5330739299610895 0.5777777777777777 0.5291828793774319 0.5777777777777777 0.5252918287937743 0.5833333333333334 0.5252918287937743 0.5888888888888889 0.5214007782101168 0.5888888888888889 0.5175097276264592 0.5944444444444444 0.5136186770428015 0.5944444444444444 0.5058365758754864 0.6055555555555555 0.5019455252918288 0.6055555555555555 0.49416342412451364 0.6166666666666667 0.490272373540856 0.6166666666666667 0.4785992217898833 0.6333333333333333 0.47470817120622566 0.6333333333333333 0.4669260700389105 0.6444444444444445 0.46303501945525294 0.6444444444444445 0.45525291828793774 0.6555555555555556 0.45525291828793774 0.6611111111111111 0.45136186770428016 0.6666666666666666 0.45136186770428016 0.6722222222222223 0.4280155642023346 0.7055555555555556 0.42412451361867703 0.7055555555555556 0.4163424124513619 0.7166666666666667 0.41245136186770426 0.7166666666666667 0.4085603112840467 0.7222222222222222 0.41245136186770426 0.7277777777777777 0.4085603112840467 0.7277777777777777 0.39299610894941633 0.75 0.38910505836575876 0.75 0.3852140077821012 0.7555555555555555 0.38132295719844356 0.7555555555555555 0.377431906614786 0.7611111111111111 0.3735408560311284 0.7611111111111111 0.36186770428015563 0.7777777777777778 0.35797665369649806 0.7777777777777778 0.3540856031128405 0.7833333333333333 0.35019455252918286 0.7833333333333333 0.33852140077821014 0.8 0.3346303501945525 0.8 0.311284046692607 0.8333333333333334 0.311284046692607 0.8388888888888889 0.30739299610894943 0.8444444444444444 0.29571984435797666 0.8444444444444444 0.28793774319066145 0.8555555555555555 0.2801556420233463 0.8555555555555555 0.2723735408560311 0.8666666666666667 0.26848249027237353 0.8666666666666667 0.24124513618677043 0.9055555555555556 0.24124513618677043 0.9166666666666666 0.23346303501945526 0.9333333333333333 0.2178988326848249 0.9333333333333333 0.2140077821011673 0.9388888888888889 0.19844357976653695 0.9388888888888889 0.19455252918287938 0.9444444444444444 0.19066147859922178 0.9444444444444444 0.1867704280155642 0.9388888888888889 0.17898832684824903 0.9388888888888889 0.16731517509727625 0.9222222222222223 0.16731517509727625 0.9111111111111111 0.16342412451361868 0.9055555555555556 0.16342412451361868 0.9 0.17509727626459143 0.8833333333333333 0.17898832684824903 0.8833333333333333 0.1828793774319066 0.8777777777777778 0.1867704280155642 0.8777777777777778 0.19455252918287938 0.8666666666666667 0.19455252918287938 0.8555555555555555 0.20233463035019456 0.8555555555555555 0.20622568093385213 0.85 0.2140077821011673 0.85 0.22957198443579765 0.8277777777777777 0.22957198443579765 0.8222222222222222 0.23735408560311283 0.8222222222222222 0.2490272373540856 0.8111111111111111 0.25680933852140075 0.8111111111111111 0.2607003891050584 0.8055555555555556 0.26459143968871596 0.8055555555555556 0.26848249027237353 0.8 0.2723735408560311 0.8 0.2801556420233463 0.7833333333333333 0.2840466926070039 0.7833333333333333 0.29571984435797666 0.7666666666666667 0.29961089494163423 0.7666666666666667 0.3035019455252918 0.7611111111111111 0.3035019455252918 0.7555555555555555 0.3229571984435798 0.7277777777777777 0.32684824902723736 0.7277777777777777 0.33852140077821014 0.7111111111111111 0.3463035019455253 0.7111111111111111 0.3540856031128405 0.7 0.35797665369649806 0.7 0.36964980544747084 0.6888888888888889 0.3852140077821012 0.6888888888888889 0.3968871595330739 0.6722222222222223 0.40077821011673154 0.6722222222222223 0.4046692607003891 0.6666666666666666 0.4085603112840467 0.6666666666666666 0.4163424124513619 0.6555555555555556 0.42412451361867703 0.6555555555555556 0.4280155642023346 0.65 0.4396887159533074 0.65 0.44357976653696496 0.6444444444444445 0.4474708171206226 0.6444444444444445 0.45136186770428016 0.6388888888888888 0.45525291828793774 0.6388888888888888 0.46303501945525294 0.6277777777777778 0.4669260700389105 0.6277777777777778 0.47470817120622566 0.6166666666666667 0.4785992217898833 0.6166666666666667 0.48249027237354086 0.6111111111111112 0.48638132295719844 0.6111111111111112 0.4980544747081712 0.5944444444444444 0.5019455252918288 0.5944444444444444 0.5058365758754864 0.5888888888888889 0.5097276264591439 0.5888888888888889 0.5291828793774319 0.5666666666666667 0.5330739299610895 0.5666666666666667 0.5369649805447471 0.5611111111111111 0.5447470817120622 0.5611111111111111
8 0.5369649805447471 0.11666666666666667 0.5525291828793775 0.1388888888888889 0.5525291828793775 0.14444444444444443 0.5680933852140078 0.17222222222222222 0.5680933852140078 0.20555555555555555 0.5719844357976653 0.2111111111111111 0.5719844357976653 0.22777777777777777 0.5758754863813229 0.23333333333333334 0.5758754863813229 0.2388888888888889 0.5797665369649806 0.24444444444444444 0.5797665369649806 0.25 0.5836575875486382 0.25555555555555554 0.5836575875486382 0.2611111111111111 0.5914396887159533 0.2777777777777778 0.5914396887159533 0.3 0.5992217898832685 0.31666666666666665 0.5992217898832685 0.32222222222222224 0.5953307392996109 0.3277777777777778 0.5953307392996109 0.3333333333333333 0.603112840466926 0.34444444444444444 0.6070038910505836 0.34444444444444444 0.6070038910505836 0.35 0.6147859922178989 0.3611111111111111 0.6147859922178989 0.36666666666666664 0.6186770428015564 0.37222222222222223 0.6186770428015564 0.38333333333333336 0.622568093385214 0.3888888888888889 0.622568093385214 0.39444444444444443 0.6264591439688716 0.4 0.6264591439688716 0.40555555555555556 0.6303501945525292 0.4111111111111111 0.6303501945525292 0.4166666666666667 0.6342412451361867 0.4222222222222222 0.6342412451361867 0.42777777777777776 0.6381322957198443 0.43333333333333335 0.6381322957198443 0.4388888888888889 0.642023346303502 0.4444444444444444 0.642023346303502 0.46111111111111114 0.6381322957198443 0.4666666666666667 0.6381322957198443 0.4722222222222222 0.6498054474708171 0.4888888888888889 0.6498054474708171 0.5166666666666667 0.6536964980544747 0.5222222222222223 0.6536964980544747 0.55 0.6575875486381323 0.5555555555555556 0.6536964980544747 0.5611111111111111 0.6536964980544747 0.5666666666666667 0.6575875486381323 0.5722222222222222 0.6575875486381323 0.5833333333333334 0.6614785992217899 0.5888888888888889 0.6614785992217899 0.5944444444444444 0.669260700389105 0.6055555555555555 0.669260700389105 0.6111111111111112 0.6770428015564203 0.6277777777777778 0.6770428015564203 0.6388888888888888 0.6809338521400778 0.6444444444444445 0.6809338521400778 0.65 0.6848249027237354 0.6555555555555556 0.6848249027237354 0.6611111111111111 0.688715953307393 0.6666666666666666 0.688715953307393 0.6722222222222223 0.6926070038910506 0.6777777777777778 0.6926070038910506 0.6833333333333333 0.6964980544747081 0.6888888888888889 0.6964980544747081 0.6944444444444444 0.7003891050583657 0.7 0.7003891050583657 0.7055555555555556 0.7042801556420234 0.7111111111111111 0.7042801556420234 0.7277777777777777 0.7003891050583657 0.7222222222222222 0.7003891050583657 0.7166666666666667 0.6964980544747081 0.7111111111111111 0.6964980544747081 0.7055555555555556 0.6926070038910506 0.7 0.6926070038910506 0.6944444444444444 0.688715953307393 0.6888888888888889 0.688715953307393 0.6833333333333333 0.6848249027237354 0.6777777777777778 0.6848249027237354 0.6722222222222223 0.6809338521400778 0.6666666666666666 0.6809338521400778 0.6611111111111111 0.6770428015564203 0.6555555555555556 0.6770428015564203 0.6444444444444445 0.6731517509727627 0.6388888888888888 0.6731517509727627 0.6333333333333333 0.669260700389105 0.6277777777777778 0.669260700389105 0.6222222222222222 0.6653696498054474 0.6166666666666667 0.6653696498054474 0.6111111111111112 0.6614785992217899 0.6055555555555555 0.6614785992217899 0.6 0.6575875486381323 0.5944444444444444 0.6575875486381323 0.5833333333333334 0.6498054474708171 0.5722222222222222 0.6498054474708171 0.5666666666666667 0.6459143968871596 0.5611111111111111 0.642023346303502 0.5611111111111111 0.642023346303502 0.5555555555555556 0.6264591439688716 0.5277777777777778 0.6264591439688716 0.5222222222222223 0.622568093385214 0.5166666666666667 0.622568093385214 0.5111111111111111 0.6186770428015564 0.5055555555555555 0.6186770428015564 0.5 0.603112840466926 0.4722222222222222 0.603112840466926 0.46111111111111114 0.5992217898832685 0.45555555555555555 0.5992217898832685 0.45 0.5914396887159533 0.43333333333333335 0.5914396887159533 0.4222222222222222 0.5836575875486382 0.4111111111111111 0.5836575875486382 0.40555555555555556 0.5797665369649806 0.4 0.5797665369649806 0.39444444444444443 0.5758754863813229 0.3888888888888889 0.5758754863813229 0.38333333333333336 0.5719844357976653 0.37777777777777777 0.5719844357976653 0.37222222222222223 0.5642023346303502 0.3611111111111111 0.5642023346303502 0.35555555555555557 0.556420233463035 0.3388888888888889 0.556420233463035 0.3277777777777778 0.5486381322957199 0.31666666666666665 0.5486381322957199 0.3055555555555556 0.5408560311284046 0.29444444444444445 0.5408560311284046 0.2833333333333333 0.5369649805447471 0.2777777777777778 0.5369649805447471 0.2611111111111111 0.5330739299610895 0.25555555555555554 0.5330739299610895 0.25 0.5252918287937743 0.2388888888888889 0.5252918287937743 0.23333333333333334 0.5214007782101168 0.22777777777777777 0.5214007782101168 0.2222222222222222 0.5136186770428015 0.2111111111111111 0.5136186770428015 0.20555555555555555 0.5097276264591439 0.2 0.5097276264591439 0.17777777777777778 0.5058365758754864 0.17222222222222222 0.5058365758754864 0.15 0.5252918287937743 0.12222222222222222 0.5330739299610895 0.12222222222222222
8 0.5175097276264592 0.022222222222222223 0.5408560311284046 0.022222222222222223 0.5447470817120622 0.027777777777777776 0.556420233463035 0.027777777777777776 0.5603112840466926 0.022222222222222223 0.5642023346303502 0.022222222222222223 0.5680933852140078 0.027777777777777776 0.5719844357976653 0.027777777777777776 0.5758754863813229 0.03333333333333333 0.5797665369649806 0.03333333333333333 0.5836575875486382 0.03888888888888889 0.5875486381322957 0.03888888888888889 0.5992217898832685 0.05 0.6070038910505836 0.05 0.6108949416342413 0.05555555555555555 0.6186770428015564 0.05555555555555555 0.622568093385214 0.06111111111111111 0.6342412451361867 0.06111111111111111 0.6381322957198443 0.06666666666666667 0.6575875486381323 0.06666666666666667 0.6614785992217899 0.07222222222222222 0.669260700389105 0.07222222222222222 0.6731517509727627 0.07777777777777778 0.6848249027237354 0.07777777777777778 0.688715953307393 0.08333333333333333 0.7003891050583657 0.08333333333333333 0.7042801556420234 0.08888888888888889 0.7120622568093385 0.08888888888888889 0.7159533073929961 0.09444444444444444 0.7315175097276264 0.09444444444444444 0.7354085603112841 0.1 0.7470817120622568 0.1 0.7509727626459144 0.10555555555555556 0.7587548638132295 0.10555555555555556 0.7782101167315175 0.13333333333333333 0.7821011673151751 0.13333333333333333 0.7859922178988327 0.1388888888888889 0.7937743190661478 0.1388888888888889 0.7976653696498055 0.14444444444444443 0.8054474708171206 0.14444444444444443 0.8093385214007782 0.15 0.8132295719844358 0.15 0.8171206225680934 0.15555555555555556 0.8210116731517509 0.15555555555555556 0.8326848249027238 0.16666666666666666 0.8210116731517509 0.17777777777777778 0.77431906614786 0.17777777777777778 0.7704280155642024 0.17222222222222222 0.754863813229572 0.17222222222222222 0.7509727626459144 0.16666666666666666 0.7392996108949417 0.16666666666666666 0.7354085603112841 0.16111111111111112 0.7198443579766537 0.16111111111111112 0.7159533073929961 0.15555555555555556 0.7042801556420234 0.15555555555555556 0.7003891050583657 0.15 0.6848249027237354 0.15 0.6809338521400778 0.14444444444444443 0.669260700389105 0.14444444444444443 0.6653696498054474 0.1388888888888889 0.6575875486381323 0.1388888888888889 0.6536964980544747 0.13333333333333333 0.642023346303502 0.13333333333333333 0.6381322957198443 0.12777777777777777 0.622568093385214 0.12777777777777777 0.6186770428015564 0.12222222222222222 0.6070038910505836 0.12222222222222222 0.603112840466926 0.11666666666666667 0.5875486381322957 0.11666666666666667 0.5836575875486382 0.1111111111111111 0.5719844357976653 0.1111111111111111 0.5680933852140078 0.10555555555555556 0.556420233463035 0.10555555555555556 0.5525291828793775 0.1111111111111111 0.5486381322957199 0.1111111111111111 0.5408560311284046 0.1 0.5330739299610895 0.1 0.5291828793774319 0.09444444444444444 0.5252918287937743 0.09444444444444444 0.5136186770428015 0.07777777777777778 0.5136186770428015 0.03333333333333333 0.5175097276264592 0.027777777777777776
8 0.6186770428015564 0.7111111111111111 0.622568093385214 0.7166666666666667 0.6303501945525292 0.7166666666666667 0.6342412451361867 0.7222222222222222 0.6381322957198443 0.7222222222222222 0.642023346303502 0.7277777777777777 0.642023346303502 0.7444444444444445 0.6381322957198443 0.75 0.6342412451361867 0.75 0.6303501945525292 0.7555555555555555 0.6264591439688716 0.7555555555555555 0.622568093385214 0.7611111111111111 0.6186770428015564 0.7611111111111111 0.6108949416342413 0.7722222222222223 0.6070038910505836 0.7722222222222223 0.603112840466926 0.7777777777777778 0.5914396887159533 0.7777777777777778 0.5875486381322957 0.7833333333333333 0.5797665369649806 0.7833333333333333 0.5719844357976653 0.7944444444444444 0.5642023346303502 0.7944444444444444 0.5603112840466926 0.8 0.5525291828793775 0.8 0.5486381322957199 0.8055555555555556 0.5408560311284046 0.8055555555555556 0.5369649805447471 0.8111111111111111 0.5330739299610895 0.8111111111111111 0.5214007782101168 0.8222222222222222 0.5136186770428015 0.8222222222222222 0.5097276264591439 0.8277777777777777 0.5019455252918288 0.8277777777777777 0.490272373540856 0.8388888888888889 0.48249027237354086 0.8388888888888889 0.4785992217898833 0.8444444444444444 0.47470817120622566 0.8444444444444444 0.46303501945525294 0.8555555555555555 0.45525291828793774 0.8555555555555555 0.45136186770428016 0.8611111111111112 0.44357976653696496 0.8611111111111112 0.4396887159533074 0.8666666666666667 0.4357976653696498 0.8666666666666667 0.43190661478599224 0.8722222222222222 0.42412451361867703 0.8722222222222222 0.42023346303501946 0.8777777777777778 0.4163424124513619 0.8722222222222222 0.3968871595330739 0.8722222222222222 0.39299610894941633 0.8777777777777778 0.3852140077821012 0.8777777777777778 0.38132295719844356 0.8833333333333333 0.3657587548638132 0.8833333333333333 0.36186770428015563 0.8888888888888888 0.33073929961089493 0.8888888888888888 0.32684824902723736 0.8833333333333333 0.3229571984435798 0.8833333333333333 0.3346303501945525 0.8666666666666667 0.33852140077821014 0.8666666666666667 0.3463035019455253 0.8555555555555555 0.35019455252918286 0.8555555555555555 0.3540856031128405 0.85 0.35797665369649806 0.85 0.36186770428015563 0.8444444444444444 0.3657587548638132 0.8444444444444444 0.377431906614786 0.8333333333333334 0.38910505836575876 0.8333333333333334 0.3968871595330739 0.8222222222222222 0.40077821011673154 0.8222222222222222 0.4046692607003891 0.8166666666666667 0.41245136186770426 0.8166666666666667 0.4163424124513619 0.8111111111111111 0.42412451361867703 0.8111111111111111 0.4280155642023346 0.8055555555555556 0.43190661478599224 0.8055555555555556 0.4357976653696498 0.8 0.4396887159533074 0.8 0.45136186770428016 0.7888888888888889 0.4591439688715953 0.7888888888888889 0.46303501945525294 0.7833333333333333 0.4708171206225681 0.7833333333333333 0.47470817120622566 0.7777777777777778 0.4785992217898833 0.7777777777777778 0.48249027237354086 0.7722222222222223 0.490272373540856 0.7722222222222223 0.49416342412451364 0.7666666666666667 0.4980544747081712 0.7666666666666667 0.5019455252918288 0.7611111111111111 0.5058365758754864 0.7611111111111111 0.5097276264591439 0.7555555555555555 0.5214007782101168 0.7555555555555555 0.5330739299610895 0.7444444444444445 0.5447470817120622 0.7444444444444445 0.5486381322957199 0.7388888888888889 0.556420233463035 0.7388888888888889 0.5603112840466926 0.7333333333333333 0.5680933852140078 0.7333333333333333 0.5719844357976653 0.7277777777777777 0.5797665369649806 0.7277777777777777 0.5914396887159533 0.7166666666666667 0.6147859922178989 0.7166666666666667
8 0.5175097276264592 0.022222222222222223 0.5408560311284046 0.022222222222222223 0.5447470817120622 0.027777777777777776 0.556420233463035 0.027777777777777776 0.5603112840466926 0.022222222222222223 0.5642023346303502 0.022222222222222223 0.5680933852140078 0.027777777777777776 0.5719844357976653 0.027777777777777776 0.5758754863813229 0.03333333333333333 0.5797665369649806 0.03333333333333333 0.5836575875486382 0.03888888888888889 0.5875486381322957 0.03888888888888889 0.5953307392996109 0.05 0.6070038910505836 0.05 0.6108949416342413 0.05555555555555555 0.6186770428015564 0.05555555555555555 0.622568093385214 0.06111111111111111 0.6342412451361867 0.06111111111111111 0.6381322957198443 0.06666666666666667 0.6498054474708171 0.06666666666666667 0.6536964980544747 0.07222222222222222 0.669260700389105 0.07222222222222222 0.6731517509727627 0.07777777777777778 0.6848249027237354 0.07777777777777778 0.688715953307393 0.08333333333333333 0.6964980544747081 0.08333333333333333 0.7003891050583657 0.08888888888888889 0.7120622568093385 0.08888888888888889 0.7159533073929961 0.09444444444444444 0.7315175097276264 0.09444444444444444 0.7354085603112841 0.1 0.7470817120622568 0.1 0.7509727626459144 0.10555555555555556 0.7587548638132295 0.10555555555555556 0.7665369649805448 0.11666666666666667 0.7665369649805448 0.12222222222222222 0.7704280155642024 0.12777777777777777 0.77431906614786 0.12777777777777777 0.7782101167315175 0.13333333333333333 0.7821011673151751 0.13333333333333333 0.7937743190661478 0.14444444444444443 0.8054474708171206 0.14444444444444443 0.8093385214007782 0.15 0.8132295719844358 0.15 0.8171206225680934 0.15555555555555556 0.8210116731517509 0.15555555555555556 0.8287937743190662 0.16666666666666666 0.8249027237354085 0.17222222222222222 0.8132295719844358 0.17222222222222222 0.8093385214007782 0.17777777777777778 0.7821011673151751 0.17777777777777778 0.7782101167315175 0.17222222222222222 0.7587548638132295 0.17222222222222222 0.754863813229572 0.16666666666666666 0.7431906614785992 0.16666666666666666 0.7392996108949417 0.16111111111111112 0.7237354085603113 0.16111111111111112 0.7198443579766537 0.15555555555555556 0.708171206225681 0.15555555555555556 0.7042801556420234 0.15 0.688715953307393 0.15 0.6848249027237354 0.14444444444444443 0.669260700389105 0.14444444444444443 0.6653696498054474 0.1388888888888889 0.6575875486381323 0.1388888888888889 0.6536964980544747 0.13333333333333333 0.6459143968871596 0.13333333333333333 0.642023346303502 0.12777777777777777 0.622568093385214 0.12777777777777777 0.6186770428015564 0.12222222222222222 0.6108949416342413 0.12222222222222222 0.6070038910505836 0.11666666666666667 0.5914396887159533 0.11666666666666667 0.5875486381322957 0.1111111111111111 0.5719844357976653 0.1111111111111111 0.5680933852140078 0.10555555555555556 0.5525291828793775 0.10555555555555556 0.5486381322957199 0.1111111111111111 0.5408560311284046 0.1 0.5369649805447471 0.1 0.5330739299610895 0.09444444444444444 0.5291828793774319 0.09444444444444444 0.5252918287937743 0.08888888888888889 0.5214007782101168 0.08888888888888889 0.5175097276264592 0.08333333333333333 0.5175097276264592 0.07777777777777778 0.5136186770428015 0.07222222222222222 0.5136186770428015 0.03333333333333333 0.5175097276264592 0.027777777777777776
8 0.40077821011673154 0.2 0.40077821011673154 0.21666666666666667 0.377431906614786 0.25 0.3735408560311284 0.25 0.36964980544747084 0.25555555555555554 0.36964980544747084 0.2611111111111111 0.36186770428015563 0.2722222222222222 0.36186770428015563 0.2833333333333333 0.3540856031128405 0.29444444444444445 0.3540856031128405 0.3 0.33852140077821014 0.32222222222222224 0.33852140077821014 0.3277777777777778 0.32684824902723736 0.34444444444444444 0.32684824902723736 0.35 0.31906614785992216 0.3611111111111111 0.31906614785992216 0.36666666666666664 0.3151750972762646 0.36666666666666664 0.29961089494163423 0.3888888888888889 0.29961089494163423 0.39444444444444443 0.29571984435797666 0.39444444444444443 0.2918287937743191 0.4 0.2918287937743191 0.40555555555555556 0.28793774319066145 0.40555555555555556 0.2607003891050584 0.4444444444444444 0.2607003891050584 0.45 0.2490272373540856 0.4666666666666667 0.2490272373540856 0.4722222222222222 0.245136186770428 0.4777777777777778 0.24124513618677043 0.4777777777777778 0.23735408560311283 0.48333333333333334 0.23346303501945526 0.48333333333333334 0.22957198443579765 0.4888888888888889 0.22568093385214008 0.4888888888888889 0.2178988326848249 0.5 0.2178988326848249 0.5055555555555555 0.2140077821011673 0.5055555555555555 0.21011673151750973 0.5111111111111111 0.21011673151750973 0.5222222222222223 0.20233463035019456 0.5333333333333333 0.19844357976653695 0.5333333333333333 0.19455252918287938 0.5388888888888889 0.19455252918287938 0.5444444444444444 0.19066147859922178 0.55 0.19066147859922178 0.5555555555555556 0.1867704280155642 0.5555555555555556 0.1828793774319066 0.5611111111111111 0.1867704280155642 0.5666666666666667 0.1867704280155642 0.5833333333333334 0.1828793774319066 0.5888888888888889 0.1828793774319066 0.5944444444444444 0.17898832684824903 0.5944444444444444 0.17509727626459143 0.6 0.16342412451361868 0.6 0.15953307392996108 0.6055555555555555 0.15953307392996108 0.6111111111111112 0.14785992217898833 0.6111111111111112 0.14007782101167315 0.6 0.13618677042801555 0.6 0.13229571984435798 0.5944444444444444 0.12840466926070038 0.5944444444444444 0.11673151750972763 0.5777777777777777 0.11673151750972763 0.5722222222222222 0.11284046692607004 0.5666666666666667 0.11284046692607004 0.5555555555555556 0.1245136186770428 0.5388888888888889 0.1245136186770428 0.5333333333333333 0.13229571984435798 0.5222222222222223 0.13618677042801555 0.5222222222222223 0.14007782101167315 0.5166666666666667 0.14007782101167315 0.5111111111111111 0.1556420233463035 0.4888888888888889 0.15953307392996108 0.4888888888888889 0.1867704280155642 0.45 0.19066147859922178 0.45 0.22178988326848248 0.40555555555555556 0.22568093385214008 0.40555555555555556 0.23735408560311283 0.3888888888888889 0.24124513618677043 0.3888888888888889 0.2529182879377432 0.37222222222222223 0.25680933852140075 0.37222222222222223 0.26848249027237353 0.35555555555555557 0.2723735408560311 0.35555555555555557 0.2801556420233463 0.34444444444444444 0.2840466926070039 0.34444444444444444 0.2918287937743191 0.3333333333333333 0.2918287937743191 0.31666666666666665 0.29571984435797666 0.3111111111111111 0.29961089494163423 0.3111111111111111 0.30739299610894943 0.3 0.30739299610894943 0.29444444444444445 0.3229571984435798 0.2722222222222222 0.32684824902723736 0.2722222222222222 0.33073929961089493 0.26666666666666666 0.3346303501945525 0.26666666666666666 0.33852140077821014 0.2611111111111111 0.3424124513618677 0.2611111111111111 0.35019455252918286 0.25 0.3540856031128405 0.25 0.3735408560311284 0.2222222222222222 0.377431906614786 0.2222222222222222 0.38132295719844356 0.21666666666666667 0.3852140077821012 0.21666666666666667 0.3968871595330739 0.20555555555555555
8 0.5758754863813229 0.7944444444444444 0.5836575875486382 0.7833333333333333 0.5914396887159533 0.7833333333333333 0.5953307392996109 0.7777777777777778 0.6147859922178989 0.7777777777777778 0.6186770428015564 0.7833333333333333 0.6186770428015564 0.7888888888888889 0.6264591439688716 0.8 0.6303501945525292 0.8 0.6381322957198443 0.7888888888888889 0.6498054474708171 0.7888888888888889 0.6614785992217899 0.8 0.6653696498054474 0.8 0.669260700389105 0.7944444444444444 0.6731517509727627 0.7944444444444444 0.6770428015564203 0.8 0.6809338521400778 0.8 0.6848249027237354 0.8055555555555556 0.688715953307393 0.8055555555555556 0.7003891050583657 0.8166666666666667 0.708171206225681 0.8166666666666667 0.7120622568093385 0.8222222222222222 0.7159533073929961 0.8222222222222222 0.7198443579766537 0.8277777777777777 0.7237354085603113 0.8277777777777777 0.7315175097276264 0.8388888888888889 0.7354085603112841 0.8388888888888889 0.7392996108949417 0.8444444444444444 0.7470817120622568 0.8444444444444444 0.7509727626459144 0.85 0.7587548638132295 0.85 0.7626459143968871 0.8555555555555555 0.77431906614786 0.8555555555555555 0.7782101167315175 0.8611111111111112 0.7821011673151751 0.8611111111111112 0.7859922178988327 0.8666666666666667 0.7898832684824902 0.8666666666666667 0.8015564202334631 0.8777777777777778 0.8093385214007782 0.8777777777777778 0.8132295719844358 0.8833333333333333 0.8249027237354085 0.8833333333333333 0.8287937743190662 0.8888888888888888 0.8365758754863813 0.8888888888888888 0.8404669260700389 0.8944444444444445 0.8599221789883269 0.8944444444444445 0.8638132295719845 0.9 0.867704280155642 0.9 0.8754863813229572 0.9111111111111111 0.8793774319066148 0.9111111111111111 0.8793774319066148 0.9166666666666666 0.8832684824902723 0.9222222222222223 0.8832684824902723 0.9333333333333333 0.8793774319066148 0.9388888888888889 0.8793774319066148 0.95 0.8754863813229572 0.9555555555555556 0.8754863813229572 0.9611111111111111 0.867704280155642 0.9777777777777777 0.8638132295719845 0.9777777777777777 0.8560311284046692 0.9666666666666667 0.8521400778210116 0.9666666666666667 0.8482490272373541 0.9611111111111111 0.8365758754863813 0.9611111111111111 0.8326848249027238 0.9555555555555556 0.8287937743190662 0.9555555555555556 0.8249027237354085 0.9611111111111111 0.8171206225680934 0.9611111111111111 0.8093385214007782 0.95 0.8054474708171206 0.95 0.8015564202334631 0.9444444444444444 0.7937743190661478 0.9444444444444444 0.7898832684824902 0.9388888888888889 0.7821011673151751 0.9388888888888889 0.7782101167315175 0.9333333333333333 0.7704280155642024 0.9333333333333333 0.7665369649805448 0.9277777777777778 0.7626459143968871 0.9277777777777778 0.7587548638132295 0.9222222222222223 0.7509727626459144 0.9222222222222223 0.7470817120622568 0.9166666666666666 0.7431906614785992 0.9166666666666666 0.7315175097276264 0.9055555555555556 0.7237354085603113 0.9055555555555556 0.7120622568093385 0.8944444444444445 0.7042801556420234 0.8944444444444445 0.6926070038910506 0.8833333333333333 0.6848249027237354 0.8833333333333333 0.6809338521400778 0.8777777777777778 0.6770428015564203 0.8777777777777778 0.6653696498054474 0.8666666666666667 0.6575875486381323 0.8666666666666667 0.6536964980544747 0.8611111111111112 0.6498054474708171 0.8611111111111112 0.6459143968871596 0.8555555555555555 0.642023346303502 0.8555555555555555 0.6381322957198443 0.85 0.6342412451361867 0.85 0.6264591439688716 0.8388888888888889 0.6264591439688716 0.8277777777777777 0.622568093385214 0.8222222222222222 0.6147859922178989 0.8222222222222222 0.6108949416342413 0.8166666666666667 0.5992217898832685 0.8166666666666667 0.5953307392996109 0.8111111111111111 0.5914396887159533 0.8111111111111111 0.5797665369649806 0.8