8 0.73 0.6733333333333333 0.75125 0.685 0.765 0.6966666666666667 0.78 0.705 0.79 0.7066666666666667 0.8025 0.72 0.81125 0.7216666666666667 0.855 0.75 0.9275 0.7916666666666666 0.98625 0.83 0.995 0.8333333333333334 0.99875 0.8366666666666667 0.99875 0.905 0.99375 0.905 0.97875 0.8966666666666666 0.96625 0.8866666666666667 0.93625 0.87 0.9225 0.8583333333333333 0.89 0.8416666666666667 0.85375 0.8166666666666667 0.71125 0.7316666666666667 0.70625 0.7216666666666667 0.69375 0.7083333333333334 0.6925 0.685 0.695 0.68 0.705 0.675 0.71625 0.6816666666666666 0.72875 0.6733333333333333
8 0.14875 0.635 0.1725 0.645 0.2075 0.665 0.2225 0.67 0.23375 0.6783333333333333 0.24625 0.6816666666666666 0.26125 0.6916666666666667 0.275 0.6966666666666667 0.28875 0.7066666666666667 0.32 0.72 0.325 0.72 0.3475 0.7366666666666667 0.35875 0.74 0.39625 0.7616666666666667 0.415 0.7683333333333333 0.4175 0.7716666666666666 0.42125 0.7716666666666666 0.43875 0.7533333333333333 0.4525 0.7433333333333333 0.4625 0.7383333333333333 0.47 0.74 0.47375 0.745 0.475 0.7783333333333333 0.47375 0.7883333333333333 0.46625 0.8033333333333333 0.465 0.81 0.4675 0.8133333333333334 0.53875 0.8483333333333334 0.55375 0.8583333333333333 0.5575 0.8583333333333333 0.57 0.8416666666666667 0.5775 0.8366666666666667 0.5875 0.84 0.59125 0.8466666666666667 0.59375 0.8566666666666667 0.59375 0.8716666666666667 0.58625 0.9033333333333333 0.5775 0.9216666666666666 0.56375 0.9333333333333333 0.555 0.9316666666666666 0.55 0.9266666666666666 0.54625 0.9116666666666666 0.5475 0.8983333333333333 0.54375 0.8916666666666667 0.44875 0.84 0.44125 0.84 0.42875 0.8583333333333333 0.4 0.8833333333333333 0.39375 0.8866666666666667 0.385 0.8833333333333333 0.38 0.8733333333333333 0.37875 0.8516666666666667 0.37875 0.835 0.3825 0.825 0.36375 0.81 0.34875 0.805 0.33125 0.7933333333333333 0.3225 0.7916666666666666 0.29875 0.7733333333333333 0.29875 0.7633333333333333 0.29625 0.7583333333333333 0.30875 0.75 0.30625 0.7433333333333333 0.28875 0.745 0.28625 0.7533333333333333 0.28125 0.7583333333333333 0.26875 0.76 0.235 0.7416666666666667 0.2075 0.73 0.1775 0.71 0.17125 0.71 0.1525 0.6983333333333334 0.14125 0.695 0.12125 0.6833333333333333 0.11625 0.6833333333333333 0.10875 0.675 0.1225 0.6566666666666666 0.125 0.6566666666666666 0.12875 0.6516666666666666 0.13 0.645 0.13625 0.6366666666666667 0.1475 0.635
8 0.34625 0 0.35875 0.005 0.36625 0.0016666666666666668 0.3775 0.0033333333333333335 0.385 0.02 0.39375 0.03 0.39875 0.056666666666666664 0.40625 0.06666666666666667 0.415 0.09166666666666666 0.40625 0.09833333333333333 0.39625 0.1 0.3775 0.11166666666666666 0.36 0.115 0.3475 0.12166666666666667 0.33125 0.12 0.3275 0.12666666666666668 0.32 0.12666666666666668 0.31125 0.13166666666666665 0.29375 0.13166666666666665 0.28875 0.12833333333333333 0.2875 0.13166666666666665 0.27625 0.13833333333333334 0.25875 0.14 0.255 0.14 0.2525 0.13166666666666665 0.2525 0.11166666666666666 0.2475 0.105 0.2375 0.10666666666666667 0.22875 0.11833333333333333 0.215 0.13 0.21125 0.135 0.21125 0.14166666666666666 0.20375 0.14833333333333334 0.2025 0.15333333333333332 0.1925 0.15666666666666668 0.19 0.16 0.1725 0.16 0.1675 0.15166666666666667 0.16625 0.14 0.1625 0.13333333333333333 0.16 0.12166666666666667 0.1575 0.12 0.15625 0.10666666666666667 0.1525 0.10166666666666667 0.13625 0.058333333333333334 0.1375 0.041666666666666664 0.1325 0.035 0.12875 0.011666666666666667 0.1325 0.005 0.14125 0 0.16 0 0.17625 0.01 0.18375 0.01 0.1875 0.005 0.1925 0.0033333333333333335 0.19625 0.0033333333333333335 0.19875 0.008333333333333333 0.20125 0.0033333333333333335 0.20875 0.0016666666666666668 0.21625 0.005 0.21875 0.01 0.2225 0.011666666666666667 0.23875 0.011666666666666667 0.25125 0.01 0.25375 0.005 0.26875 0.006666666666666667 0.27625 0.0033333333333333335 0.2925 0.005 0.2975 0.008333333333333333 0.31125 0.0016666666666666668 0.32 0.0033333333333333335 0.32375 0 0.345 0
8 0.14375 0.6333333333333333 0.17 0.6433333333333333 0.205 0.6633333333333333 0.25375 0.685 0.29 0.7066666666666667 0.31875 0.7183333333333334 0.325 0.7183333333333334 0.35375 0.7383333333333333 0.36125 0.74 0.395 0.76 0.41875 0.77 0.42625 0.7666666666666667 0.43625 0.755 0.45625 0.74 0.4675 0.7383333333333333 0.4725 0.7416666666666667 0.475 0.755 0.475 0.7866666666666666 0.46625 0.805 0.46625 0.81 0.46875 0.8133333333333334 0.505 0.83 0.51375 0.8366666666666667 0.55625 0.8583333333333333 0.57125 0.84 0.5775 0.8366666666666667 0.5875 0.84 0.5925 0.8483333333333334 0.595 0.8683333333333333 0.58625 0.905 0.57875 0.92 0.565 0.9333333333333333 0.5575 0.9333333333333333 0.55 0.9266666666666666 0.54625 0.9116666666666666 0.5475 0.9 0.5425 0.8916666666666667 0.50625 0.87 0.4475 0.84 0.4425 0.84 0.42125 0.8666666666666667 0.40125 0.8833333333333333 0.39375 0.8866666666666667 0.38625 0.885 0.38125 0.88 0.38 0.875 0.37875 0.8333333333333334 0.38125 0.825 0.3625 0.81 0.325 0.7933333333333333 0.29875 0.775 0.295 0.7566666666666667 0.3025 0.7516666666666667 0.3 0.7466666666666667 0.29 0.7466666666666667 0.28375 0.7583333333333333 0.27625 0.7616666666666667 0.26625 0.76 0.23375 0.7416666666666667 0.2125 0.7333333333333333 0.17875 0.7116666666666667 0.17125 0.71 0.13125 0.6883333333333334 0.11625 0.6833333333333333 0.10875 0.675 0.12125 0.6566666666666666 0.1275 0.6533333333333333 0.12875 0.645 0.13625 0.635 0.1425 0.6333333333333333
8 0.4875 0.065 0.4875 0.06833333333333333 0.4775 0.075 0.3175 0.15 0.3125 0.15333333333333332 0.29375 0.17833333333333334 0.28 0.185 0.26375 0.19833333333333333 0.2275 0.21666666666666667 0.21125 0.21833333333333332 0.195 0.21666666666666667 0.1925 0.20833333333333334 0.1925 0.19833333333333333 0.18875 0.19166666666666668 0.185 0.19166666666666668 0.1825 0.195 0.175 0.195 0.1825 0.19166666666666668 0.1875 0.185 0.18875 0.17666666666666667 0.1925 0.17333333333333334 0.2 0.17333333333333334 0.22 0.16666666666666666 0.23125 0.15833333333333333 0.2625 0.14833333333333334 0.27875 0.14 0.31 0.145 0.37 0.115 0.38875 0.10833333333333334 0.395 0.10333333333333333 0.42125 0.09333333333333334 0.43 0.08666666666666667 0.445 0.08166666666666667 0.45875 0.07333333333333333 0.48 0.065 0.48625 0.065
8 0.39125 0.32 0.40125 0.32666666666666666 0.4025 0.3416666666666667 0.39 0.35833333333333334 0.39 0.37 0.3825 0.38333333333333336 0.38 0.38333333333333336 0.36875 0.39666666666666667 0.3525 0.41 0.34625 0.42333333333333334 0.3375 0.43 0.33375 0.43833333333333335 0.32375 0.44333333333333336 0.30375 0.46166666666666667 0.29125 0.4766666666666667 0.28875 0.4766666666666667 0.26875 0.5016666666666667 0.24375 0.5233333333333333 0.23125 0.54 0.21375 0.5533333333333333 0.19875 0.5733333333333334 0.18625 0.5816666666666667 0.1675 0.605 0.165 0.605 0.1425 0.625 0.12 0.655 0.11375 0.6583333333333333 0.07875 0.6966666666666667 0.0625 0.71 0.0375 0.7383333333333333 0.0125 0.76 0.0075 0.7683333333333333 0.00125 0.7733333333333333 0 0.695 0.0025 0.6933333333333334 0.00375 0.6883333333333334 0.04625 0.645 0.065 0.63 0.09875 0.5966666666666667 0.1575 0.5316666666666666 0.16625 0.525 0.25375 0.435 0.29 0.40166666666666667 0.3025 0.385 0.3125 0.37833333333333335 0.31875 0.36833333333333335 0.33 0.36333333333333334 0.36 0.33 0.36625 0.3283333333333333 0.37375 0.33166666666666667 0.3825 0.3233333333333333 0.39 0.32
8 0.9425 0.3233333333333333 0.9525 0.33666666666666667 0.9625 0.36666666666666664 0.9725 0.3883333333333333 0.99875 0.38666666666666666 0.99875 0.455 0.99125 0.4583333333333333 0.9875 0.4633333333333333 0.9875 0.47833333333333333 0.99125 0.5066666666666667 0.99 0.5183333333333333 0.985 0.5283333333333333 0.975 0.535 0.9625 0.5366666666666666 0.95625 0.5316666666666666 0.94875 0.5183333333333333 0.9375 0.485 0.9325 0.4816666666666667 0.9125 0.4866666666666667 0.88375 0.48833333333333334 0.85125 0.49666666666666665 0.83 0.49833333333333335 0.81625 0.5033333333333333 0.7375 0.515 0.71875 0.5216666666666666 0.69625 0.5233333333333333 0.6575 0.5333333333333333 0.625 0.535 0.61375 0.54 0.60625 0.5366666666666666 0.59875 0.5266666666666666 0.53625 0.53 0.53 0.5333333333333333 0.4925 0.5333333333333333 0.4725 0.5216666666666666 0.47125 0.515 0.47375 0.51 0.4775 0.5083333333333333 0.49375 0.49 0.51125 0.4866666666666667 0.5225 0.4816666666666667 0.54125 0.48 0.57375 0.4716666666666667 0.58125 0.4666666666666667 0.59375 0.4633333333333333 0.59625 0.45666666666666667 0.60375 0.4483333333333333 0.62375 0.4483333333333333 0.64 0.445 0.65875 0.43666666666666665 0.68375 0.435 0.715 0.4266666666666667 0.75875 0.4216666666666667 0.765 0.41833333333333333 0.8025 0.41333333333333333 0.81625 0.4083333333333333 0.8525 0.405 0.87625 0.39666666666666667 0.9125 0.39 0.91625 0.38666666666666666 0.91375 0.36833333333333335 0.915 0.3383333333333333 0.9325 0.3233333333333333 0.94125 0.3233333333333333
8 0.7975 0.695 0.945 0.7366666666666667 0.95375 0.7366666666666667 0.95875 0.7316666666666667 0.96625 0.7316666666666667 0.9775 0.725 0.9925 0.7266666666666667 0.99875 0.73 0.99875 0.78 0.98 0.7766666666666666 0.97 0.7716666666666666 0.95875 0.76 0.95 0.7466666666666667 0.945 0.7433333333333333 0.84 0.7133333333333334 0.8075 0.7066666666666667 0.7925 0.7 0.79125 0.6966666666666667 0.79625 0.695
8 0.48625 0.06666666666666667 0.4825 0.07166666666666667 0.4575 0.085 0.44875 0.08666666666666667 0.4425 0.09166666666666666 0.42375 0.09833333333333333 0.35625 0.13333333333333333 0.3475 0.135 0.3275 0.14666666666666667 0.3125 0.15166666666666667 0.2925 0.17833333333333334 0.27875 0.185 0.2625 0.19833333333333333 0.22875 0.215 0.19875 0.21833333333333332 0.195 0.22333333333333333 0.18 0.23 0.175 0.23666666666666666 0.165 0.24166666666666667 0.14 0.27166666666666667 0.125 0.27666666666666667 0.11875 0.2833333333333333 0.1125 0.2833333333333333 0.10875 0.28 0.095 0.28 0.08875 0.285 0.075 0.2866666666666667 0.04875 0.3 0.04375 0.3 0.02625 0.31166666666666665 0.0175 0.31333333333333335 0.00125 0.32166666666666666 0 0.24166666666666667 0.00375 0.23666666666666666 0.0025 0.22833333333333333 0.00625 0.20666666666666667 0 0.19833333333333333 0 0.10666666666666667 0.0025 0.105 0.005 0.095 0.0225 0.08 0.035 0.075 0.06 0.075 0.07 0.07833333333333334 0.08 0.08666666666666667 0.08375 0.08666666666666667 0.11625 0.07166666666666667 0.135 0.07166666666666667 0.14875 0.10166666666666667 0.1525 0.12 0.16125 0.145 0.16875 0.18833333333333332 0.17125 0.19333333333333333 0.185 0.185 0.19125 0.175 0.21375 0.165 0.21625 0.16166666666666665 0.21625 0.155 0.21875 0.155 0.2225 0.16166666666666665 0.22625 0.16166666666666665 0.24625 0.15166666666666667 0.2625 0.14833333333333334 0.28 0.14 0.31125 0.145 0.355 0.12166666666666667 0.4225 0.09333333333333334 0.4375 0.08 0.44875 0.08 0.465 0.06833333333333333 0.47 0.07 0.47625 0.06666666666666667 0.485 0.06666666666666667
8 0 0.43833333333333335 0.01625 0.44166666666666665 0.06 0.4583333333333333 0.07375 0.4716666666666667 0.07625 0.47833333333333333 0.08125 0.48333333333333334 0.08875 0.48333333333333334 0.12625 0.49666666666666665 0.145 0.5 0.1725 0.5116666666666667 0.17 0.515 0.16125 0.515 0.0925 0.49333333333333335 0.07625 0.495 0.07125 0.5033333333333333 0.0625 0.5083333333333333 0 0.5033333333333333 0 0.44
8 0.77 0 0.8675 0 0.87375 0.0033333333333333335 0.87875 0 0.89625 0 0.89875 0.0033333333333333335 0.89875 0.008333333333333333 0.89375 0.018333333333333333 0.89375 0.028333333333333332 0.8875 0.041666666666666664 0.88375 0.07166666666666667 0.8775 0.085 0.87875 0.08833333333333333 0.875 0.09833333333333333 0.87 0.105 0.87125 0.10833333333333334 0.8675 0.12333333333333334 0.86625 0.15666666666666668 0.85875 0.18166666666666667 0.83875 0.21 0.82 0.22 0.81375 0.21833333333333332 0.7875 0.27166666666666667 0.77875 0.2833333333333333 0.77375 0.285 0.76875 0.2916666666666667 0.75875 0.33166666666666667 0.7525 0.34833333333333333 0.7475 0.37333333333333335 0.74125 0.39 0.74125 0.37333333333333335 0.765 0.285 0.76375 0.2733333333333333 0.75875 0.265 0.75875 0.25166666666666665 0.765 0.23 0.76625 0.21333333333333335 0.75125 0.2 0.74125 0.18333333333333332 0.7325 0.155 0.7325 0.12333333333333334 0.7375 0.1 0.745 0.08166666666666667 0.75125 0.055 0.75625 0.043333333333333335 0.7575 0.03333333333333333 0.76625 0.006666666666666667 0.77 0.0016666666666666668
8 0.94875 0.6083333333333333 0.96875 0.5933333333333334 0.98 0.5816666666666667 0.995 0.5716666666666667 0.99875 0.5716666666666667 0.99875 0.6283333333333333 0.9925 0.6366666666666667 0.9675 0.6466666666666666 0.9375 0.645 0.895 0.675 0.8675 0.6883333333333334 0.85375 0.6916666666666667 0.85875 0.685 0.8775 0.6716666666666666 0.88625 0.6683333333333333 0.93625 0.635 0.94875 0.61
8 0.38375 0 0.40875 0 0.4125 0.0033333333333333335 0.4225 0.0033333333333333335 0.425 0 0.44625 0 0.45125 0.0033333333333333335 0.4625 0.0033333333333333335 0.46625 0 0.5275 0 0.53125 0.0033333333333333335 0.53625 0.01 0.53625 0.015 0.56 0.04666666666666667 0.565 0.06333333333333334 0.57125 0.07166666666666667 0.57625 0.08666666666666667 0.58375 0.09833333333333333 0.58875 0.11166666666666666 0.59875 0.12666666666666668 0.6025 0.13833333333333334 0.63125 0.19333333333333333 0.655 0.24666666666666667 0.66125 0.255 0.6625 0.26166666666666666 0.72 0.38 0.72 0.4033333333333333 0.715 0.4166666666666667 0.7125 0.4166666666666667 0.70875 0.4116666666666667 0.7 0.39 0.69375 0.385 0.685 0.385 0.67 0.395 0.66125 0.4083333333333333 0.6575 0.425 0.65125 0.4266666666666667 0.64875 0.43166666666666664 0.64 0.43833333333333335 0.61125 0.44 0.6 0.445 0.59 0.45666666666666667 0.5825 0.4533333333333333 0.57875 0.4483333333333333 0.57875 0.44166666666666665 0.565 0.4116666666666667 0.56 0.405 0.5425 0.36666666666666664 0.5325 0.34 0.51125 0.29833333333333334 0.4825 0.22166666666666668 0.455 0.17166666666666666 0.4425 0.145 0.435 0.12166666666666667 0.42875 0.115 0.4275 0.11 0.42875 0.105 0.4575 0.08833333333333333 0.465 0.08666666666666667 0.485 0.07333333333333333 0.48875 0.07333333333333333 0.4925 0.07 0.4925 0.06666666666666667 0.4875 0.06166666666666667 0.46625 0.06333333333333334 0.45875 0.065 0.44875 0.07166666666666667 0.4425 0.07166666666666667 0.43875 0.07666666666666666 0.43125 0.07833333333333334 0.4225 0.085 0.41625 0.08333333333333333 0.4025 0.058333333333333334 0.395 0.03166666666666667 0.39 0.02666666666666667 0.3875 0.02 0.38375 0.0016666666666666668
8 0.74125 0.5166666666666667 0.74375 0.5183333333333333 0.74375 0.5383333333333333 0.74625 0.545 0.7725 0.595 0.79 0.6366666666666667 0.7825 0.6316666666666667 0.7725 0.6166666666666667 0.75125 0.5733333333333334 0.74 0.545 0.7175 0.525 0.72375 0.52 0.74 0.5166666666666667