8 0.661875 0.019064124783362217 0.675625 0.02339688041594454 0.7025 0.025996533795493933 0.720625 0.03986135181975736 0.730625 0.0415944540727903 0.733125 0.045060658578856154 0.74125 0.043327556325823226 0.76125 0.05285961871750433 0.759375 0.05719237435008666 0.753125 0.05719237435008666 0.745625 0.06152512998266898 0.7325 0.06152512998266898 0.726875 0.06672443674176777 0.719375 0.0632582322357019 0.7175 0.0658578856152513 0.713125 0.0658578856152513 0.710625 0.07192374350086655 0.714375 0.07279029462738301 0.716875 0.07019064124783363 0.723125 0.07452339688041594 0.739375 0.07452339688041594 0.755625 0.0779896013864818 0.763125 0.07365684575389948 0.771875 0.060658578856152515 0.785625 0.058925476603119586 0.800625 0.06672443674176777 0.801875 0.07452339688041594 0.808125 0.08665511265164645 0.830625 0.09618717504332755 0.875625 0.10831889081455806 0.88875 0.11785095320623917 0.9025 0.12305025996533796 0.918125 0.1464471403812825 0.988125 0.16464471403812825 0.99625 0.1681109185441941 0.995 0.17504332755632582 0.95375 0.1681109185441941 0.925625 0.15771230502599654 0.91375 0.15771230502599654 0.896875 0.16897746967071056 0.860625 0.1681109185441941 0.85 0.16464471403812825 0.845 0.1611785095320624 0.840625 0.12391681109185441 0.831875 0.09965337954939342 0.824375 0.10051993067590988 0.82125 0.1048526863084922 0.82 0.11525129982668977 0.821875 0.1265164644714038 0.81625 0.1369150779896014 0.793125 0.14558058925476602 0.778125 0.1464471403812825 0.755 0.15337954939341422 0.74 0.15337954939341422 0.73375 0.1438474870017331 0.731875 0.12998266897746968 0.726875 0.12824956672443674 0.7225 0.11005199306759099 0.713125 0.10311958405545928 0.705625 0.10831889081455806 0.705 0.12998266897746968 0.7025 0.1412478336221837 0.69 0.14471403812824957 0.67 0.14471403812824957 0.654375 0.13518197573656845 0.645625 0.134315424610052 0.621875 0.1195840554592721 0.6175 0.11178509532062392 0.6175 0.10571923743500866 0.63375 0.09705372616984402 0.650625 0.07972270363951472 0.69125 0.07712305025996534 0.7025 0.07105719237435008 0.700625 0.0658578856152513 0.693125 0.0632582322357019 0.68875 0.0658578856152513 0.6525 0.06412478336221837 0.633125 0.05199306759098787 0.62875 0.04246100519930676 0.6275 0.033795493934142114 0.62875 0.02859618717504333 0.645625 0.01733102253032929 0.66125 0.019064124783362217
8 0.61125 0.6195840554592721 0.61625 0.6273830155979203 0.62125 0.6282495667244368 0.62875 0.6377816291161178 0.644375 0.6403812824956673 0.656875 0.6542461005199307 0.66125 0.6542461005199307 0.66875 0.6681109185441941 0.6625 0.6793760831889082 0.653125 0.6871750433275563 0.64875 0.695840554592721 0.620625 0.7287694974003466 0.615 0.744367417677643 0.6075 0.7478336221837089 0.6025 0.7538994800693241 0.585625 0.7764298093587522 0.58125 0.7859618717504333 0.549375 0.8249566724436742 0.531875 0.8422876949740035 0.529375 0.8492201039861352 0.51875 0.8578856152512998 0.515 0.8691507798960139 0.50625 0.8821490467937608 0.485 0.901213171577123 0.478125 0.9107452339688041 0.45375 0.9185441941074524 0.421875 0.915944540727903 0.391875 0.9194107452339688 0.320625 0.9176776429809359 0.318125 0.9003466204506065 0.31875 0.8908145580589255 0.3275 0.8760831889081456 0.345 0.865684575389948 0.38625 0.8587521663778163 0.3975 0.8500866551126517 0.40125 0.8440207972270364 0.4075 0.841421143847487 0.41125 0.8431542461005199 0.418125 0.8240901213171578 0.435625 0.7998266897746967 0.4625 0.7677642980935875 0.474375 0.7608318890814558 0.50125 0.7227036395147314 0.55 0.669844020797227 0.556875 0.6672443674176777 0.563125 0.6611785095320624 0.58 0.6377816291161178 0.590625 0.6299826689774697 0.594375 0.6230502599653379 0.60125 0.6178509532062392 0.610625 0.6195840554592721
8 0.62125 0.7461005199306759 0.63375 0.7538994800693241 0.64375 0.7686308492201039 0.6525 0.7902946273830156 0.6625 0.8024263431542461 0.69 0.8500866551126517 0.6925 0.8578856152512998 0.6925 0.8717504332755632 0.686875 0.8838821490467937 0.674375 0.8890814558058926 0.660625 0.9020797227036396 0.65 0.9185441941074524 0.64375 0.9211438474870017 0.62 0.9185441941074524 0.6025 0.8890814558058926 0.591875 0.8908145580589255 0.590625 0.889948006932409 0.5925 0.8873483535528596 0.591875 0.8821490467937608 0.585 0.8838821490467937 0.576875 0.8812824956672444 0.574375 0.8726169844020797 0.58 0.8691507798960139 0.578125 0.865684575389948 0.579375 0.8518197573656846 0.58375 0.8448873483535528 0.574375 0.8344887348353552 0.575 0.8318890814558059 0.57125 0.82842287694974 0.56625 0.8154246100519931 0.5675 0.8067590987868284 0.58875 0.7790294627383015 0.608125 0.7547660311958405 0.620625 0.7461005199306759
8 0.00875 0.019064124783362217 0.019375 0.047660311958405546 0.019375 0.05719237435008666 0.0225 0.06412478336221837 0.025625 0.06672443674176777 0.03625 0.0658578856152513 0.045625 0.07538994800693241 0.048125 0.07365684575389948 0.0425 0.060658578856152515 0.05 0.05805892547660312 0.064375 0.05979202772963605 0.07125 0.0632582322357019 0.1225 0.05025996533795494 0.21625 0.043327556325823226 0.234375 0.045060658578856154 0.25375 0.03986135181975736 0.265625 0.0415944540727903 0.3425 0.032062391681109186 0.450625 0.026863084922010397 0.45625 0.02772963604852686 0.48375 0.05805892547660312 0.498125 0.05805892547660312 0.506875 0.04592720970537262 0.539375 0.04852686308492201 0.598125 0.045060658578856154 0.605625 0.04592720970537262 0.609375 0.05025996533795494 0.620625 0.04679376083188908 0.626875 0.04852686308492201 0.650625 0.0684575389948007 0.655625 0.0684575389948007 0.6575 0.07279029462738301 0.655 0.07538994800693241 0.650625 0.07452339688041594 0.649375 0.0779896013864818 0.63 0.09618717504332755 0.60875 0.09965337954939342 0.5925 0.10571923743500866 0.58375 0.10571923743500866 0.578125 0.1022530329289428 0.57375 0.10658578856152513 0.54875 0.10658578856152513 0.516875 0.11091854419410745 0.4875 0.10918544194107452 0.48 0.10571923743500866 0.46125 0.08578856152512998 0.4525 0.08405545927209705 0.431875 0.08752166377816291 0.421875 0.10918544194107452 0.400625 0.1169844020797227 0.388125 0.11091854419410745 0.38375 0.10138648180242635 0.373125 0.09618717504332755 0.345 0.1022530329289428 0.330625 0.1022530329289428 0.298125 0.11091854419410745 0.2825 0.11091854419410745 0.279375 0.11351819757365685 0.26 0.11265164644714037 0.25 0.1169844020797227 0.233125 0.11871750433275563 0.190625 0.12998266897746968 0.17875 0.1265164644714038 0.16125 0.12824956672443674 0.144375 0.13344887348353554 0.124375 0.13518197573656845 0.1 0.14471403812824957 0.081875 0.14818024263431542 0.059375 0.14558058925476602 0.05 0.14818024263431542 0.015 0.14731369150779897 0.01 0.15077989601386482 0.006875 0.14991334488734837 0 0.1412478336221837 0 0.07192374350086655 0.005 0.07279029462738301 0.006875 0.07019064124783363 0.005625 0.06672443674176777 0 0.06499133448873484 0 0.021663778162911613 0.008125 0.019064124783362217
8 0.039375 0.41074523396880414 0.05 0.41421143847487 0.05375 0.4124783362218371 0.05875 0.41594454072790293 0.080625 0.41334488734835356 0.095 0.4194107452339688 0.10125 0.41854419410745236 0.11625 0.42114384748700173 0.1225 0.4254766031195841 0.13375 0.4254766031195841 0.15 0.4341421143847487 0.165 0.4341421143847487 0.175625 0.4410745233968804 0.181875 0.44194107452339687 0.1925 0.45233968804159447 0.208125 0.45667244367417675 0.215625 0.4558058925476603 0.219375 0.46013864818024264 0.25 0.4558058925476603 0.268125 0.462738301559792 0.311875 0.4696707105719237 0.3275 0.47660311958405543 0.345625 0.5095320623916811 0.35875 0.5164644714038128 0.374375 0.5069324090121318 0.38 0.5155979202772963 0.408125 0.5207972270363952 0.415 0.5199306759098787 0.418125 0.5147313691507799 0.421875 0.5233968804159446 0.43 0.5233968804159446 0.435625 0.5268630849220104 0.439375 0.5225303292894281 0.459375 0.5294627383015598 0.466875 0.5285961871750433 0.483125 0.5329289428076257 0.5075 0.5519930675909879 0.5325 0.5571923743500866 0.53625 0.5658578856152513 0.546875 0.5719237435008665 0.553125 0.5805892547660312 0.558125 0.5831889081455806 0.560625 0.5944540727902946 0.56625 0.5831889081455806 0.57125 0.584055459272097 0.574375 0.5918544194107452 0.5775 0.5944540727902946 0.58125 0.5935875216637782 0.585 0.5979202772963604 0.576875 0.6065857885615251 0.57625 0.6161178509532063 0.57 0.6204506065857885 0.560625 0.6126516464471404 0.55875 0.6178509532062392 0.55625 0.6187175043327556 0.549375 0.6126516464471404 0.54625 0.6195840554592721 0.543125 0.6195840554592721 0.5425 0.6143847487001733 0.535625 0.6135181975736569 0.53375 0.6152512998266898 0.535 0.6187175043327556 0.531875 0.6195840554592721 0.53 0.6126516464471404 0.525625 0.6117850953206239 0.523125 0.6065857885615251 0.5125 0.6005199306759099 0.509375 0.6005199306759099 0.50625 0.6057192374350087 0.51 0.6161178509532063 0.496875 0.6161178509532063 0.491875 0.6126516464471404 0.4925 0.6048526863084922 0.484375 0.598786828422877 0.48125 0.6013864818024264 0.484375 0.6057192374350087 0.48125 0.608318890814558 0.469375 0.6091854419410745 0.469375 0.6065857885615251 0.476875 0.6057192374350087 0.473125 0.598786828422877 0.475625 0.5944540727902946 0.47 0.5961871750433275 0.4625 0.5935875216637782 0.46375 0.5996533795493935 0.461875 0.6039861351819757 0.44875 0.6048526863084922 0.433125 0.5927209705372617 0.424375 0.5918544194107452 0.41125 0.5797227036395147 0.38875 0.5831889081455806 0.36875 0.5788561525129983 0.361875 0.5823223570190641 0.35625 0.5693240901213171 0.3475 0.5658578856152513 0.336875 0.5684575389948007 0.313125 0.5927209705372617 0.30375 0.5927209705372617 0.280625 0.5823223570190641 0.275 0.5849220103986135 0.26125 0.5823223570190641 0.25625 0.5788561525129983 0.251875 0.5693240901213171 0.246875 0.5719237435008665 0.244375 0.5675909878682842 0.23875 0.5658578856152513 0.235625 0.5675909878682842 0.236875 0.57105719237435 0.230625 0.574523396880416 0.2275 0.5658578856152513 0.223125 0.5675909878682842 0.22375 0.574523396880416 0.216875 0.5736568457538995 0.210625 0.5693240901213171 0.203125 0.5693240901213171 0.191875 0.5641247833622184 0.1875 0.5597920277296361 0.185 0.5519930675909879 0.175 0.5450606585788561 0.17125 0.550259965337955 0.17125 0.5563258232235702 0.17125 0.5528596187175043 0.168125 0.5511265164644714 0.16625 0.5537261698440208 0.166875 0.5571923743500866 0.15 0.5589254766031195 0.141875 0.5537261698440208 0.133125 0.5528596187175043 0.129375 0.5493934142114385 0.129375 0.5424610051993067 0.13125 0.5398613518197574 0.129375 0.5355285961871751 0.111875 0.5277296360485269 0.105625 0.5294627383015598 0.108125 0.5407279029462738 0.105 0.5450606585788561 0.09125 0.5450606585788561 0.085625 0.5424610051993067 0.0775 0.5450606585788561 0.07375 0.5355285961871751 0.070625 0.5320623916811091 0.0675 0.5329289428076257 0.070625 0.5303292894280762 0.07125 0.5259965337954939 0.0675 0.5251299826689775 0.0625 0.5181975736568457 0.038125 0.511265164644714 0.015 0.5103986135181976 0 0.5025996533795494 0 0.4904679376083189 0.0025 0.48700173310225303 0.001875 0.47660311958405543 0.004375 0.4714038128249567 0.0025 0.464471403812825 0 0.462738301559792 0 0.4358752166377816 0.005 0.43327556325823224 0.005 0.41334488734835356 0.010625 0.4090121317157712 0.03875 0.41161178509532065
8 0.57375 0.31369150779896016 0.57875 0.31542461005199307 0.58 0.32582322357019067 0.571875 0.3396880415944541 0.5725 0.35268630849220106 0.570625 0.36221837088388215 0.578125 0.3700173310225303 0.58 0.36741767764298094 0.5925 0.3708838821490468 0.6125 0.3665511265164645 0.6175 0.33882149046793764 0.619375 0.33535528596187175 0.6225 0.33535528596187175 0.626875 0.3396880415944541 0.63625 0.3431542461005199 0.644375 0.34228769497400346 0.656875 0.3561525129982669 0.675 0.3682842287694974 0.69 0.36568457538994803 0.72625 0.3925476603119584 0.740625 0.3951473136915078 0.748125 0.4020797227036395 0.755625 0.40294627383015597 0.768125 0.4098786828422877 0.800625 0.42114384748700173 0.810625 0.4289428076256499 0.82125 0.42807625649913345 0.8375 0.4393414211438475 0.87 0.45233968804159447 0.9 0.4679376083188908 0.90375 0.4679376083188908 0.914375 0.45233968804159447 0.928125 0.43847487001733104 0.935 0.43500866551126516 0.954375 0.43500866551126516 0.961875 0.44020797227036396 0.96625 0.44020797227036396 0.968125 0.44714038128249567 0.964375 0.45667244367417675 0.9675 0.46360485268630847 0.964375 0.47053726169844023 0.9675 0.4800693240901213 0.96125 0.4982668977469671 0.961875 0.5008665511265165 0.97375 0.512998266897747 0.99125 0.5181975736568457 0.999375 0.5259965337954939 0.999375 0.5511265164644714 0.9925 0.5537261698440208 0.993125 0.5580589254766031 0.989375 0.5623916811091855 0.986875 0.5701906412478336 0.9875 0.574523396880416 0.993125 0.5797227036395147 0.9925 0.587521663778163 0.999375 0.5883882149046794 0.999375 0.5979202772963604 0.99625 0.6013864818024264 0.9975 0.6057192374350087 0.995625 0.6256499133448874 0.986875 0.6273830155979203 0.960625 0.6109185441941074 0.934375 0.608318890814558 0.935 0.6117850953206239 0.93875 0.6109185441941074 0.9425 0.6169844020797227 0.94875 0.6161178509532063 0.9475 0.6204506065857885 0.94875 0.6265164644714039 0.945625 0.6351819757365684 0.946875 0.6403812824956673 0.94 0.645580589254766 0.93625 0.645580589254766 0.93375 0.6499133448873483 0.934375 0.6542461005199307 0.92375 0.6611785095320624 0.9125 0.6611785095320624 0.8925 0.6464471403812825 0.889375 0.6161178509532063 0.891875 0.6091854419410745 0.88875 0.597053726169844 0.885 0.5918544194107452 0.878125 0.5918544194107452 0.835 0.5693240901213171 0.76625 0.5389948006932409 0.75 0.5303292894280762 0.74375 0.524263431542461 0.6925 0.5008665511265165 0.679375 0.4913344887348354 0.65625 0.4878682842287695 0.646875 0.4800693240901213 0.611875 0.4662045060658579 0.5775 0.4462738301559792 0.56 0.4324090121317158 0.55 0.4289428076256499 0.54125 0.4202772963604853 0.525625 0.4124783362218371 0.51 0.4003466204506066 0.5 0.3882149046793761 0.49 0.3830155979202773 0.485625 0.3778162911611785 0.47625 0.37435008665511266 0.489375 0.3700173310225303 0.49125 0.3587521663778163 0.48375 0.35528596187175043 0.48375 0.35268630849220106 0.496875 0.34228769497400346 0.493125 0.33708838821490467 0.48 0.3344887348353553 0.481875 0.3310225303292894 0.49125 0.33015597920277295 0.498125 0.3240901213171577 0.514375 0.32322357019064124 0.525 0.317157712305026 0.55125 0.317157712305026 0.56375 0.3119584055459272 0.573125 0.31369150779896016
8 0.41125 0.5051993067590987 0.418125 0.5086655112651647 0.424375 0.5173310225303293 0.454375 0.5251299826689775 0.459375 0.5285961871750433 0.470625 0.5277296360485269 0.48375 0.5329289428076257 0.4925 0.5389948006932409 0.498125 0.5476603119584056 0.508125 0.550259965337955 0.518125 0.5571923743500866 0.5325 0.5589254766031195 0.53625 0.5693240901213171 0.556875 0.5814558058925476 0.5675 0.5814558058925476 0.5725 0.5883882149046794 0.574375 0.5961871750433275 0.581875 0.5944540727902946 0.585 0.5979202772963604 0.585 0.6031195840554593 0.5775 0.6195840554592721 0.56375 0.6299826689774697 0.560625 0.6265164644714039 0.535 0.6256499133448874 0.525 0.6187175043327556 0.516875 0.6178509532062392 0.50875 0.6126516464471404 0.4975 0.6169844020797227 0.486875 0.6143847487001733 0.48125 0.610051993067591 0.46625 0.6109185441941074 0.431875 0.5935875216637782 0.4225 0.597053726169844 0.41625 0.5944540727902946 0.4075 0.5944540727902946 0.404375 0.597053726169844 0.401875 0.5944540727902946 0.40125 0.587521663778163 0.396875 0.5831889081455806 0.386875 0.587521663778163 0.39375 0.6039861351819757 0.393125 0.6126516464471404 0.3775 0.6143847487001733 0.369375 0.6265164644714039 0.36 0.6308492201039861 0.338125 0.6308492201039861 0.33 0.6273830155979203 0.306875 0.6265164644714039 0.27375 0.6187175043327556 0.265 0.6204506065857885 0.253125 0.6187175043327556 0.248125 0.6230502599653379 0.256875 0.6265164644714039 0.249375 0.6265164644714039 0.24375 0.6221837088388215 0.226875 0.6230502599653379 0.22 0.6204506065857885 0.2125 0.6221837088388215 0.2075 0.6195840554592721 0.203125 0.6126516464471404 0.1875 0.6152512998266898 0.136875 0.608318890814558 0.12125 0.6022530329289428 0.109375 0.6022530329289428 0.08125 0.5944540727902946 0.07125 0.5866551126516465 0.0625 0.5849220103986135 0.055625 0.5701906412478336 0.055 0.5415944540727903 0.05 0.5355285961871751 0.045625 0.537261698440208 0.0425 0.5433275563258232 0.04 0.57105719237435 0.038125 0.574523396880416 0.0275 0.5771230502599654 0.0075 0.5753899480069324 0.003125 0.57105719237435 0.0025 0.5649913344887348 0 0.5623916811091855 0 0.5181975736568457 0.00875 0.5095320623916811 0.023125 0.5077989601386482 0.061875 0.5181975736568457 0.0675 0.524263431542461 0.078125 0.5233968804159446 0.080625 0.5259965337954939 0.079375 0.5303292894280762 0.08125 0.5363951473136915 0.086875 0.5259965337954939 0.120625 0.5303292894280762 0.134375 0.5355285961871751 0.136875 0.5398613518197574 0.146875 0.5450606585788561 0.15 0.5511265164644714 0.175625 0.5467937608318891 0.1975 0.5519930675909879 0.20625 0.5597920277296361 0.220625 0.5589254766031195 0.226875 0.561525129982669 0.234375 0.5597920277296361 0.239375 0.5632582322357019 0.24625 0.5623916811091855 0.255625 0.5667244367417678 0.261875 0.5779896013864818 0.265625 0.5779896013864818 0.26625 0.5823223570190641 0.2725 0.5814558058925476 0.27375 0.5849220103986135 0.276875 0.5849220103986135 0.27875 0.5805892547660312 0.28125 0.5805892547660312 0.281875 0.5849220103986135 0.29375 0.5866551126516465 0.303125 0.5927209705372617 0.311875 0.5927209705372617 0.338125 0.5675909878682842 0.345 0.5649913344887348 0.35375 0.5675909878682842 0.359375 0.5641247833622184 0.355625 0.5606585788561526 0.346875 0.5597920277296361 0.346875 0.5571923743500866 0.3525 0.5519930675909879 0.356875 0.5519930675909879 0.36 0.5476603119584056 0.36 0.5433275563258232 0.355625 0.5407279029462738 0.356875 0.5251299826689775 0.34625 0.5155979202772963 0.344375 0.5069324090121318 0.3675 0.5121317157712305 0.369375 0.5077989601386482 0.373125 0.5060658578856152 0.37625 0.5077989601386482 0.378125 0.5138648180242634 0.40125 0.5173310225303293 0.40375 0.5155979202772963 0.404375 0.5103986135181976 0.410625 0.5060658578856152
8 0.456875 0.08578856152512998 0.47125 0.09792027729636049 0.48375 0.11525129982668977 0.515 0.11611785095320624 0.52375 0.11265164644714037 0.553125 0.11005199306759099 0.558125 0.11351819757365685 0.55875 0.11871750433275563 0.558125 0.14818024263431542 0.539375 0.15424610051993068 0.508125 0.158578856152513 0.490625 0.16464471403812825 0.481875 0.17764298093587522 0.47375 0.19584055459272098 0.46375 0.20363951473136915 0.276875 0.23483535528596186 0.261875 0.2339688041594454 0.250625 0.21143847487001732 0.24 0.2045060658578856 0.229375 0.20363951473136915 0.22 0.20883882149046792 0.1925 0.24870017331022531 0.12625 0.25736568457538994 0.1125 0.2616984402079723 0.1025 0.2616984402079723 0.098125 0.2564991334488735 0.083125 0.26603119584055457 0.018125 0.2729636048526863 0.005 0.26949740034662045 0.0025 0.25996533795493937 0.0025 0.24436741767764297 0 0.24176776429809357 0 0.20537261698440207 0.003125 0.2019064124783362 0.005625 0.18890814558058924 0.0025 0.1707105719237435 0 0.1663778162911612 0.001875 0.1655112651646447 0.003125 0.15771230502599654 0.0075 0.15511265164644714 0.03625 0.15337954939341422 0.04 0.15944540727902945 0.043125 0.15944540727902945 0.055625 0.15251299826689774 0.089375 0.15077989601386482 0.101875 0.14731369150779897 0.115625 0.13951473136915077 0.17375 0.12998266897746968 0.189375 0.13084922010398614 0.20125 0.1265164644714038 0.25 0.1195840554592721 0.28125 0.11178509532062392 0.30875 0.11005199306759099 0.326875 0.1022530329289428 0.345 0.10398613518197573 0.370625 0.09792027729636049 0.380625 0.09878682842287695 0.386875 0.10918544194107452 0.394375 0.11525129982668977 0.4075 0.1169844020797227 0.424375 0.10745233968804159 0.428125 0.09532062391681109 0.4325 0.09012131715771231 0.45625 0.08578856152512998
8 0 0.29982668977469673 0.02125 0.3024263431542461 0.04875 0.31022530329289427 0.063125 0.31022530329289427 0.066875 0.31369150779896016 0.096875 0.3197573656845754 0.110625 0.3266897746967071 0.12375 0.32582322357019067 0.161875 0.33708838821490467 0.179375 0.3396880415944541 0.185625 0.3379549393414211 0.1925 0.34575389948006935 0.201875 0.3431542461005199 0.203125 0.3379549393414211 0.205 0.3379549393414211 0.205 0.34228769497400346 0.209375 0.34228769497400346 0.20625 0.33708838821490467 0.205625 0.3310225303292894 0.216875 0.3292894280762565 0.220625 0.32495667244367415 0.22375 0.32842287694974004 0.23375 0.33015597920277295 0.2375 0.3344887348353553 0.2425 0.34488734835355284 0.24125 0.3492201039861352 0.244375 0.3596187175043328 0.259375 0.36221837088388215 0.25625 0.40467937608318894 0.258125 0.4168110918544194 0.2625 0.4237435008665511 0.27 0.427209705372617 0.27875 0.427209705372617 0.300625 0.42114384748700173 0.313125 0.4194107452339688 0.3175 0.42114384748700173 0.31625 0.4393414211438475 0.3125 0.45667244367417675 0.30625 0.462738301559792 0.298125 0.46360485268630847 0.261875 0.45753899480069327 0.25125 0.4532062391681109 0.228125 0.4558058925476603 0.213125 0.45233968804159447 0.20625 0.4540727902946274 0.19375 0.4445407279029463 0.178125 0.44020797227036396 0.175 0.4341421143847487 0.144375 0.4246100519930676 0.123125 0.42287694974003465 0.120625 0.4202772963604853 0.094375 0.4168110918544194 0.08125 0.41161178509532065 0.065625 0.41161178509532065 0.05125 0.4055459272097054 0.0425 0.40814558058925476 0.034375 0.40294627383015597 0.029375 0.40294627383015597 0.025625 0.40641247833622185 0.0175 0.4055459272097054 0.015625 0.4038128249566724 0.0175 0.40121317157712305 0.01625 0.3986135181975737 0.0125 0.3986135181975737 0.01125 0.4038128249566724 0.006875 0.40467937608318894 0.00625 0.4003466204506066 0 0.39168110918544197 0 0.3006932409012132
8 0.23375 0.2097053726169844 0.24625 0.21317157712305027 0.25125 0.21837088388214904 0.253125 0.22790294627383015 0.2525 0.24090121317157712 0.244375 0.24783362218370883 0.25875 0.2634315424610052 0.289375 0.2850953206239168 0.29625 0.27642980935875217 0.310625 0.268630849220104 0.339375 0.2651646447140381 0.3425 0.27902946273830154 0.346875 0.2824956672443674 0.34875 0.2876949740034662 0.348125 0.2972270363951473 0.35 0.3006932409012132 0.3625 0.30589254766031193 0.368125 0.304159445407279 0.37375 0.3119584055459272 0.386875 0.3197573656845754 0.400625 0.3327556325823224 0.418125 0.34055459272097055 0.423125 0.3466204506065858 0.45375 0.36568457538994803 0.471875 0.38128249566724437 0.484375 0.38648180242634317 0.504375 0.4038128249566724 0.52125 0.41074523396880414 0.525 0.41594454072790293 0.530625 0.41767764298093585 0.54625 0.43154246100519933 0.561875 0.4393414211438475 0.57375 0.4506065857885615 0.58375 0.45233968804159447 0.596875 0.46187175043327555 0.604375 0.47053726169844023 0.619375 0.4800693240901213 0.621875 0.4861351819757366 0.629375 0.4878682842287695 0.644375 0.5017331022530329 0.66 0.5086655112651647 0.6725 0.5207972270363952 0.685625 0.5259965337954939 0.703125 0.5381282495667244 0.70625 0.5433275563258232 0.74125 0.5641247833622184 0.745 0.5701906412478336 0.745625 0.5927209705372617 0.7475 0.5953206239168111 0.7475 0.6057192374350087 0.75125 0.6117850953206239 0.7525 0.6256499133448874 0.755 0.6282495667244368 0.758125 0.6273830155979203 0.761875 0.634315424610052 0.775625 0.6386481802426344 0.793125 0.634315424610052 0.806875 0.645580589254766 0.81625 0.6369150779896013 0.824375 0.6403812824956673 0.82375 0.6447140381282496 0.8275 0.6429809358752167 0.8325 0.6525129982668978 0.85625 0.6707105719237435 0.92 0.7131715771230502 0.935 0.7261698440207972 0.945625 0.7313691507798961 0.956875 0.7435008665511266 0.985 0.7582322357019065 0.988125 0.7616984402079723 0.99 0.7720970537261699 0.994375 0.7746967071057193 0.99625 0.7807625649913345 0.999375 0.7833622183708839 0.999375 0.8197573656845754 0.9975 0.8206239168110918 0.999375 0.8223570190641247 0.999375 0.8500866551126517 0.99125 0.8483535528596187 0.989375 0.8440207972270364 0.9825 0.841421143847487 0.978125 0.8353552859618717 0.966875 0.8344887348353552 0.96125 0.82842287694974 0.92625 0.8067590987868284 0.925 0.8006932409012132 0.9175 0.8006932409012132 0.904375 0.792894280762565 0.894375 0.7833622183708839 0.885625 0.7790294627383015 0.884375 0.7755632582322357 0.873125 0.7720970537261699 0.851875 0.7582322357019065 0.843125 0.7495667244367418 0.815625 0.7339688041594454 0.808125 0.7261698440207972 0.789375 0.7235701906412478 0.78625 0.7166377816291161 0.786875 0.707105719237435 0.785 0.7010398613518197 0.778125 0.6993067590987868 0.770625 0.6932409012131716 0.755 0.6889081455805892 0.75375 0.6603119584055459 0.75125 0.6559792027729636 0.748125 0.6568457538994801 0.745 0.6620450606585788 0.7275 0.6672443674176777 0.713125 0.6750433275563258 0.698125 0.6750433275563258 0.689375 0.6681109185441941 0.6775 0.6672443674176777 0.6675 0.6724436741767764 0.664375 0.6793760831889082 0.65375 0.6889081455805892 0.6525 0.6837088388214905 0.65625 0.6767764298093587 0.66125 0.6741767764298093 0.663125 0.6672443674176777 0.67125 0.6629116117850953 0.6725 0.6611785095320624 0.67125 0.658578856152513 0.66625 0.6568457538994801 0.66375 0.6620450606585788 0.65875 0.6611785095320624 0.66125 0.6525129982668978 0.660625 0.645580589254766 0.65375 0.6429809358752167 0.655 0.6525129982668978 0.650625 0.6577123050259965 0.6475 0.669844020797227 0.646875 0.6646447140381283 0.64375 0.6620450606585788 0.63875 0.6681109185441941 0.633125 0.6681109185441941 0.63125 0.6611785095320624 0.636875 0.6577123050259965 0.629375 0.6542461005199307 0.625 0.6403812824956673 0.629375 0.6369150779896013 0.62625 0.6334488734835355 0.62875 0.6299826689774697 0.62625 0.6265164644714039 0.620625 0.6265164644714039 0.628125 0.6230502599653379 0.623125 0.6221837088388215 0.62 0.6143847487001733 0.609375 0.610051993067591 0.595 0.5935875216637782 0.57875 0.5849220103986135 0.564375 0.5701906412478336 0.56 0.5701906412478336 0.5525 0.5623916811091855 0.54125 0.5580589254766031 0.536875 0.5519930675909879 0.52375 0.5493934142114385 0.519375 0.5441941074523396 0.5125 0.5433275563258232 0.50875 0.5389948006932409 0.49875 0.5363951473136915 0.4875 0.5294627383015598 0.475625 0.5216637781629117 0.47375 0.5173310225303293 0.463125 0.5138648180242634 0.4425 0.4982668977469671 0.433125 0.48700173310225303 0.431875 0.4826689774696707 0.42875 0.48353552859618715 0.415 0.475736568457539 0.41125 0.47660311958405543 0.41125 0.47227036395147315 0.4075 0.47227036395147315 0.3875 0.4532062391681109 0.373125 0.4506065857885615 0.36 0.44194107452339687 0.351875 0.43500866551126516 0.349375 0.42634315424610053 0.341875 0.4289428076256499 0.315625 0.41334488734835356 0.3 0.4168110918544194 0.291875 0.41594454072790293 0.279375 0.4220103986135182 0.2625 0.41767764298093585 0.260625 0.4038128249566724 0.261875 0.37954939341421146 0.264375 0.37261698440207974 0.26625 0.354419410745234 0.269375 0.3483535528596187 0.2675 0.34488734835355284 0.248125 0.3344887348353553 0.233125 0.3214904679376083 0.2225 0.317157712305026 0.20875 0.317157712305026 0.195625 0.33015597920277295 0.18875 0.33015597920277295 0.185625 0.31802426343154244 0.188125 0.2824956672443674 0.19125 0.2781629116117851 0.1925 0.26776429809358754 0.199375 0.24870017331022531 0.22 0.21923743500866552 0.23375 0.21057192374350087
8 0.68625 0.6724436741767764 0.699375 0.6793760831889082 0.71125 0.6785095320623917 0.724375 0.6733102253032929 0.728125 0.6733102253032929 0.73125 0.6767764298093587 0.734375 0.6941074523396881 0.73375 0.7027729636048526 0.735625 0.7062391681109186 0.734375 0.7097053726169844 0.73625 0.7131715771230502 0.734375 0.7166377816291161 0.73 0.7140381282495667 0.72875 0.7235701906412478 0.719375 0.7409012131715771 0.7175 0.75736568457539 0.71375 0.7651646447140381 0.699375 0.7642980935875217 0.691875 0.7582322357019065 0.685 0.7582322357019065 0.68 0.7504332755632582 0.6775 0.7504332755632582 0.663125 0.7651646447140381 0.6475 0.7625649913344887 0.621875 0.7409012131715771 0.6225 0.7374350086655113 0.631875 0.7270363951473137 0.63625 0.7166377816291161 0.64375 0.7062391681109186 0.655 0.6984402079722704 0.658125 0.6906412478336221 0.678125 0.6733102253032929 0.685625 0.6724436741767764
8 0.744375 0.6707105719237435 0.749375 0.6776429809358753 0.75 0.6871750433275563 0.7525 0.6915077989601387 0.771875 0.6975736568457539 0.78375 0.7053726169844021 0.784375 0.7166377816291161 0.789375 0.7305025996533796 0.8075 0.7313691507798961 0.815625 0.7383015597920277 0.8175 0.7461005199306759 0.815 0.7616984402079723 0.809375 0.7729636048526863 0.809375 0.7859618717504333 0.8025 0.8240901213171578 0.80125 0.8466204506065858 0.794375 0.8622183708838822 0.794375 0.8769497400346621 0.791875 0.8838821490467937 0.7925 0.8951473136915078 0.78625 0.9176776429809359 0.748125 0.9202772963604853 0.656875 0.9176776429809359 0.664375 0.8977469670710572 0.66875 0.8994800693240901 0.68625 0.891681109185442 0.695 0.8838821490467937 0.69375 0.8752166377816292 0.69625 0.8708838821490468 0.696875 0.8570190641247833 0.704375 0.8344887348353552 0.713125 0.7816291161178509 0.721875 0.744367417677643 0.73 0.7261698440207972 0.738125 0.7157712305025996 0.741875 0.7019064124783362 0.7425 0.6949740034662045 0.73625 0.6785095320623917 0.73875 0.67157712305026 0.74375 0.6707105719237435
8 0.6225 0.7452339688041595 0.635 0.7538994800693241 0.640625 0.7616984402079723 0.655625 0.7937608318890814 0.690625 0.8500866551126517 0.69375 0.8587521663778163 0.693125 0.8734835355285961 0.688125 0.8847487001733102 0.664375 0.8986135181975736 0.650625 0.9194107452339688 0.6475 0.9211438474870017 0.61875 0.9185441941074524 0.611875 0.9072790294627383 0.60375 0.8864818024263431 0.608125 0.8760831889081456 0.608125 0.8682842287694974 0.605625 0.8630849220103987 0.601875 0.8630849220103987 0.6025 0.8752166377816292 0.60125 0.8838821490467937 0.599375 0.8856152512998267 0.595 0.8873483535528596 0.591875 0.8821490467937608 0.585 0.8838821490467937 0.57875 0.8795493934142115 0.5775 0.8760831889081456 0.5825 0.8691507798960139 0.580625 0.8587521663778163 0.583125 0.8448873483535528 0.57125 0.8275563258232236 0.56625 0.8154246100519931 0.566875 0.8067590987868284 0.608125 0.7538994800693241 0.61875 0.7452339688041595 0.621875 0.7452339688041595
8 0.56375 0.8154246100519931 0.58 0.8448873483535528 0.58125 0.8518197573656846 0.578125 0.8648180242634316 0.575 0.8682842287694974 0.575625 0.8726169844020797 0.58125 0.8830155979202773 0.58875 0.889948006932409 0.595625 0.891681109185442 0.59875 0.8890814558058926 0.601875 0.891681109185442 0.614375 0.9168110918544194 0.613125 0.9202772963604853 0.599375 0.9211438474870017 0.518125 0.9194107452339688 0.508125 0.9107452339688041 0.500625 0.8934142114384749 0.50125 0.889948006932409 0.51875 0.8691507798960139 0.521875 0.8604852686308492 0.52625 0.8570190641247833 0.543125 0.8310225303292894 0.551875 0.8240901213171578 0.55625 0.817157712305026 0.563125 0.8154246100519931
8 0.238125 0.2097053726169844 0.24625 0.21317157712305027 0.2525 0.2218370883882149 0.2525 0.24003466204506066 0.246875 0.24610051993067592 0.24625 0.2512998266897747 0.27375 0.2738301559792028 0.29 0.28422876949740034 0.29625 0.2755632582322357 0.31 0.268630849220104 0.33875 0.26429809358752165 0.341875 0.26776429809358754 0.34375 0.27902946273830154 0.35 0.2850953206239168 0.34875 0.29636048526863085 0.350625 0.2989601386481802 0.36625 0.3006932409012132 0.37875 0.31629116117850953 0.388125 0.3197573656845754 0.4 0.3310225303292894 0.416875 0.3396880415944541 0.42375 0.3466204506065858 0.455625 0.3665511265164645 0.47375 0.3821490467937608 0.484375 0.38648180242634317 0.489375 0.3925476603119584 0.509375 0.40641247833622185 0.521875 0.41161178509532065 0.525625 0.4168110918544194 0.558125 0.43674176776429807 0.566875 0.44540727902946275 0.58375 0.45233968804159447 0.604375 0.47053726169844023 0.63 0.4878682842287695 0.635625 0.4948006932409012 0.66125 0.5086655112651647 0.66875 0.5164644714038128 0.68125 0.5225303292894281 0.70375 0.5381282495667244 0.7075 0.5433275563258232 0.74125 0.5641247833622184 0.745625 0.574523396880416 0.74875 0.6091854419410745 0.73875 0.6308492201039861 0.739375 0.6542461005199307 0.734375 0.6646447140381283 0.709375 0.6759098786828422 0.698125 0.6750433275563258 0.688125 0.6663778162911612 0.675625 0.6611785095320624 0.661875 0.6421143847487002 0.6575 0.6447140381282496 0.645 0.6395147313691508 0.633125 0.6273830155979203 0.63125 0.6221837088388215 0.62375 0.6195840554592721 0.62 0.6135181975736569 0.605 0.6065857885615251 0.589375 0.6178509532062392 0.585 0.6091854419410745 0.58875 0.6074523396880416 0.59375 0.5979202772963604 0.564375 0.57105719237435 0.56 0.57105719237435 0.551875 0.5641247833622184 0.54375 0.561525129982669 0.536875 0.5528596187175043 0.521875 0.550259965337955 0.51875 0.5450606585788561 0.511875 0.5450606585788561 0.5075 0.5389948006932409 0.4975 0.5363951473136915 0.48625 0.5294627383015598 0.475 0.5216637781629117 0.4725 0.5173310225303293 0.464375 0.5147313691507799 0.450625 0.5051993067590987 0.425625 0.48180242634315423 0.409375 0.47660311958405543 0.386875 0.45493934142114384 0.374375 0.45233968804159447 0.35375 0.43847487001733104 0.35 0.4341421143847487 0.34875 0.42807625649913345 0.341875 0.42980935875216636 0.316875 0.41334488734835356 0.301875 0.41594454072790293 0.2925 0.41334488734835356 0.279375 0.42114384748700173 0.263125 0.41767764298093585 0.260625 0.4038128249566724 0.26125 0.3847487001733102 0.264375 0.37261698440207974 0.265625 0.3561525129982669 0.26875 0.3483535528596187 0.268125 0.3440207972270364 0.25375 0.3379549393414211 0.23375 0.3214904679376083 0.22625 0.32062391681109187 0.224375 0.31802426343154244 0.214375 0.31802426343154244 0.206875 0.32062391681109187 0.195625 0.33015597920277295 0.18875 0.33015597920277295 0.185625 0.3145580589254766 0.1875 0.2850953206239168 0.199375 0.24956672443674177 0.220625 0.21837088388214904 0.233125 0.2097053726169844 0.2375 0.2097053726169844
8 0.731875 0.15684575389948008 0.735625 0.158578856152513 0.760625 0.15684575389948008 0.82125 0.1412478336221837 0.825 0.12998266897746968 0.826875 0.10571923743500866 0.830625 0.1048526863084922 0.835 0.11785095320623917 0.84625 0.18804159445407279 0.8475 0.231369150779896 0.845 0.24523396880415946 0.8375 0.231369150779896 0.834375 0.21923743500866552 0.83 0.21577123050259966 0.75375 0.2339688041594454 0.744375 0.24003466204506066 0.74 0.24610051993067592 0.741875 0.2807625649913345 0.7375 0.28682842287694976 0.734375 0.28596187175043325 0.72375 0.268630849220104 0.714375 0.268630849220104 0.71 0.2651646447140381 0.71625 0.2616984402079723 0.71 0.25996533795493937 0.696875 0.2729636048526863 0.686875 0.27642980935875217 0.66875 0.2772963604852686 0.62375 0.2902946273830156 0.566875 0.3024263431542461 0.549375 0.31022530329289427 0.52875 0.31109185441941073 0.51625 0.31629116117850953 0.495625 0.3188908145580589 0.466875 0.3275563258232236 0.42625 0.33535528596187175 0.416875 0.3344887348353553 0.4125 0.3292894280762565 0.39375 0.3240901213171577 0.39 0.31802426343154244 0.38 0.31022530329289427 0.369375 0.2954939341421144 0.365 0.2972270363951473 0.355 0.292894280762565 0.35625 0.28162911611785096 0.36 0.27902946273830154 0.36125 0.2729636048526863 0.3575 0.2651646447140381 0.36 0.2608318890814558 0.335 0.25736568457538994 0.303125 0.26603119584055457 0.293125 0.2720970537261698 0.290625 0.26429809358752165 0.290625 0.2538994800693241 0.2925 0.24870017331022531 0.298125 0.24350086655112652 0.306875 0.2391681109185442 0.31125 0.24523396880415946 0.32 0.24003466204506066 0.335 0.24090121317157712 0.353125 0.2365684575389948 0.373125 0.2270363951473137 0.39 0.22790294627383015 0.39375 0.22270363951473138 0.39875 0.22270363951473138 0.413125 0.21490467937608318 0.423125 0.21750433275563258 0.435625 0.2123050259965338 0.460625 0.21057192374350087 0.4925 0.1975736568457539 0.508125 0.19584055459272098 0.555 0.18197573656845753 0.5825 0.17764298093587522 0.599375 0.1707105719237435 0.62 0.1681109185441941 0.665625 0.15337954939341422 0.695625 0.14818024263431542 0.704375 0.14471403812824957 0.706875 0.1412478336221837 0.7075 0.11265164644714037 0.709375 0.10918544194107452 0.715 0.10918544194107452 0.718125 0.11265164644714037 0.720625 0.12738301559792028 0.73125 0.15684575389948008
8 0.685625 0.2824956672443674 0.71 0.2989601386481802 0.723125 0.3119584055459272 0.750625 0.33188908145580587 0.77 0.34228769497400346 0.774375 0.34748700173310226 0.775625 0.3561525129982669 0.78 0.35181975736568455 0.80625 0.36915077989601386 0.8125 0.3665511265164645 0.82125 0.3682842287694974 0.82375 0.3648180242634315 0.82625 0.36568457538994803 0.824375 0.37261698440207974 0.8225 0.3700173310225303 0.811875 0.3700173310225303 0.810625 0.3717504332755633 0.811875 0.37435008665511266 0.82375 0.37954939341421146 0.83125 0.3873483535528596 0.83875 0.3847487001733102 0.840625 0.3873483535528596 0.838125 0.389948006932409 0.84125 0.39081455805892545 0.845 0.39774696707105717 0.850625 0.3986135181975737 0.863125 0.4098786828422877 0.873125 0.41161178509532065 0.874375 0.41854419410745236 0.883125 0.4237435008665511 0.895 0.43674176776429807 0.904375 0.44194107452339687 0.90875 0.4488734835355286 0.9075 0.45233968804159447 0.89375 0.4592720970537262 0.883125 0.45667244367417675 0.841875 0.4358752166377816 0.831875 0.43327556325823224 0.804375 0.4168110918544194 0.79 0.4150779896013865 0.761875 0.40467937608318894 0.758125 0.40121317157712305 0.745 0.3986135181975737 0.74125 0.3934142114384749 0.724375 0.3882149046793761 0.68875 0.3630849220103986 0.671875 0.3648180242634315 0.664375 0.36048526863084923 0.645625 0.3362218370883882 0.62625 0.33535528596187175 0.624375 0.3310225303292894 0.615 0.3240901213171577 0.6225 0.29636048526863085 0.635 0.28942807625649913 0.649375 0.2876949740034662 0.66625 0.28162911611785096 0.685 0.2824956672443674
8 0.79125 0.23050259965337955 0.811875 0.24003466204506066 0.8525 0.26949740034662045 0.885 0.2885615251299827 0.895625 0.29809358752166376 0.90875 0.3024263431542461 0.949375 0.3310225303292894 0.960625 0.3240901213171577 0.9625 0.33362218370883884 0.9675 0.3362218370883882 0.969375 0.3344887348353553 0.968125 0.32495667244367415 0.973125 0.3240901213171577 0.975 0.3266897746967071 0.974375 0.3362218370883882 0.980625 0.34228769497400346 0.9875 0.34488734835355284 0.9875 0.35268630849220106 0.983125 0.36568457538994803 0.971875 0.3778162911611785 0.96875 0.39081455805892545 0.96625 0.43154246100519933 0.934375 0.43154246100519933 0.914375 0.4445407279029463 0.88 0.4289428076256499 0.86875 0.41767764298093585 0.87125 0.4150779896013865 0.87 0.41334488734835356 0.859375 0.4098786828422877 0.855625 0.4038128249566724 0.830625 0.39168110918544197 0.82375 0.3830155979202773 0.823125 0.3734835355285962 0.82125 0.3708838821490468 0.806875 0.3700173310225303 0.79125 0.3596187175043328 0.78625 0.3596187175043328 0.7825 0.36395147313691506 0.77875 0.3630849220103986 0.77625 0.36741767764298094 0.77125 0.3665511265164645 0.77125 0.3483535528596187 0.76875 0.3440207972270364 0.725625 0.3119584055459272 0.718125 0.30155979202772965 0.7125 0.29809358752166376 0.705625 0.28682842287694976 0.69875 0.2824956672443674 0.703125 0.2824956672443674 0.711875 0.2755632582322357 0.7225 0.27469670710571925 0.7275 0.27989601386481805 0.733125 0.2937608318890815 0.744375 0.2989601386481802 0.745 0.2920277296360485 0.74125 0.292894280762565 0.74 0.28942807625649913 0.744375 0.28162911611785096 0.74625 0.25476603119584057 0.751875 0.24956672443674177 0.753125 0.24436741767764297 0.77 0.2339688041594454 0.790625 0.23050259965337955
8 0.0425 0.5901213171577123 0.04625 0.6031195840554593 0.05 0.5927209705372617 0.053125 0.6039861351819757 0.054375 0.5944540727902946 0.0575 0.5909878682842288 0.129375 0.6109185441941074 0.19 0.6178509532062392 0.1975 0.6221837088388215 0.206875 0.621317157712305 0.224375 0.6273830155979203 0.258125 0.6317157712305026 0.293125 0.6412478336221837 0.34875 0.6490467937608319 0.403125 0.6629116117850953 0.411875 0.6629116117850953 0.418125 0.6689774696707106 0.4275 0.6880415944540728 0.431875 0.6915077989601387 0.4325 0.7062391681109186 0.435625 0.7123050259965338 0.43875 0.7131715771230502 0.44 0.7235701906412478 0.445625 0.733102253032929 0.451875 0.7521663778162911 0.44875 0.7582322357019065 0.421875 0.7590987868284229 0.414375 0.7642980935875217 0.405 0.7755632582322357 0.35125 0.7616984402079723 0.349375 0.7582322357019065 0.330625 0.7547660311958405 0.32625 0.7512998266897747 0.324375 0.7461005199306759 0.320625 0.7504332755632582 0.2825 0.744367417677643 0.25125 0.7348353552859619 0.234375 0.733102253032929 0.220625 0.7357019064124783 0.208125 0.733102253032929 0.17875 0.7374350086655113 0.160625 0.744367417677643 0.13125 0.744367417677643 0.124375 0.7409012131715771 0.08625 0.7348353552859619 0.065625 0.7279029462738301 0.03125 0.7270363951473137 0.005 0.7166377816291161 0.0025 0.7079722703639515 0 0.7062391681109186 0 0.6975736568457539 0.0025 0.695840554592721 0 0.6906412478336221 0 0.6421143847487002 0.0025 0.6403812824956673 0.001875 0.6334488734835355 0 0.6325823223570191 0 0.6152512998266898 0.01 0.6143847487001733 0.018125 0.6039861351819757 0.018125 0.5979202772963604 0.021875 0.5918544194107452 0.029375 0.5927209705372617 0.038125 0.5831889081455806 0.04 0.5831889081455806 0.041875 0.5901213171577123