8 0.37254901960784315 0.6161879895561357 0.3790849673202614 0.6318537859007833 0.380718954248366 0.6475195822454308 0.3937908496732026 0.6919060052219321 0.3954248366013072 0.7075718015665796 0.40032679738562094 0.7232375979112271 0.40032679738562094 0.7310704960835509 0.41830065359477125 0.7963446475195822 0.4215686274509804 0.8198433420365535 0.4133986928104575 0.8302872062663186 0.40032679738562094 0.835509138381201 0.3872549019607843 0.8459530026109661 0.3790849673202614 0.8459530026109661 0.369281045751634 0.8224543080939948 0.36764705882352944 0.8015665796344648 0.3627450980392157 0.7963446475195822 0.35947712418300654 0.7859007832898173 0.35784313725490197 0.7728459530026109 0.3545751633986928 0.7650130548302873 0.35130718954248363 0.7362924281984334 0.3464052287581699 0.7258485639686684 0.3382352941176471 0.6919060052219321 0.3431372549019608 0.6788511749347258 0.35294117647058826 0.6657963446475196 0.3545751633986928 0.6553524804177546 0.36764705882352944 0.6370757180156658 0.3709150326797386 0.618798955613577
8 0.4869281045751634 0.4856396866840731 0.5032679738562091 0.4934725848563969 0.5130718954248366 0.5039164490861618 0.5179738562091504 0.5039164490861618 0.5228758169934641 0.5117493472584856 0.5228758169934641 0.5300261096605744 0.5310457516339869 0.5378590078328982 0.5343137254901961 0.5378590078328982 0.5392156862745098 0.5456919060052219 0.5392156862745098 0.5587467362924282 0.5375816993464052 0.5613577023498695 0.5310457516339869 0.5613577023498695 0.5196078431372549 0.5535248041775457 0.5147058823529411 0.5535248041775457 0.511437908496732 0.5587467362924282 0.5032679738562091 0.5613577023498695 0.4934640522875817 0.556135770234987 0.48366013071895425 0.5404699738903395 0.4803921568627451 0.5378590078328982 0.477124183006536 0.5404699738903395 0.47549019607843135 0.5378590078328982 0.477124183006536 0.5091383812010444 0.4820261437908497 0.4908616187989556 0.4852941176470588 0.48825065274151436
8 0.3545751633986928 0.3733681462140992 0.3562091503267974 0.3785900783289817 0.3545751633986928 0.39947780678851175 0.35947712418300654 0.412532637075718 0.35947712418300654 0.42036553524804177 0.3660130718954248 0.4308093994778068 0.369281045751634 0.4308093994778068 0.3758169934640523 0.4621409921671018 0.380718954248366 0.4725848563968668 0.3741830065359477 0.4934725848563969 0.35947712418300654 0.5195822454308094 0.35294117647058826 0.5195822454308094 0.34967320261437906 0.5091383812010444 0.3464052287581699 0.5065274151436031 0.3431372549019608 0.49869451697127937 0.3366013071895425 0.46736292428198434 0.33169934640522875 0.4621409921671018 0.32189542483660133 0.4595300261096606 0.32189542483660133 0.45430809399477806 0.3333333333333333 0.4386422976501306 0.3333333333333333 0.4308093994778068 0.33169934640522875 0.4281984334203655 0.3300653594771242 0.4046997389033943 0.32516339869281047 0.3968668407310705 0.3202614379084967 0.3968668407310705 0.3202614379084967 0.391644908616188 0.3333333333333333 0.3785900783289817 0.34477124183006536 0.3733681462140992 0.35294117647058826 0.3733681462140992
8 0.21895424836601307 0.6214099216710183 0.2238562091503268 0.6292428198433421 0.22549019607843138 0.639686684073107 0.23202614379084968 0.6553524804177546 0.23202614379084968 0.660574412532637 0.238562091503268 0.6736292428198434 0.23202614379084968 0.6997389033942559 0.23366013071895425 0.7362924281984334 0.23039215686274508 0.7493472584856397 0.23039215686274508 0.7597911227154047 0.22058823529411764 0.7650130548302873 0.2042483660130719 0.7650130548302873 0.19444444444444445 0.7571801566579635 0.1895424836601307 0.7493472584856397 0.1895424836601307 0.7441253263707572 0.1977124183006536 0.7362924281984334 0.20588235294117646 0.7180156657963447 0.20588235294117646 0.6997389033942559 0.19444444444444445 0.6892950391644909 0.19444444444444445 0.6788511749347258 0.2042483660130719 0.6657963446475196 0.20751633986928106 0.6553524804177546 0.20751633986928106 0.6422976501305483 0.20915032679738563 0.639686684073107 0.2107843137254902 0.6214099216710183 0.21405228758169934 0.6161879895561357 0.2173202614379085 0.6214099216710183
8 0.40032679738562094 0.3394255874673629 0.40522875816993464 0.3394255874673629 0.41013071895424835 0.3524804177545692 0.41830065359477125 0.36553524804177545 0.41830065359477125 0.381201044386423 0.4150326797385621 0.3838120104438642 0.4068627450980392 0.381201044386423 0.39869281045751637 0.38903394255874674 0.3954248366013072 0.38903394255874674 0.3888888888888889 0.402088772845953 0.39052287581699346 0.4073107049608355 0.39052287581699346 0.4177545691906005 0.3888888888888889 0.42036553524804177 0.38235294117647056 0.4255874673629243 0.3758169934640523 0.42036553524804177 0.3709150326797386 0.42297650130548303 0.3627450980392157 0.42036553524804177 0.35294117647058826 0.39947780678851175 0.35294117647058826 0.391644908616188 0.35130718954248363 0.38903394255874674 0.3562091503267974 0.3785900783289817 0.3562091503267974 0.370757180156658 0.3611111111111111 0.3681462140992167 0.38562091503267976 0.3681462140992167 0.39052287581699346 0.3629242819843342 0.3937908496732026 0.3629242819843342 0.39869281045751637 0.35509138381201044 0.40032679738562094 0.34203655352480417
8 0.2565359477124183 0.43342036553524804 0.26143790849673204 0.4360313315926893 0.2630718954248366 0.4412532637075718 0.2630718954248366 0.4621409921671018 0.26143790849673204 0.46475195822454307 0.26143790849673204 0.4804177545691906 0.2581699346405229 0.49869451697127937 0.2581699346405229 0.5169712793733682 0.2549019607843137 0.5352480417754569 0.25163398692810457 0.5430809399477807 0.2369281045751634 0.5195822454308094 0.23039215686274508 0.49869451697127937 0.23039215686274508 0.48825065274151436 0.23529411764705882 0.4699738903394256 0.238562091503268 0.4412532637075718 0.24673202614379086 0.43342036553524804 0.2549019607843137 0.43342036553524804
8 0.3300653594771242 0.6997389033942559 0.3349673202614379 0.7180156657963447 0.3366013071895425 0.7441253263707572 0.3545751633986928 0.7754569190600522 0.3562091503267974 0.7859007832898173 0.3611111111111111 0.7989556135770235 0.36437908496732024 0.8015665796344648 0.3660130718954248 0.8120104438642297 0.3627450980392157 0.8224543080939948 0.35294117647058826 0.8381201044386423 0.3333333333333333 0.8537859007832899 0.3284313725490196 0.8485639686684073 0.3284313725490196 0.8407310704960835 0.31209150326797386 0.8093994778067886 0.3022875816993464 0.7780678851174935 0.3006535947712418 0.7754569190600522 0.29248366013071897 0.7754569190600522 0.29248366013071897 0.7702349869451697 0.2875816993464052 0.7676240208877284 0.2875816993464052 0.762402088772846 0.2908496732026144 0.7571801566579635 0.2826797385620915 0.7441253263707572 0.2908496732026144 0.7467362924281984 0.2957516339869281 0.741514360313316 0.3006535947712418 0.7467362924281984 0.3022875816993464 0.7441253263707572 0.3006535947712418 0.7362924281984334 0.30392156862745096 0.7258485639686684 0.32189542483660133 0.7023498694516971 0.3284313725490196 0.7023498694516971
8 0.2222222222222222 0.48825065274151436 0.23366013071895425 0.5169712793733682 0.24836601307189543 0.5404699738903395 0.24836601307189543 0.5456919060052219 0.2679738562091503 0.5822454308093995 0.27941176470588236 0.6135770234986945 0.27941176470588236 0.618798955613577 0.272875816993464 0.6266318537859008 0.27450980392156865 0.6501305483028721 0.28104575163398693 0.6762402088772846 0.28104575163398693 0.6919060052219321 0.27450980392156865 0.7049608355091384 0.26143790849673204 0.7049608355091384 0.25163398692810457 0.6788511749347258 0.24509803921568626 0.6736292428198434 0.2369281045751634 0.660574412532637 0.23529411764705882 0.6501305483028721 0.22875816993464052 0.639686684073107 0.21895424836601307 0.6109660574412533 0.20261437908496732 0.5848563968668408 0.19934640522875818 0.5691906005221932 0.1895424836601307 0.5404699738903395 0.1830065359477124 0.5300261096605744 0.184640522875817 0.5195822454308094 0.19607843137254902 0.49869451697127937 0.21241830065359477 0.48825065274151436 0.22058823529411764 0.48825065274151436
8 0.4738562091503268 0.5456919060052219 0.477124183006536 0.5509138381201044 0.48366013071895425 0.5535248041775457 0.49019607843137253 0.5639686684073107 0.5016339869281046 0.5639686684073107 0.5049019607843137 0.566579634464752 0.5032679738562091 0.5822454308093995 0.5065359477124183 0.5900783289817232 0.511437908496732 0.5953002610966057 0.5147058823529411 0.5953002610966057 0.5245098039215687 0.608355091383812 0.5343137254901961 0.608355091383812 0.5392156862745098 0.6031331592689295 0.5441176470588235 0.608355091383812 0.5424836601307189 0.6344647519582245 0.5359477124183006 0.6553524804177546 0.5326797385620915 0.6579634464751958 0.5212418300653595 0.6553524804177546 0.5196078431372549 0.6501305483028721 0.5196078431372549 0.6422976501305483 0.5212418300653595 0.639686684073107 0.5163398692810458 0.6318537859007833 0.5016339869281046 0.618798955613577 0.4934640522875817 0.6161879895561357 0.47875816993464054 0.6057441253263708 0.46568627450980393 0.5900783289817232 0.46405228758169936 0.5822454308093995 0.4722222222222222 0.5483028720626631
8 0.2761437908496732 0.3394255874673629 0.2777777777777778 0.3368146214099217 0.29248366013071897 0.3368146214099217 0.315359477124183 0.3472584856396867 0.315359477124183 0.3524804177545692 0.30718954248366015 0.360313315926893 0.3055555555555556 0.40992167101827676 0.3088235294117647 0.4177545691906005 0.32189542483660133 0.42297650130548303 0.3202614379084967 0.4281984334203655 0.315359477124183 0.4281984334203655 0.3104575163398693 0.4360313315926893 0.3104575163398693 0.4595300261096606 0.30718954248366015 0.46475195822454307 0.3022875816993464 0.48825065274151436 0.2973856209150327 0.5013054830287206 0.2973856209150327 0.5352480417754569 0.2957516339869281 0.5378590078328982 0.2973856209150327 0.5483028720626631 0.2957516339869281 0.5509138381201044 0.29248366013071897 0.597911227154047 0.28921568627450983 0.6135770234986945 0.28594771241830064 0.6161879895561357 0.2826797385620915 0.6135770234986945 0.272875816993464 0.5926892950391645 0.27124183006535946 0.5822454308093995 0.26143790849673204 0.566579634464752 0.2549019607843137 0.5456919060052219 0.2549019607843137 0.5378590078328982 0.2581699346405229 0.5248041775456919 0.25980392156862747 0.4934725848563969 0.2630718954248366 0.47780678851174935 0.2630718954248366 0.4621409921671018 0.2647058823529412 0.4595300261096606 0.2647058823529412 0.43342036553524804 0.26633986928104575 0.4255874673629243 0.2630718954248366 0.4151436031331593 0.272875816993464 0.40992167101827676 0.2761437908496732 0.4046997389033943 0.28104575163398693 0.3785900783289817 0.2826797385620915 0.34986945169712796 0.2777777777777778 0.34203655352480417
8 0.24183006535947713 0.6840731070496083 0.24836601307189543 0.6788511749347258 0.2581699346405229 0.6997389033942559 0.25 0.7127937336814621 0.25 0.7336814621409922 0.25163398692810457 0.7389033942558747 0.27450980392156865 0.7702349869451697 0.272875816993464 0.7728459530026109 0.25 0.7728459530026109 0.24836601307189543 0.7702349869451697 0.24183006535947713 0.7702349869451697 0.23529411764705882 0.762402088772846 0.2369281045751634 0.720626631853786 0.238562091503268 0.7180156657963447 0.238562091503268 0.7023498694516971 0.24183006535947713 0.6866840731070496
8 0.4411764705882353 0.6788511749347258 0.4493464052287582 0.6788511749347258 0.4542483660130719 0.6736292428198434 0.44607843137254904 0.6657963446475196 0.4411764705882353 0.6657963446475196 0.434640522875817 0.6736292428198434 0.434640522875817 0.6866840731070496 0.43300653594771243 0.6892950391644909 0.434640522875817 0.7180156657963447 0.4411764705882353 0.7310704960835509 0.4411764705882353 0.7362924281984334 0.43790849673202614 0.741514360313316 0.42483660130718953 0.741514360313316 0.4150326797385621 0.7362924281984334 0.4084967320261438 0.7310704960835509 0.4035947712418301 0.720626631853786 0.40522875816993464 0.7154046997389034 0.4117647058823529 0.7127937336814621 0.4150326797385621 0.7075718015665796 0.4199346405228758 0.6919060052219321 0.4199346405228758 0.6710182767624021 0.4166666666666667 0.660574412532637 0.4166666666666667 0.6422976501305483 0.42320261437908496 0.6266318537859008 0.4297385620915033 0.5900783289817232 0.43300653594771243 0.5822454308093995 0.43300653594771243 0.5587467362924282 0.43137254901960786 0.5535248041775457 0.4395424836601307 0.5430809399477807 0.4444444444444444 0.5274151436031331 0.4444444444444444 0.5091383812010444 0.4493464052287582 0.4908616187989556 0.4526143790849673 0.4621409921671018 0.45751633986928103 0.4464751958224543 0.4591503267973856 0.4308093994778068 0.46568627450980393 0.4177545691906005 0.4738562091503268 0.40992167101827676 0.477124183006536 0.3968668407310705 0.4820261437908497 0.391644908616188 0.4852941176470588 0.39947780678851175 0.4820261437908497 0.4177545691906005 0.4869281045751634 0.4281984334203655 0.48366013071895425 0.4751958224543081 0.477124183006536 0.49869451697127937 0.4738562091503268 0.5274151436031331 0.47058823529411764 0.5378590078328982 0.47058823529411764 0.5483028720626631 0.46405228758169936 0.5718015665796344 0.46405228758169936 0.5848563968668408 0.4591503267973856 0.6031331592689295 0.4591503267973856 0.6109660574412533 0.45588235294117646 0.618798955613577 0.45588235294117646 0.6344647519582245 0.4526143790849673 0.6422976501305483 0.45588235294117646 0.6501305483028721 0.4624183006535948 0.6501305483028721 0.46568627450980393 0.6553524804177546 0.4624183006535948 0.660574412532637 0.4673202614379085 0.6631853785900783 0.47058823529411764 0.6710182767624021 0.46568627450980393 0.6788511749347258 0.46405228758169936 0.6762402088772846 0.46078431372549017 0.6788511749347258 0.46078431372549017 0.6892950391644909 0.4444444444444444 0.6866840731070496 0.44281045751633985 0.6814621409921671
8 0.4852941176470588 0.6422976501305483 0.49019607843137253 0.6475195822454308 0.4950980392156863 0.6631853785900783 0.4950980392156863 0.6736292428198434 0.4918300653594771 0.6840731070496083 0.49019607843137253 0.7049608355091384 0.48366013071895425 0.7232375979112271 0.46568627450980393 0.7493472584856397 0.45588235294117646 0.7493472584856397 0.4444444444444444 0.7389033942558747 0.44281045751633985 0.7101827676240209 0.434640522875817 0.6892950391644909 0.434640522875817 0.6788511749347258 0.4526143790849673 0.6501305483028721 0.45751633986928103 0.6501305483028721 0.4542483660130719 0.6527415143603134 0.45588235294117646 0.6579634464751958 0.4624183006535948 0.6579634464751958 0.4722222222222222 0.6422976501305483 0.477124183006536 0.639686684073107 0.48366013071895425 0.6422976501305483
8 0.45098039215686275 0.35509138381201044 0.45588235294117646 0.360313315926893 0.45588235294117646 0.3838120104438642 0.4493464052287582 0.3968668407310705 0.4444444444444444 0.39947780678851175 0.4526143790849673 0.4151436031331593 0.45588235294117646 0.4255874673629243 0.45588235294117646 0.4360313315926893 0.4526143790849673 0.4412532637075718 0.4493464052287582 0.45430809399477806 0.44281045751633985 0.46475195822454307 0.4411764705882353 0.4725848563968668 0.43300653594771243 0.4804177545691906 0.43137254901960786 0.4908616187989556 0.4150326797385621 0.5248041775456919 0.4117647058823529 0.5378590078328982 0.3709150326797386 0.6135770234986945 0.36437908496732024 0.6370757180156658 0.35130718954248363 0.6553524804177546 0.34967320261437906 0.6657963446475196 0.3349673202614379 0.6892950391644909 0.3284313725490196 0.6892950391644909 0.3235294117647059 0.6971279373368147 0.31699346405228757 0.6971279373368147 0.3137254901960784 0.7023498694516971 0.315359477124183 0.7101827676240209 0.31209150326797386 0.7154046997389034 0.3088235294117647 0.7154046997389034 0.3055555555555556 0.7232375979112271 0.3022875816993464 0.7232375979112271 0.3006535947712418 0.7284595300261096 0.29411764705882354 0.7310704960835509 0.29248366013071897 0.7336814621409922 0.29411764705882354 0.7362924281984334 0.29248366013071897 0.741514360313316 0.28104575163398693 0.741514360313316 0.27941176470588236 0.7441253263707572 0.2777777777777778 0.7597911227154047 0.27941176470588236 0.762402088772846 0.28594771241830064 0.7597911227154047 0.28431372549019607 0.7650130548302873 0.2826797385620915 0.762402088772846 0.28104575163398693 0.7650130548302873 0.2826797385620915 0.7702349869451697 0.28594771241830064 0.7702349869451697 0.2761437908496732 0.7650130548302873 0.27124183006535946 0.7571801566579635 0.272875816993464 0.7545691906005222 0.27450980392156865 0.7571801566579635 0.2777777777777778 0.7545691906005222 0.2761437908496732 0.7467362924281984 0.2696078431372549 0.741514360313316 0.26633986928104575 0.7441253263707572 0.26633986928104575 0.7493472584856397 0.26143790849673204 0.7467362924281984 0.2549019607843137 0.7310704960835509 0.2549019607843137 0.7180156657963447 0.25326797385620914 0.7154046997389034 0.2549019607843137 0.7101827676240209 0.2581699346405229 0.7075718015665796 0.27450980392156865 0.7101827676240209 0.2826797385620915 0.6919060052219321 0.2826797385620915 0.6736292428198434 0.27450980392156865 0.6370757180156658 0.2761437908496732 0.6266318537859008 0.28104575163398693 0.6214099216710183 0.28594771241830064 0.6214099216710183 0.29411764705882354 0.6266318537859008 0.30392156862745096 0.6266318537859008 0.3088235294117647 0.6135770234986945 0.31699346405228757 0.6031331592689295 0.3202614379084967 0.5926892950391645 0.35130718954248363 0.5378590078328982 0.3545751633986928 0.5274151436031331 0.36437908496732024 0.5169712793733682 0.36764705882352944 0.5065274151436031 0.3888888888888889 0.4725848563968668 0.39215686274509803 0.4621409921671018 0.40522875816993464 0.4412532637075718 0.4133986928104575 0.42036553524804177 0.4215686274509804 0.4073107049608355 0.42320261437908496 0.39947780678851175 0.42810457516339867 0.39425587467362927 0.43137254901960786 0.39425587467362927 0.4362745098039216 0.38642297650130547 0.4297385620915033 0.381201044386423 0.434640522875817 0.3785900783289817 0.4411764705882353 0.3681462140992167 0.4493464052287582 0.3681462140992167 0.4526143790849673 0.3629242819843342 0.4526143790849673 0.3577023498694517
8 0.48366013071895425 0.741514360313316 0.4852941176470588 0.7545691906005222 0.47549019607843135 0.7728459530026109 0.4444444444444444 0.8067885117493473 0.4297385620915033 0.8172323759791122 0.4264705882352941 0.8172323759791122 0.4264705882352941 0.8120104438642297 0.4215686274509804 0.7989556135770235 0.4150326797385621 0.7702349869451697 0.4166666666666667 0.7597911227154047 0.42483660130718953 0.7467362924281984 0.44607843137254904 0.7441253263707572 0.4542483660130719 0.7519582245430809 0.4624183006535948 0.7545691906005222 0.4722222222222222 0.7493472584856397 0.47549019607843135 0.741514360313316 0.477124183006536 0.741514360313316 0.477124183006536 0.7493472584856397 0.4820261437908497 0.7519582245430809 0.48366013071895425 0.7441253263707572
8 0.23039215686274508 0.7650130548302873 0.23529411764705882 0.7676240208877284 0.24509803921568626 0.7859007832898173 0.24673202614379086 0.783289817232376 0.2630718954248366 0.7859007832898173 0.28104575163398693 0.804177545691906 0.2973856209150327 0.8120104438642297 0.3202614379084967 0.8302872062663186 0.3235294117647059 0.835509138381201 0.32679738562091504 0.8511749347258486 0.3202614379084967 0.856396866840731 0.3137254901960784 0.8668407310704961 0.3055555555555556 0.8668407310704961 0.30392156862745096 0.8694516971279374 0.2875816993464052 0.8694516971279374 0.28594771241830064 0.8668407310704961 0.2696078431372549 0.8668407310704961 0.2679738562091503 0.8642297650130548 0.25 0.8616187989556136 0.2434640522875817 0.856396866840731 0.23202614379084968 0.8381201044386423 0.20915032679738563 0.8276762402088773 0.20588235294117646 0.8198433420365535 0.20588235294117646 0.7989556135770235 0.20915032679738563 0.7911227154046997 0.20915032679738563 0.7859007832898173 0.21895424836601307 0.7676240208877284 0.22875816993464052 0.7650130548302873