8 0.40625 0.7519446845289542 0.421875 0.7579948141745895 0.435625 0.7744165946413137 0.44 0.7968885047536733 0.43625 0.8098530682800346 0.425 0.8184961106309421 0.40875 0.8141745894554884 0.38875 0.8038029386343993 0.379375 0.7925669835782195 0.3775 0.7787381158167676 0.383125 0.759723422644771 0.39375 0.7502160760587727 0.405625 0.7519446845289542
8 0.673125 0.5151253241140882 0.685625 0.5246326707000865 0.6825 0.5462402765773552 0.66875 0.6076058772687987 0.6625 0.6231633535004322 0.66 0.6395851339671564 0.654375 0.6525496974935178 0.648125 0.6810717372515125 0.628125 0.749351771823682 0.6275 0.77009507346586 0.623125 0.7899740708729472 0.619375 0.7960242005185826 0.60875 0.8038029386343993 0.591875 0.8055315471045809 0.585 0.8038029386343993 0.5825 0.7968885047536733 0.584375 0.7657735522904062 0.5975 0.7372515125324114 0.603125 0.7199654278305964 0.6075 0.6974935177182369 0.625 0.6447709593777009 0.638125 0.5911840968020743 0.644375 0.5782195332757131 0.65625 0.54019014693172 0.65875 0.5229040622299049 0.66375 0.5151253241140882 0.6725 0.5151253241140882
8 0.418125 0.4606741573033708 0.42375 0.46326707000864303 0.43 0.4710458081244598 0.433125 0.4814174589455488 0.433125 0.4961106309420916 0.425625 0.5082108902333622 0.411875 0.5229040622299049 0.40375 0.5289541918755402 0.398125 0.5298184961106309 0.39125 0.5289541918755402 0.385 0.5237683664649957 0.381875 0.5142610198789974 0.38125 0.4961106309420916 0.3875 0.4848746758859118 0.396875 0.47450302506482284 0.400625 0.4736387208297321 0.404375 0.46672428694900603 0.4175 0.4606741573033708
8 0.52625 0.449438202247191 0.576875 0.40363007778738114 0.585 0.40363007778738114 0.58625 0.4062229904926534 0.585 0.4140017286084702 0.57125 0.439066551426102 0.543125 0.47968885047536736 0.538125 0.4840103716508211 0.53625 0.5030250648228176 0.53125 0.5099394987035436 0.521875 0.5185825410544511 0.50125 0.5462402765773552 0.494375 0.5514261019878998 0.49125 0.557476231633535 0.460625 0.592048401037165 0.425 0.6404494382022472 0.41625 0.648228176318064 0.388125 0.6836646499567848 0.388125 0.68971477960242 0.400625 0.7130509939498704 0.400625 0.7242869490060502 0.396875 0.7320656871218669 0.39 0.7329299913569577 0.360625 0.7044079515989629 0.355625 0.7035436473638721 0.3325 0.7191011235955056 0.330625 0.7234226447709594 0.334375 0.742437337942956 0.33125 0.7458945548833189 0.32125 0.7458945548833189 0.30375 0.7225583405358686 0.29625 0.7018150388936906 0.296875 0.693171996542783 0.299375 0.68971477960242 0.305625 0.6905790838375108 0.31375 0.6974935177182369 0.316875 0.6966292134831461 0.3375 0.668971477960242 0.3375 0.6646499567847882 0.320625 0.6300777873811582 0.320625 0.6171132238547969 0.324375 0.6119273984442524 0.335 0.6145203111495247 0.346875 0.6300777873811582 0.355625 0.6352636127917026 0.365 0.6222990492653414 0.378125 0.6127917026793431 0.39375 0.5877268798617113 0.404375 0.5782195332757131 0.424375 0.5531547104580813 0.449375 0.5324114088159032 0.4975 0.4693171996542783 0.51 0.45635263612791704 0.523125 0.45721694036300775 0.52625 0.45030250648228176
8 0.53375 0.5099394987035436 0.535 0.5116681071737251 0.5325 0.5289541918755402 0.52375 0.5583405358686258 0.52375 0.5661192739844425 0.518125 0.5825410544511668 0.51 0.6231633535004322 0.500625 0.6369922212618842 0.49875 0.6611927398444253 0.4925 0.6845289541918755 0.4825 0.6992221261884183 0.48375 0.7320656871218669 0.481875 0.7441659464131374 0.475 0.7571305099394987 0.469375 0.7519446845289542 0.455625 0.7165082108902333 0.45125 0.6992221261884183 0.451875 0.6888504753673294 0.455 0.6853932584269663 0.45875 0.6715643906655142 0.46375 0.662057044079516 0.465625 0.6499567847882455 0.46875 0.6447709593777009 0.481875 0.5989628349178912 0.484375 0.581676750216076 0.508125 0.5358686257562663 0.523125 0.5177182368193605 0.533125 0.5099394987035436
8 0.693125 0.5721694036300777 0.69625 0.57476231633535 0.696875 0.5790838375108038 0.696875 0.5911840968020743 0.6925 0.6119273984442524 0.698125 0.6266205704407951 0.69625 0.6551426101987899 0.690625 0.6698357821953328 0.685625 0.7052722558340536 0.68125 0.7087294727744166 0.66875 0.7113223854796888 0.655 0.7026793431287813 0.650625 0.693171996542783 0.655 0.6534140017286084 0.67375 0.5911840968020743 0.678125 0.5704407951598963 0.6825 0.5687121866897148 0.6925 0.5721694036300777
8 0.424375 0.6473638720829732 0.440625 0.6802074330164217 0.445 0.6957649092480553 0.460625 0.7312013828867762 0.46375 0.7441659464131374 0.470625 0.7571305099394987 0.47125 0.7778738115816768 0.48125 0.7891097666378565 0.485 0.7994814174589455 0.480625 0.8133102852203976 0.470625 0.8219533275713051 0.465 0.8236819360414867 0.4575 0.8210890233362144 0.4525 0.8133102852203976 0.45125 0.8003457216940363 0.44 0.7873811581676751 0.43375 0.7692307692307693 0.420625 0.7502160760587727 0.415625 0.7363872082973206 0.411875 0.7337942955920485 0.411875 0.7199654278305964 0.401875 0.7061365600691444 0.40125 0.6957649092480553 0.398125 0.68971477960242 0.398125 0.6776145203111495 0.4 0.672428694900605 0.41375 0.6525496974935178 0.42125 0.6464995678478824 0.42375 0.6473638720829732
8 0.630625 0.581676750216076 0.63375 0.5877268798617113 0.634375 0.6041486603284356 0.63 0.6145203111495247 0.608125 0.6266205704407951 0.595 0.6292134831460674 0.5625 0.6560069144338807 0.551875 0.6594641313742438 0.53125 0.658599827139153 0.524375 0.668971477960242 0.5225 0.6767502160760588 0.516875 0.6810717372515125 0.5075 0.6793431287813311 0.505 0.6741573033707865 0.500625 0.6741573033707865 0.499375 0.6793431287813311 0.4975 0.6784788245462403 0.498125 0.6715643906655142 0.50125 0.668971477960242 0.50125 0.6395851339671564 0.505 0.6326707000864304 0.515 0.6266205704407951 0.5225 0.6266205704407951 0.5325 0.6145203111495247 0.535 0.6162489196197062 0.545 0.6145203111495247 0.588125 0.5929127052722558 0.605 0.5894554883318929 0.60375 0.5851339671564391 0.605625 0.5834053586862575 0.61 0.5851339671564391 0.6125 0.5894554883318929 0.62 0.5834053586862575 0.63 0.581676750216076
8 0.51875 0.34831460674157305 0.523125 0.35177182368193605 0.52625 0.36992221261884184 0.525625 0.37683664649956783 0.5225 0.38202247191011235 0.50375 0.3958513396715644 0.48 0.4096802074330164 0.47375 0.40881590319792566 0.46625 0.3975799481417459 0.461875 0.40276577355229043 0.4425 0.4105445116681072 0.435 0.41832324978392393 0.43125 0.4243733794295592 0.43 0.43560933448573896 0.42125 0.44511668107173724 0.413125 0.44338807260155577 0.3975 0.4511668107173725 0.390625 0.449438202247191 0.38625 0.45635263612791704 0.359375 0.46845289541918755 0.3375 0.4857389801210026 0.3225 0.49006050129645634 0.310625 0.4891961970613656 0.306875 0.49524632670700086 0.29625 0.5012964563526361 0.2925 0.5012964563526361 0.289375 0.4978392394122731 0.281875 0.47709593777009507 0.281875 0.4658599827139153 0.288125 0.45980985306828004 0.3025 0.4580812445980985 0.318125 0.44165946413137425 0.335 0.43560933448573896 0.355625 0.4226447709593777 0.37375 0.4226447709593777 0.380625 0.4140017286084702 0.389375 0.4079515989628349 0.41 0.39844425237683667 0.4175 0.3915298184961106 0.4275 0.3889369057908384 0.44125 0.37683664649956783 0.455 0.3690579083837511 0.485 0.36387208297320656 0.500625 0.35177182368193605 0.518125 0.34831460674157305
8 0.395625 0.4606741573033708 0.39875 0.46672428694900603 0.398125 0.47191011235955055 0.3825 0.4909248055315471 0.380625 0.5021607605877269 0.365625 0.5064822817631807 0.35375 0.5229040622299049 0.3275 0.550561797752809 0.3175 0.5488331892826275 0.310625 0.54019014693172 0.30875 0.5272255834053586 0.3125 0.5177182368193605 0.35 0.47709593777009507 0.38625 0.4580812445980985 0.395 0.4606741573033708
8 0.618125 0.4070872947277442 0.63875 0.4261019878997407 0.630625 0.4511668107173725 0.62875 0.46672428694900603 0.604375 0.5038893690579084 0.55875 0.6032843560933449 0.5525 0.6093344857389801 0.53625 0.6153846153846154 0.5325 0.6084701815038893 0.533125 0.5851339671564391 0.539375 0.5721694036300777 0.54625 0.547104580812446 0.565625 0.5116681071737251 0.566875 0.5012964563526361 0.588125 0.45980985306828004 0.586875 0.449438202247191 0.59125 0.439066551426102 0.598125 0.43042350907519444 0.609375 0.4062229904926534 0.614375 0.4044943820224719 0.6175 0.4070872947277442
8 0.50875 0.6871218668971478 0.515625 0.6879861711322386 0.525625 0.6949006050129646 0.536875 0.693171996542783 0.536875 0.6888504753673294 0.543125 0.6905790838375108 0.554375 0.6879861711322386 0.55875 0.6923076923076923 0.545 0.7165082108902333 0.533125 0.7312013828867762 0.529375 0.7337942955920485 0.51875 0.7337942955920485 0.50125 0.742437337942956 0.493125 0.742437337942956 0.486875 0.7320656871218669 0.484375 0.7182368193604148 0.484375 0.6992221261884183 0.494375 0.6888504753673294 0.508125 0.6871218668971478
8 0.4525 0.4157303370786517 0.4725 0.42350907519446845 0.499375 0.4243733794295592 0.529375 0.4338807260155575 0.530625 0.43560933448573896 0.529375 0.442523768366465 0.52125 0.44857389801210024 0.511875 0.449438202247191 0.5025 0.45980985306828004 0.495 0.46326707000864303 0.473125 0.45721694036300775 0.466875 0.4580812445980985 0.453125 0.45030250648228176 0.44 0.44684528954191877 0.43625 0.4399308556611927 0.4375 0.4226447709593777 0.4425 0.4157303370786517 0.451875 0.4157303370786517
8 0.57375 0.6845289541918755 0.58125 0.6888504753673294 0.5875 0.6992221261884183 0.588125 0.7095937770095073 0.585625 0.7182368193604148 0.5375 0.7942955920484011 0.530625 0.8072601555747623 0.525625 0.8262748487467588 0.515625 0.8305963699222126 0.501875 0.8314606741573034 0.48375 0.8262748487467588 0.48375 0.8141745894554884 0.49 0.7960242005185826 0.51 0.7761452031114953 0.56 0.6923076923076923 0.5675 0.6853932584269663 0.573125 0.6845289541918755
8 0.561875 0.6473638720829732 0.56875 0.648228176318064 0.585625 0.6335350043215212 0.599375 0.6257562662057045 0.6125 0.6257562662057045 0.62125 0.6205704407951599 0.626875 0.6205704407951599 0.62625 0.6335350043215212 0.60875 0.68971477960242 0.60125 0.6957649092480553 0.594375 0.6966292134831461 0.588125 0.6957649092480553 0.583125 0.6871218668971478 0.573125 0.6819360414866033 0.5675 0.682800345721694 0.556875 0.6905790838375108 0.55 0.6862575626620571 0.536875 0.6914433880726015 0.525 0.6914433880726015 0.513125 0.6871218668971478 0.495625 0.6914433880726015 0.491875 0.6888504753673294 0.49875 0.6707000864304236 0.504375 0.6707000864304236 0.513125 0.6802074330164217 0.519375 0.6802074330164217 0.5225 0.6637856525496975 0.529375 0.6629213483146067 0.53625 0.6551426101987899 0.551875 0.6551426101987899 0.5525 0.6508210890233362 0.56125 0.6473638720829732
8 0.359375 0.7113223854796888 0.395625 0.7407087294727744 0.405 0.7519446845289542 0.421875 0.7579948141745895 0.43375 0.7709593777009507 0.4375 0.7813310285220397 0.4375 0.7968885047536733 0.4325 0.8133102852203976 0.426875 0.8176318063958513 0.409375 0.8141745894554884 0.388125 0.8029386343993086 0.38125 0.7960242005185826 0.37625 0.7847882454624028 0.35 0.7709593777009507 0.341875 0.7614520311149524 0.338125 0.7605877268798618 0.34 0.7528089887640449 0.345625 0.7476231633535004 0.3375 0.7346585998271391 0.33625 0.7268798617113224 0.338125 0.7199654278305964 0.34625 0.7156439066551427 0.35625 0.7191011235955056 0.35875 0.7113223854796888
8 0.524375 0.7337942955920485 0.529375 0.7363872082973206 0.525625 0.749351771823682 0.508125 0.7787381158167676 0.494375 0.7873811581676751 0.484375 0.7865168539325843 0.480625 0.7830596369922213 0.474375 0.7726879861711322 0.47625 0.7605877268798618 0.49125 0.7433016421780466 0.498125 0.7433016421780466 0.52375 0.7337942955920485
8 0.640625 0.5159896283491789 0.656875 0.5211754537597234 0.656875 0.5306828003457217 0.651875 0.5488331892826275 0.648125 0.557476231633535 0.645 0.5592048401037165 0.634375 0.554019014693172 0.593125 0.5479688850475367 0.5875 0.543647363872083 0.591875 0.5298184961106309 0.599375 0.5177182368193605 0.60875 0.5159896283491789 0.621875 0.5185825410544511 0.64 0.5159896283491789