8 0.7091633466135459 0.16111111111111112 0.7131474103585658 0.16666666666666666 0.7171314741035857 0.16666666666666666 0.7211155378486056 0.17222222222222222 0.7250996015936255 0.17222222222222222 0.7370517928286853 0.18888888888888888 0.7370517928286853 0.2 0.7410358565737052 0.20555555555555555 0.7410358565737052 0.22777777777777777 0.7370517928286853 0.23333333333333334 0.7370517928286853 0.2388888888888889 0.7250996015936255 0.25 0.701195219123506 0.25 0.6972111553784861 0.24444444444444444 0.6932270916334662 0.24444444444444444 0.6892430278884463 0.2388888888888889 0.6852589641434262 0.2388888888888889 0.6772908366533864 0.22777777777777777 0.6733067729083665 0.22777777777777777 0.6653386454183267 0.21666666666666667 0.6653386454183267 0.2111111111111111 0.6693227091633466 0.20555555555555555 0.6733067729083665 0.20555555555555555 0.6852589641434262 0.18888888888888888 0.6852589641434262 0.18333333333333332 0.6892430278884463 0.17777777777777778 0.6892430278884463 0.17222222222222222 0.6932270916334662 0.16666666666666666 0.6972111553784861 0.16666666666666666 0.701195219123506 0.16111111111111112 0.7051792828685259 0.16111111111111112
8 0.8207171314741036 0.39444444444444443 0.8207171314741036 0.38333333333333336 0.8167330677290837 0.37777777777777777 0.8167330677290837 0.37222222222222223 0.8207171314741036 0.36666666666666664 0.8247011952191236 0.36666666666666664 0.8286852589641435 0.3611111111111111 0.8366533864541833 0.3611111111111111 0.8406374501992032 0.35555555555555557 0.852589641434263 0.35555555555555557 0.8565737051792829 0.3611111111111111 0.8565737051792829 0.36666666666666664 0.8605577689243028 0.37222222222222223 0.8605577689243028 0.37777777777777777 0.8685258964143426 0.39444444444444443 0.8685258964143426 0.40555555555555556 0.8725099601593626 0.4111111111111111 0.8725099601593626 0.4222222222222222 0.8804780876494024 0.43333333333333335 0.8804780876494024 0.4444444444444444 0.8844621513944223 0.45 0.8844621513944223 0.46111111111111114 0.8884462151394422 0.4666666666666667 0.8884462151394422 0.4777777777777778 0.8924302788844621 0.48333333333333334 0.8924302788844621 0.49444444444444446 0.896414342629482 0.5 0.896414342629482 0.5055555555555555 0.9043824701195219 0.5222222222222223 0.9043824701195219 0.5333333333333333 0.9123505976095617 0.55 0.9123505976095617 0.5611111111111111 0.9163346613545816 0.5666666666666667 0.9163346613545816 0.5777777777777777 0.9243027888446215 0.5944444444444444 0.9243027888446215 0.6055555555555555 0.9203187250996016 0.6111111111111112 0.9203187250996016 0.6444444444444445 0.9243027888446215 0.65 0.9243027888446215 0.6611111111111111 0.9282868525896414 0.6666666666666666 0.9282868525896414 0.6777777777777778 0.9322709163346613 0.6833333333333333 0.9322709163346613 0.6888888888888889 0.9282868525896414 0.6944444444444444 0.9282868525896414 0.7 0.9243027888446215 0.7 0.9203187250996016 0.7055555555555556 0.9163346613545816 0.7055555555555556 0.9083665338645418 0.6944444444444444 0.9083665338645418 0.6888888888888889 0.9043824701195219 0.6833333333333333 0.9043824701195219 0.6777777777777778 0.8924302788844621 0.6611111111111111 0.8884462151394422 0.6611111111111111 0.8764940239043825 0.6444444444444445 0.8764940239043825 0.6388888888888888 0.8685258964143426 0.6277777777777778 0.8685258964143426 0.6166666666666667 0.8645418326693227 0.6111111111111112 0.8605577689243028 0.6111111111111112 0.8605577689243028 0.5944444444444444 0.8565737051792829 0.5888888888888889 0.8565737051792829 0.5777777777777777 0.852589641434263 0.5722222222222222 0.852589641434263 0.5555555555555556 0.848605577689243 0.55 0.848605577689243 0.5388888888888889 0.8446215139442231 0.5333333333333333 0.848605577689243 0.5277777777777778 0.8446215139442231 0.5222222222222223 0.8446215139442231 0.5111111111111111 0.8406374501992032 0.5055555555555555 0.8446215139442231 0.5 0.8446215139442231 0.4888888888888889 0.852589641434263 0.4777777777777778 0.852589641434263 0.45 0.8446215139442231 0.4388888888888889 0.8446215139442231 0.4222222222222222 0.8247011952191236 0.39444444444444443
8 0.7370517928286853 0.38333333333333336 0.7410358565737052 0.3888888888888889 0.7410358565737052 0.4 0.7450199203187251 0.40555555555555556 0.7450199203187251 0.4388888888888889 0.7529880478087649 0.45 0.7569721115537849 0.45 0.7609561752988048 0.45555555555555555 0.7649402390438247 0.45555555555555555 0.7609561752988048 0.46111111111111114 0.7609561752988048 0.4666666666666667 0.7649402390438247 0.4722222222222222 0.7649402390438247 0.48333333333333334 0.7609561752988048 0.4888888888888889 0.7649402390438247 0.49444444444444446 0.7649402390438247 0.5222222222222223 0.7689243027888446 0.5277777777777778 0.7689243027888446 0.6055555555555555 0.7729083665338645 0.6111111111111112 0.7729083665338645 0.6444444444444445 0.7768924302788844 0.65 0.7768924302788844 0.7 0.7808764940239044 0.7055555555555556 0.7808764940239044 0.7611111111111111 0.7848605577689243 0.7666666666666667 0.7848605577689243 0.7888888888888889 0.7888446215139442 0.7944444444444444 0.7888446215139442 0.8166666666666667 0.7928286852589641 0.8222222222222222 0.7928286852589641 0.85 0.796812749003984 0.8555555555555555 0.796812749003984 0.9222222222222223 0.7928286852589641 0.9277777777777778 0.7450199203187251 0.9277777777777778 0.7410358565737052 0.9222222222222223 0.7370517928286853 0.9222222222222223 0.7330677290836654 0.9166666666666666 0.7330677290836654 0.9055555555555556 0.7290836653386454 0.9 0.7290836653386454 0.8777777777777778 0.7250996015936255 0.8722222222222222 0.7250996015936255 0.8555555555555555 0.7211155378486056 0.85 0.7211155378486056 0.8 0.7171314741035857 0.7944444444444444 0.7171314741035857 0.7777777777777778 0.7131474103585658 0.7722222222222223 0.7131474103585658 0.7166666666666667 0.7091633466135459 0.7111111111111111 0.7091633466135459 0.6666666666666666 0.7051792828685259 0.6611111111111111 0.7051792828685259 0.6111111111111112 0.701195219123506 0.6055555555555555 0.701195219123506 0.5555555555555556 0.6972111553784861 0.55 0.6972111553784861 0.5222222222222223 0.6932270916334662 0.5166666666666667 0.6932270916334662 0.5 0.6892430278884463 0.49444444444444446 0.6892430278884463 0.4777777777777778 0.6852589641434262 0.4722222222222222 0.6852589641434262 0.45555555555555555 0.6892430278884463 0.45555555555555555 0.701195219123506 0.4444444444444444 0.701195219123506 0.3888888888888889 0.7051792828685259 0.38333333333333336 0.7131474103585658 0.38333333333333336 0.7171314741035857 0.37777777777777777 0.7211155378486056 0.37777777777777777 0.7250996015936255 0.38333333333333336 0.7330677290836654 0.38333333333333336
8 0.32669322709163345 0.15 0.33067729083665337 0.15 0.33067729083665337 0.15555555555555556 0.3386454183266932 0.16666666666666666 0.3466135458167331 0.16666666666666666 0.350597609561753 0.16111111111111112 0.38247011952191234 0.16111111111111112 0.38645418326693226 0.15555555555555556 0.4103585657370518 0.15555555555555556 0.41434262948207173 0.15 0.4302788844621514 0.15 0.4302788844621514 0.15555555555555556 0.4342629482071713 0.16111111111111112 0.4342629482071713 0.16666666666666666 0.44223107569721115 0.17777777777777778 0.450199203187251 0.17777777777777778 0.4581673306772908 0.18888888888888888 0.4581673306772908 0.2 0.450199203187251 0.2 0.44621513944223107 0.20555555555555555 0.43824701195219123 0.20555555555555555 0.4342629482071713 0.2111111111111111 0.42231075697211157 0.2111111111111111 0.41832669322709165 0.21666666666666667 0.4103585657370518 0.21666666666666667 0.4063745019920319 0.2222222222222222 0.38645418326693226 0.2222222222222222 0.38247011952191234 0.22777777777777777 0.3705179282868526 0.22777777777777777 0.3665338645418327 0.23333333333333334 0.3545816733067729 0.23333333333333334 0.350597609561753 0.2388888888888889 0.33067729083665337 0.2388888888888889 0.32669322709163345 0.23333333333333334 0.32270916334661354 0.23333333333333334 0.3187250996015936 0.2388888888888889 0.2788844621513944 0.2388888888888889 0.27091633466135456 0.22777777777777777 0.27091633466135456 0.20555555555555555 0.2749003984063745 0.2 0.2749003984063745 0.18333333333333332 0.2788844621513944 0.18333333333333332 0.28286852589641437 0.17777777777777778 0.2948207171314741 0.17777777777777778 0.29880478087649404 0.17222222222222222 0.3107569721115538 0.17222222222222222 0.3147410358565737 0.16666666666666666 0.3187250996015936 0.16666666666666666 0.32669322709163345 0.15555555555555556
8 0.4940239043824701 0.23333333333333334 0.49800796812749004 0.2388888888888889 0.50199203187251 0.2388888888888889 0.4940239043824701 0.25 0.4900398406374502 0.25 0.4860557768924303 0.25555555555555554 0.4820717131474104 0.25555555555555554 0.47808764940239046 0.2611111111111111 0.47410358565737054 0.2611111111111111 0.4701195219123506 0.26666666666666666 0.46613545816733065 0.26666666666666666 0.46215139442231074 0.2722222222222222 0.4581673306772908 0.2722222222222222 0.4541832669322709 0.2777777777777778 0.44621513944223107 0.2777777777777778 0.44223107569721115 0.2833333333333333 0.43824701195219123 0.2833333333333333 0.4262948207171315 0.29444444444444445 0.41832669322709165 0.29444444444444445 0.41434262948207173 0.3 0.4103585657370518 0.3 0.4063745019920319 0.3055555555555556 0.40239043824701193 0.3055555555555556 0.3904382470119522 0.31666666666666665 0.38247011952191234 0.31666666666666665 0.3784860557768924 0.32222222222222224 0.35856573705179284 0.32222222222222224 0.3545816733067729 0.3277777777777778 0.350597609561753 0.3277777777777778 0.3386454183266932 0.3388888888888889 0.32669322709163345 0.3388888888888889 0.32270916334661354 0.34444444444444444 0.3147410358565737 0.34444444444444444 0.30278884462151395 0.3277777777777778 0.30278884462151395 0.32222222222222224 0.2948207171314741 0.3111111111111111 0.2948207171314741 0.3055555555555556 0.2908366533864542 0.3 0.2908366533864542 0.2611111111111111 0.30278884462151395 0.2611111111111111 0.30677290836653387 0.25555555555555554 0.3187250996015936 0.25555555555555554 0.32270916334661354 0.25 0.3545816733067729 0.25 0.35856573705179284 0.24444444444444444 0.3784860557768924 0.24444444444444444 0.38247011952191234 0.2388888888888889 0.40239043824701193 0.2388888888888889 0.4063745019920319 0.23333333333333334 0.44621513944223107 0.23333333333333334 0.450199203187251 0.22777777777777777 0.47808764940239046 0.22777777777777777 0.4820717131474104 0.23333333333333334 0.4900398406374502 0.23333333333333334
8 0.42231075697211157 0.3277777777777778 0.4262948207171315 0.3333333333333333 0.44223107569721115 0.3333333333333333 0.44621513944223107 0.3388888888888889 0.4541832669322709 0.3388888888888889 0.4581673306772908 0.34444444444444444 0.4581673306772908 0.35 0.46613545816733065 0.3611111111111111 0.47808764940239046 0.3611111111111111 0.4820717131474104 0.36666666666666664 0.4860557768924303 0.3611111111111111 0.4900398406374502 0.3611111111111111 0.4940239043824701 0.36666666666666664 0.5059760956175299 0.36666666666666664 0.50199203187251 0.37222222222222223 0.49800796812749004 0.37222222222222223 0.4860557768924303 0.38333333333333336 0.47808764940239046 0.38333333333333336 0.47410358565737054 0.3888888888888889 0.46613545816733065 0.3888888888888889 0.46215139442231074 0.39444444444444443 0.4541832669322709 0.39444444444444443 0.44621513944223107 0.40555555555555556 0.44223107569721115 0.40555555555555556 0.43824701195219123 0.4111111111111111 0.4302788844621514 0.4111111111111111 0.4262948207171315 0.4166666666666667 0.42231075697211157 0.4166666666666667 0.4103585657370518 0.43333333333333335 0.4063745019920319 0.43333333333333335 0.40239043824701193 0.4388888888888889 0.3745019920318725 0.4388888888888889 0.3705179282868526 0.4444444444444444 0.3665338645418327 0.4444444444444444 0.36254980079681276 0.4388888888888889 0.35856573705179284 0.4444444444444444 0.350597609561753 0.4444444444444444 0.3466135458167331 0.4388888888888889 0.3426294820717131 0.4388888888888889 0.3346613545816733 0.42777777777777776 0.33067729083665337 0.42777777777777776 0.33067729083665337 0.4222222222222222 0.32669322709163345 0.4166666666666667 0.32669322709163345 0.4111111111111111 0.3187250996015936 0.39444444444444443 0.3187250996015936 0.38333333333333336 0.3147410358565737 0.37777777777777777 0.32270916334661354 0.36666666666666664 0.32669322709163345 0.36666666666666664 0.3346613545816733 0.35555555555555557 0.3386454183266932 0.35555555555555557 0.3466135458167331 0.34444444444444444 0.350597609561753 0.34444444444444444 0.3545816733067729 0.3388888888888889 0.36254980079681276 0.3388888888888889 0.3745019920318725 0.3277777777777778 0.38247011952191234 0.3277777777777778 0.38645418326693226 0.32222222222222224 0.3944223107569721 0.32222222222222224 0.4063745019920319 0.3111111111111111 0.4103585657370518 0.3111111111111111 0.4103585657370518 0.31666666666666665 0.41832669322709165 0.3277777777777778
8 0.18326693227091634 0.32222222222222224 0.18326693227091634 0.3333333333333333 0.17928286852589642 0.3388888888888889 0.1752988047808765 0.3388888888888889 0.16334661354581673 0.35555555555555557 0.16334661354581673 0.3611111111111111 0.16733067729083664 0.36666666666666664 0.16733067729083664 0.37222222222222223 0.1752988047808765 0.38333333333333336 0.1752988047808765 0.3888888888888889 0.17928286852589642 0.39444444444444443 0.17928286852589642 0.4 0.18725099601593626 0.4111111111111111 0.18725099601593626 0.4166666666666667 0.19123505976095617 0.4222222222222222 0.19123505976095617 0.42777777777777776 0.199203187250996 0.4388888888888889 0.199203187250996 0.4444444444444444 0.20318725099601595 0.45 0.21912350597609562 0.45 0.22310756972111553 0.45555555555555555 0.22310756972111553 0.4722222222222222 0.23107569721115537 0.48333333333333334 0.23107569721115537 0.49444444444444446 0.2350597609561753 0.5 0.2350597609561753 0.5111111111111111 0.24701195219123506 0.5277777777777778 0.24701195219123506 0.5333333333333333 0.250996015936255 0.5388888888888889 0.250996015936255 0.5444444444444444 0.2549800796812749 0.55 0.2549800796812749 0.5555555555555556 0.2589641434262948 0.5611111111111111 0.2589641434262948 0.5666666666666667 0.26294820717131473 0.5722222222222222 0.26294820717131473 0.5777777777777777 0.27091633466135456 0.5888888888888889 0.27091633466135456 0.5944444444444444 0.2749003984063745 0.6 0.2749003984063745 0.6166666666666667 0.28286852589641437 0.6277777777777778 0.28286852589641437 0.6333333333333333 0.2868525896414343 0.6388888888888888 0.2868525896414343 0.6444444444444445 0.2908366533864542 0.65 0.2908366533864542 0.6555555555555556 0.2948207171314741 0.6611111111111111 0.2948207171314741 0.6666666666666666 0.29880478087649404 0.6722222222222223 0.29880478087649404 0.6777777777777778 0.30278884462151395 0.6833333333333333 0.30278884462151395 0.6888888888888889 0.30677290836653387 0.6944444444444444 0.30677290836653387 0.7 0.3107569721115538 0.7055555555555556 0.3107569721115538 0.7222222222222222 0.3147410358565737 0.7277777777777777 0.3147410358565737 0.7388888888888889 0.3187250996015936 0.7444444444444445 0.3187250996015936 0.7611111111111111 0.32270916334661354 0.7666666666666667 0.32270916334661354 0.7722222222222223 0.3147410358565737 0.7722222222222223 0.30278884462151395 0.7611111111111111 0.2948207171314741 0.7611111111111111 0.2908366533864542 0.7555555555555555 0.2868525896414343 0.7555555555555555 0.28286852589641437 0.75 0.2788844621513944 0.75 0.27091633466135456 0.7388888888888889 0.2589641434262948 0.7388888888888889 0.2549800796812749 0.7333333333333333 0.24701195219123506 0.7333333333333333 0.24302788844621515 0.7277777777777777 0.23904382470119523 0.7277777777777777 0.22709163346613545 0.7166666666666667 0.2151394422310757 0.7166666666666667 0.21115537848605578 0.7111111111111111 0.21115537848605578 0.7055555555555556 0.21912350597609562 0.7055555555555556 0.22310756972111553 0.7 0.2151394422310757 0.6888888888888889 0.21115537848605578 0.6888888888888889 0.20717131474103587 0.6833333333333333 0.20717131474103587 0.6777777777777778 0.21115537848605578 0.6722222222222223 0.20717131474103587 0.6666666666666666 0.20717131474103587 0.6555555555555556 0.199203187250996 0.6444444444444445 0.18725099601593626 0.6444444444444445 0.18725099601593626 0.6388888888888888 0.18326693227091634 0.6333333333333333 0.18326693227091634 0.6277777777777778 0.17928286852589642 0.6222222222222222 0.17928286852589642 0.6166666666666667 0.17131474103585656 0.6 0.17131474103585656 0.5833333333333334 0.16733067729083664 0.5777777777777777 0.16733067729083664 0.5722222222222222 0.17131474103585656 0.5666666666666667 0.16733067729083664 0.5611111111111111 0.16733067729083664 0.5555555555555556 0.1593625498007968 0.5388888888888889 0.1593625498007968 0.5222222222222223 0.14741035856573706 0.5111111111111111 0.1394422310756972 0.5111111111111111 0.1394422310756972 0.49444444444444446 0.14342629482071714 0.4888888888888889 0.14342629482071714 0.48333333333333334 0.14741035856573706 0.48333333333333334 0.1553784860557769 0.4722222222222222 0.1553784860557769 0.46111111111111114 0.15139442231075698 0.45555555555555555 0.15139442231075698 0.45 0.14741035856573706 0.4444444444444444 0.14741035856573706 0.43333333333333335 0.14342629482071714 0.42777777777777776 0.14342629482071714 0.4222222222222222 0.1394422310756972 0.4166666666666667 0.1394422310756972 0.4111111111111111 0.13147410358565736 0.4 0.13147410358565736 0.39444444444444443 0.11952191235059761 0.37777777777777777 0.11553784860557768 0.38333333333333336 0.10358565737051793 0.38333333333333336 0.10358565737051793 0.37777777777777777 0.099601593625498 0.37222222222222223 0.099601593625498 0.36666666666666664 0.10756972111553785 0.35555555555555557 0.11553784860557768 0.35555555555555557 0.12749003984063745 0.34444444444444444 0.13147410358565736 0.34444444444444444 0.1394422310756972 0.3333333333333333 0.14342629482071714 0.3333333333333333 0.14741035856573706 0.3277777777777778 0.1553784860557769 0.3277777777777778 0.1593625498007968 0.32222222222222224 0.17928286852589642 0.32222222222222224
8 0.47808764940239046 0.49444444444444446 0.4820717131474104 0.49444444444444446 0.4860557768924303 0.4888888888888889 0.4900398406374502 0.4888888888888889 0.4940239043824701 0.49444444444444446 0.4940239043824701 0.5388888888888889 0.49800796812749004 0.5444444444444444 0.49800796812749004 0.55 0.5059760956175299 0.5611111111111111 0.5059760956175299 0.5722222222222222 0.5099601593625498 0.5777777777777777 0.5099601593625498 0.6166666666666667 0.5059760956175299 0.6222222222222222 0.5059760956175299 0.6388888888888888 0.50199203187251 0.6444444444444445 0.50199203187251 0.6833333333333333 0.4940239043824701 0.7 0.4940239043824701 0.7111111111111111 0.47808764940239046 0.7333333333333333 0.47808764940239046 0.7388888888888889 0.4701195219123506 0.75 0.4701195219123506 0.7555555555555555 0.4581673306772908 0.7722222222222223 0.4541832669322709 0.7722222222222223 0.450199203187251 0.7777777777777778 0.44223107569721115 0.7777777777777778 0.43824701195219123 0.7833333333333333 0.4342629482071713 0.7833333333333333 0.42231075697211157 0.7944444444444444 0.4103585657370518 0.7944444444444444 0.4103585657370518 0.7833333333333333 0.41434262948207173 0.7777777777777778 0.41434262948207173 0.7555555555555555 0.41832669322709165 0.75 0.41832669322709165 0.7222222222222222 0.42231075697211157 0.7166666666666667 0.42231075697211157 0.6944444444444444 0.4262948207171315 0.6888888888888889 0.4262948207171315 0.6777777777777778 0.4302788844621514 0.6722222222222223 0.4302788844621514 0.6555555555555556 0.4342629482071713 0.65 0.4342629482071713 0.6333333333333333 0.43824701195219123 0.6277777777777778 0.43824701195219123 0.6055555555555555 0.44621513944223107 0.5888888888888889 0.44621513944223107 0.5722222222222222 0.4541832669322709 0.5555555555555556 0.4541832669322709 0.5333333333333333 0.4581673306772908 0.5277777777777778 0.4581673306772908 0.5222222222222223 0.46215139442231074 0.5166666666666667 0.46613545816733065 0.5166666666666667 0.4701195219123506 0.5111111111111111 0.47410358565737054 0.5111111111111111 0.47808764940239046 0.5055555555555555 0.47808764940239046 0.5
8 0.6573705179282868 0 0.6573705179282868 0.011111111111111112 0.6613545816733067 0.016666666666666666 0.6812749003984063 0.016666666666666666 0.6852589641434262 0.011111111111111112 0.7131474103585658 0.011111111111111112 0.7171314741035857 0.005555555555555556 0.7171314741035857 0 0.7211155378486056 0.005555555555555556 0.7211155378486056 0.016666666666666666 0.7250996015936255 0.022222222222222223 0.7250996015936255 0.07222222222222222 0.7211155378486056 0.07777777777777778 0.7131474103585658 0.06666666666666667 0.6932270916334662 0.06666666666666667 0.6892430278884463 0.07222222222222222 0.6733067729083665 0.07222222222222222 0.6613545816733067 0.08888888888888889 0.6613545816733067 0.09444444444444444 0.6533864541832669 0.09444444444444444 0.649402390438247 0.1 0.6215139442231076 0.1 0.6175298804780877 0.10555555555555556 0.601593625498008 0.10555555555555556 0.5976095617529881 0.1111111111111111 0.545816733067729 0.1111111111111111 0.5418326693227091 0.10555555555555556 0.5378486055776892 0.10555555555555556 0.5338645418326693 0.1 0.5298804780876494 0.1 0.5258964143426295 0.09444444444444444 0.5219123505976095 0.09444444444444444 0.5139442231075697 0.08333333333333333 0.5099601593625498 0.08333333333333333 0.50199203187251 0.07222222222222222 0.49800796812749004 0.07222222222222222 0.4860557768924303 0.06111111111111111 0.47808764940239046 0.06111111111111111 0.47410358565737054 0.06666666666666667 0.46613545816733065 0.06666666666666667 0.450199203187251 0.08888888888888889 0.4302788844621514 0.08888888888888889 0.4262948207171315 0.08333333333333333 0.41434262948207173 0.08333333333333333 0.40239043824701193 0.1 0.40239043824701193 0.1111111111111111 0.41434262948207173 0.12777777777777777 0.41434262948207173 0.1388888888888889 0.4063745019920319 0.1388888888888889 0.40239043824701193 0.14444444444444443 0.3426294820717131 0.14444444444444443 0.3346613545816733 0.12777777777777777 0.3346613545816733 0.1111111111111111 0.33067729083665337 0.10555555555555556 0.33067729083665337 0.07777777777777778 0.3346613545816733 0.07222222222222222 0.3346613545816733 0.06666666666666667 0.3386454183266932 0.06666666666666667 0.3426294820717131 0.06111111111111111 0.3545816733067729 0.06111111111111111 0.35856573705179284 0.05555555555555555 0.3745019920318725 0.05555555555555555 0.3784860557768924 0.05 0.398406374501992 0.05 0.40239043824701193 0.044444444444444446 0.4262948207171315 0.044444444444444446 0.4302788844621514 0.03888888888888889 0.4541832669322709 0.03888888888888889 0.4581673306772908 0.03333333333333333 0.4860557768924303 0.03333333333333333 0.4900398406374502 0.027777777777777776 0.5179282868525896 0.027777777777777776 0.5219123505976095 0.022222222222222223 0.5537848605577689 0.022222222222222223 0.5577689243027888 0.016666666666666666 0.5816733067729084 0.016666666666666666 0.5856573705179283 0.011111111111111112 0.6294820717131474 0.011111111111111112 0.6334661354581673 0.005555555555555556 0.6454183266932271 0.005555555555555556 0.649402390438247 0 0.6533864541832669 0
8 0.2151394422310757 0.06666666666666667 0.20717131474103587 0.07777777777777778 0.20318725099601595 0.07777777777777778 0.19123505976095617 0.09444444444444444 0.19123505976095617 0.1 0.1952191235059761 0.10555555555555556 0.1952191235059761 0.1111111111111111 0.199203187250996 0.11666666666666667 0.199203187250996 0.12222222222222222 0.20318725099601595 0.12777777777777777 0.20318725099601595 0.13333333333333333 0.20717131474103587 0.1388888888888889 0.20717131474103587 0.14444444444444443 0.2151394422310757 0.15555555555555556 0.2151394422310757 0.16111111111111112 0.21912350597609562 0.16666666666666666 0.21912350597609562 0.17222222222222222 0.24302788844621515 0.20555555555555555 0.24302788844621515 0.2111111111111111 0.26294820717131473 0.2388888888888889 0.26294820717131473 0.24444444444444444 0.26693227091633465 0.25 0.26693227091633465 0.25555555555555554 0.27091633466135456 0.2611111111111111 0.27091633466135456 0.26666666666666666 0.2788844621513944 0.2833333333333333 0.2788844621513944 0.29444444444444445 0.2868525896414343 0.3055555555555556 0.2868525896414343 0.3111111111111111 0.2908366533864542 0.31666666666666665 0.2908366533864542 0.3277777777777778 0.2948207171314741 0.3333333333333333 0.2908366533864542 0.3388888888888889 0.2908366533864542 0.34444444444444444 0.29880478087649404 0.35555555555555557 0.29880478087649404 0.3611111111111111 0.30278884462151395 0.36666666666666664 0.30278884462151395 0.37222222222222223 0.3107569721115538 0.38333333333333336 0.3107569721115538 0.3888888888888889 0.3147410358565737 0.39444444444444443 0.3147410358565737 0.4 0.3187250996015936 0.40555555555555556 0.3187250996015936 0.4111111111111111 0.32669322709163345 0.4222222222222222 0.32669322709163345 0.43333333333333335 0.33067729083665337 0.4388888888888889 0.3346613545816733 0.4388888888888889 0.3346613545816733 0.4444444444444444 0.3386454183266932 0.45 0.3386454183266932 0.45555555555555555 0.3466135458167331 0.4666666666666667 0.3466135458167331 0.4722222222222222 0.3545816733067729 0.48333333333333334 0.3545816733067729 0.4888888888888889 0.35856573705179284 0.49444444444444446 0.35856573705179284 0.5055555555555555 0.3665338645418327 0.5222222222222223 0.3665338645418327 0.5333333333333333 0.3705179282868526 0.5388888888888889 0.3705179282868526 0.5444444444444444 0.3784860557768924 0.5555555555555556 0.3784860557768924 0.5611111111111111 0.38247011952191234 0.5666666666666667 0.38247011952191234 0.5722222222222222 0.38645418326693226 0.5777777777777777 0.38645418326693226 0.5833333333333334 0.3944223107569721 0.5944444444444444 0.3944223107569721 0.6055555555555555 0.40239043824701193 0.6166666666666667 0.40239043824701193 0.6222222222222222 0.4063745019920319 0.6277777777777778 0.4063745019920319 0.6388888888888888 0.4103585657370518 0.6444444444444445 0.4103585657370518 0.65 0.41832669322709165 0.6666666666666666 0.41832669322709165 0.7 0.41434262948207173 0.7055555555555556 0.41434262948207173 0.7222222222222222 0.4103585657370518 0.7277777777777777 0.4103585657370518 0.7444444444444445 0.4063745019920319 0.75 0.4063745019920319 0.7722222222222223 0.40239043824701193 0.7777777777777778 0.40239043824701193 0.7833333333333333 0.3944223107569721 0.7944444444444444 0.38645418326693226 0.7944444444444444 0.3784860557768924 0.7833333333333333 0.3745019920318725 0.7833333333333333 0.35856573705179284 0.7611111111111111 0.35856573705179284 0.7555555555555555 0.3545816733067729 0.75 0.3545816733067729 0.7333333333333333 0.350597609561753 0.7277777777777777 0.350597609561753 0.7166666666666667 0.3386454183266932 0.7 0.3386454183266932 0.6944444444444444 0.33067729083665337 0.6833333333333333 0.33067729083665337 0.6666666666666666 0.32669322709163345 0.6611111111111111 0.32669322709163345 0.6444444444444445 0.3187250996015936 0.6333333333333333 0.3187250996015936 0.6277777777777778 0.3147410358565737 0.6222222222222222 0.3147410358565737 0.6111111111111112 0.30278884462151395 0.5944444444444444 0.30278884462151395 0.5888888888888889 0.29880478087649404 0.5833333333333334 0.29880478087649404 0.5777777777777777 0.2908366533864542 0.5611111111111111 0.2908366533864542 0.55 0.28286852589641437 0.5333333333333333 0.28286852589641437 0.5222222222222223 0.27091633466135456 0.5055555555555555 0.27091633466135456 0.49444444444444446 0.26693227091633465 0.4888888888888889 0.26693227091633465 0.48333333333333334 0.2589641434262948 0.4666666666666667 0.2589641434262948 0.4444444444444444 0.24302788844621515 0.4222222222222222 0.24302788844621515 0.4166666666666667 0.23107569721115537 0.4 0.23107569721115537 0.39444444444444443 0.22709163346613545 0.3888888888888889 0.22709163346613545 0.37777777777777777 0.21115537848605578 0.34444444444444444 0.21115537848605578 0.3277777777777778 0.20717131474103587 0.32222222222222224 0.20717131474103587 0.31666666666666665 0.19123505976095617 0.29444444444444445 0.19123505976095617 0.28888888888888886 0.18725099601593626 0.2833333333333333 0.17928286852589642 0.2833333333333333 0.17928286852589642 0.2777777777777778 0.1952191235059761 0.25555555555555554 0.19123505976095617 0.25 0.19123505976095617 0.21666666666666667 0.18326693227091634 0.2 0.18326693227091634 0.18888888888888888 0.17928286852589642 0.18333333333333332 0.17928286852589642 0.17777777777777778 0.1752988047808765 0.17222222222222222 0.1752988047808765 0.16666666666666666 0.17131474103585656 0.16111111111111112 0.17131474103585656 0.15555555555555556 0.16733067729083664 0.15 0.16733067729083664 0.14444444444444443 0.16334661354581673 0.1388888888888889 0.16334661354581673 0.13333333333333333 0.1553784860557769 0.12222222222222222 0.13545816733067728 0.12222222222222222 0.13147410358565736 0.12777777777777777 0.12749003984063745 0.12222222222222222 0.13545816733067728 0.1111111111111111 0.1394422310756972 0.1111111111111111 0.14741035856573706 0.1 0.15139442231075698 0.1 0.1553784860557769 0.09444444444444444 0.1593625498007968 0.09444444444444444 0.16334661354581673 0.08888888888888889 0.16733067729083664 0.08888888888888889 0.17131474103585656 0.08333333333333333 0.1752988047808765 0.08333333333333333 0.18725099601593626 0.07222222222222222 0.1952191235059761 0.07222222222222222 0.199203187250996 0.06666666666666667 0.21115537848605578 0.06666666666666667
8 0.7211155378486056 0.29444444444444445 0.7250996015936255 0.3 0.7290836653386454 0.3 0.7290836653386454 0.3055555555555556 0.7410358565737052 0.32222222222222224 0.7410358565737052 0.34444444444444444 0.7529880478087649 0.3611111111111111 0.7529880478087649 0.37222222222222223 0.749003984063745 0.37222222222222223 0.7450199203187251 0.37777777777777777 0.7410358565737052 0.37222222222222223 0.7051792828685259 0.37222222222222223 0.701195219123506 0.37777777777777777 0.6932270916334662 0.37777777777777777 0.6892430278884463 0.38333333333333336 0.6812749003984063 0.38333333333333336 0.6772908366533864 0.3888888888888889 0.6693227091633466 0.3888888888888889 0.6613545816733067 0.4 0.6533864541832669 0.4 0.649402390438247 0.40555555555555556 0.6454183266932271 0.40555555555555556 0.6414342629482072 0.4111111111111111 0.6374501992031872 0.4111111111111111 0.6254980079681275 0.4222222222222222 0.5936254980079682 0.4222222222222222 0.5896414342629482 0.42777777777777776 0.5856573705179283 0.42777777777777776 0.5816733067729084 0.43333333333333335 0.5776892430278885 0.43333333333333335 0.5657370517928287 0.4444444444444444 0.5537848605577689 0.4444444444444444 0.549800796812749 0.45 0.545816733067729 0.45 0.5338645418326693 0.46111111111111114 0.5179282868525896 0.46111111111111114 0.5139442231075697 0.45555555555555555 0.50199203187251 0.4722222222222222 0.4900398406374502 0.4722222222222222 0.4860557768924303 0.4777777777777778 0.47808764940239046 0.4777777777777778 0.47410358565737054 0.48333333333333334 0.46215139442231074 0.48333333333333334 0.4581673306772908 0.4888888888888889 0.44621513944223107 0.4888888888888889 0.44223107569721115 0.49444444444444446 0.43824701195219123 0.49444444444444446 0.4342629482071713 0.4888888888888889 0.4342629482071713 0.48333333333333334 0.4302788844621514 0.4777777777777778 0.4302788844621514 0.4722222222222222 0.42231075697211157 0.45555555555555555 0.42231075697211157 0.42777777777777776 0.4342629482071713 0.4166666666666667 0.44223107569721115 0.4166666666666667 0.4541832669322709 0.4 0.46613545816733065 0.4 0.4701195219123506 0.39444444444444443 0.47808764940239046 0.39444444444444443 0.4900398406374502 0.38333333333333336 0.49800796812749004 0.38333333333333336 0.50199203187251 0.37777777777777777 0.5099601593625498 0.37777777777777777 0.5139442231075697 0.37222222222222223 0.5258964143426295 0.37222222222222223 0.5298804780876494 0.36666666666666664 0.5617529880478087 0.36666666666666664 0.5737051792828686 0.35 0.5776892430278885 0.35 0.5816733067729084 0.34444444444444444 0.5896414342629482 0.34444444444444444 0.5936254980079682 0.3388888888888889 0.601593625498008 0.3388888888888889 0.6055776892430279 0.3333333333333333 0.6374501992031872 0.3333333333333333 0.649402390438247 0.32222222222222224 0.6573705179282868 0.32222222222222224 0.6613545816733067 0.31666666666666665 0.6693227091633466 0.31666666666666665 0.6733067729083665 0.3111111111111111 0.6852589641434262 0.3111111111111111 0.6892430278884463 0.3055555555555556 0.701195219123506 0.3055555555555556 0.7051792828685259 0.3 0.7171314741035857 0.3
8 0.5378486055776892 0.4777777777777778 0.549800796812749 0.49444444444444446 0.5617529880478087 0.49444444444444446 0.5657370517928287 0.4888888888888889 0.5737051792828686 0.4888888888888889 0.5776892430278885 0.48333333333333334 0.5976095617529881 0.48333333333333334 0.6055776892430279 0.5 0.6055776892430279 0.5111111111111111 0.6135458167330677 0.5222222222222223 0.6175298804780877 0.5222222222222223 0.6254980079681275 0.5333333333333333 0.6254980079681275 0.5388888888888889 0.6175298804780877 0.55 0.6175298804780877 0.5555555555555556 0.6135458167330677 0.5611111111111111 0.6135458167330677 0.5666666666666667 0.6095617529880478 0.5722222222222222 0.6095617529880478 0.5777777777777777 0.5896414342629482 0.6055555555555555 0.5896414342629482 0.6111111111111112 0.5737051792828686 0.6333333333333333 0.5737051792828686 0.6388888888888888 0.5657370517928287 0.6388888888888888 0.5617529880478087 0.6333333333333333 0.5577689243027888 0.6333333333333333 0.5577689243027888 0.6277777777777778 0.549800796812749 0.6166666666666667 0.549800796812749 0.6055555555555555 0.545816733067729 0.6 0.5298804780876494 0.6 0.5219123505976095 0.5888888888888889 0.5219123505976095 0.5777777777777777 0.5179282868525896 0.5722222222222222 0.5179282868525896 0.5666666666666667 0.5059760956175299 0.55 0.5059760956175299 0.5444444444444444 0.50199203187251 0.5388888888888889 0.50199203187251 0.5277777777777778 0.5059760956175299 0.5222222222222223 0.5059760956175299 0.5111111111111111 0.5139442231075697 0.5111111111111111 0.5258964143426295 0.49444444444444446 0.5219123505976095 0.4888888888888889 0.5179282868525896 0.4888888888888889 0.5139442231075697 0.49444444444444446 0.5099601593625498 0.4888888888888889 0.5099601593625498 0.48333333333333334 0.5179282868525896 0.48333333333333334 0.5219123505976095 0.4777777777777778 0.5338645418326693 0.4777777777777778
8 0.6852589641434262 0.6777777777777778 0.6892430278884463 0.6777777777777778 0.6932270916334662 0.6722222222222223 0.6972111553784861 0.6722222222222223 0.6972111553784861 0.6777777777777778 0.7051792828685259 0.6944444444444444 0.7051792828685259 0.7111111111111111 0.7091633466135459 0.7166666666666667 0.7091633466135459 0.7777777777777778 0.7131474103585658 0.7833333333333333 0.7131474103585658 0.8055555555555556 0.701195219123506 0.8222222222222222 0.701195219123506 0.8333333333333334 0.7091633466135459 0.8444444444444444 0.7091633466135459 0.8611111111111112 0.6972111553784861 0.8611111111111112 0.6892430278884463 0.85 0.6852589641434262 0.85 0.6812749003984063 0.8555555555555555 0.6772908366533864 0.8555555555555555 0.6733067729083665 0.8611111111111112 0.6733067729083665 0.8666666666666667 0.6533864541832669 0.8944444444444445 0.649402390438247 0.8944444444444445 0.6454183266932271 0.8888888888888888 0.6414342629482072 0.8888888888888888 0.6294820717131474 0.8777777777777778 0.6294820717131474 0.8611111111111112 0.6414342629482072 0.8444444444444444 0.6414342629482072 0.8388888888888889 0.649402390438247 0.8277777777777777 0.649402390438247 0.8055555555555556 0.6414342629482072 0.7944444444444444 0.6414342629482072 0.7833333333333333 0.6374501992031872 0.7777777777777778 0.6374501992031872 0.7722222222222223 0.6414342629482072 0.7666666666666667 0.649402390438247 0.7666666666666667 0.6533864541832669 0.7611111111111111 0.6573705179282868 0.7611111111111111 0.6693227091633466 0.7444444444444445 0.6693227091633466 0.7333333333333333 0.6733067729083665 0.7277777777777777 0.6733067729083665 0.7222222222222222 0.6852589641434262 0.7055555555555556 0.6852589641434262 0.6833333333333333
8 0.6653386454183267 0.4888888888888889 0.6733067729083665 0.4888888888888889 0.6733067729083665 0.49444444444444446 0.6852589641434262 0.5111111111111111 0.6852589641434262 0.5166666666666667 0.6892430278884463 0.5222222222222223 0.6892430278884463 0.5388888888888889 0.6932270916334662 0.5444444444444444 0.6932270916334662 0.6 0.6972111553784861 0.6055555555555555 0.6972111553784861 0.6166666666666667 0.6932270916334662 0.6222222222222222 0.6932270916334662 0.6333333333333333 0.6812749003984063 0.65 0.6812749003984063 0.6555555555555556 0.6733067729083665 0.6666666666666666 0.6733067729083665 0.6722222222222223 0.6653386454183267 0.6833333333333333 0.6653386454183267 0.6888888888888889 0.6533864541832669 0.7055555555555556 0.6533864541832669 0.7166666666666667 0.6454183266932271 0.7277777777777777 0.6454183266932271 0.7333333333333333 0.6374501992031872 0.7444444444444445 0.6374501992031872 0.75 0.6254980079681275 0.7666666666666667 0.6254980079681275 0.7722222222222223 0.6175298804780877 0.7833333333333333 0.6175298804780877 0.7888888888888889 0.6055776892430279 0.8055555555555556 0.6055776892430279 0.8111111111111111 0.601593625498008 0.8166666666666667 0.601593625498008 0.8222222222222222 0.5936254980079682 0.8333333333333334 0.5936254980079682 0.8388888888888889 0.5856573705179283 0.85 0.5856573705179283 0.8555555555555555 0.5816733067729084 0.8611111111111112 0.5816733067729084 0.8666666666666667 0.5697211155378487 0.8777777777777778 0.5418326693227091 0.8777777777777778 0.5219123505976095 0.9055555555555556 0.5179282868525896 0.9 0.5139442231075697 0.9 0.5099601593625498 0.8944444444444445 0.5179282868525896 0.8833333333333333 0.5179282868525896 0.8777777777777778 0.5219123505976095 0.8722222222222222 0.5219123505976095 0.8444444444444444 0.5139442231075697 0.8277777777777777 0.5139442231075697 0.8166666666666667 0.50199203187251 0.8 0.50199203187251 0.7944444444444444 0.5059760956175299 0.7888888888888889 0.5059760956175299 0.7833333333333333 0.5179282868525896 0.7666666666666667 0.5179282868525896 0.7611111111111111 0.5258964143426295 0.75 0.5258964143426295 0.7444444444444445 0.5298804780876494 0.7388888888888889 0.5298804780876494 0.7333333333333333 0.5418326693227091 0.7166666666666667 0.5418326693227091 0.7111111111111111 0.5577689243027888 0.6888888888888889 0.5577689243027888 0.6833333333333333 0.5617529880478087 0.6777777777777778 0.5617529880478087 0.6722222222222223 0.5697211155378487 0.6611111111111111 0.5697211155378487 0.6555555555555556 0.5816733067729084 0.6388888888888888 0.5816733067729084 0.6333333333333333 0.5856573705179283 0.6277777777777778 0.5856573705179283 0.6222222222222222 0.6055776892430279 0.5944444444444444 0.6055776892430279 0.5888888888888889 0.6175298804780877 0.5722222222222222 0.6175298804780877 0.5666666666666667 0.6215139442231076 0.5611111111111111 0.6215139442231076 0.5555555555555556 0.6294820717131474 0.5444444444444444 0.6294820717131474 0.5388888888888889 0.6414342629482072 0.5222222222222223 0.6454183266932271 0.5222222222222223 0.6533864541832669 0.5111111111111111 0.6573705179282868 0.5111111111111111 0.6653386454183267 0.49444444444444446
8 0.41434262948207173 0.3111111111111111 0.41832669322709165 0.3111111111111111 0.41434262948207173 0.31666666666666665 0.42231075697211157 0.3277777777777778 0.4302788844621514 0.3277777777777778 0.4342629482071713 0.3333333333333333 0.450199203187251 0.3333333333333333 0.4541832669322709 0.3388888888888889 0.4581673306772908 0.3388888888888889 0.4581673306772908 0.35 0.46613545816733065 0.3611111111111111 0.4940239043824701 0.3611111111111111 0.49800796812749004 0.36666666666666664 0.5059760956175299 0.36666666666666664 0.50199203187251 0.36666666666666664 0.4940239043824701 0.37777777777777777 0.4860557768924303 0.37777777777777777 0.4820717131474104 0.38333333333333336 0.47410358565737054 0.38333333333333336 0.4701195219123506 0.3888888888888889 0.46613545816733065 0.3888888888888889 0.46215139442231074 0.39444444444444443 0.4541832669322709 0.39444444444444443 0.450199203187251 0.4 0.44621513944223107 0.4 0.4342629482071713 0.4111111111111111 0.4262948207171315 0.4111111111111111 0.42231075697211157 0.4166666666666667 0.41832669322709165 0.4166666666666667 0.4103585657370518 0.43333333333333335 0.398406374501992 0.43333333333333335 0.3944223107569721 0.4388888888888889 0.3466135458167331 0.4388888888888889 0.32270916334661354 0.40555555555555556 0.32270916334661354 0.39444444444444443 0.3187250996015936 0.3888888888888889 0.3187250996015936 0.37222222222222223 0.32270916334661354 0.36666666666666664 0.33067729083665337 0.36666666666666664 0.3466135458167331 0.34444444444444444 0.3545816733067729 0.34444444444444444 0.35856573705179284 0.3388888888888889 0.3665338645418327 0.3388888888888889 0.3745019920318725 0.3277777777777778 0.38247011952191234 0.3277777777777778 0.38645418326693226 0.32222222222222224 0.3944223107569721 0.32222222222222224 0.398406374501992 0.31666666666666665 0.40239043824701193 0.31666666666666665 0.4063745019920319 0.3111111111111111 0.4103585657370518 0.3111111111111111
8 0.5139442231075697 0.6055555555555555 0.5258964143426295 0.6055555555555555 0.5338645418326693 0.6166666666666667 0.5418326693227091 0.6166666666666667 0.545816733067729 0.6222222222222222 0.545816733067729 0.6277777777777778 0.5617529880478087 0.65 0.5617529880478087 0.6666666666666666 0.5537848605577689 0.6777777777777778 0.5537848605577689 0.6833333333333333 0.545816733067729 0.6944444444444444 0.545816733067729 0.7 0.5298804780876494 0.7222222222222222 0.5298804780876494 0.7277777777777777 0.5219123505976095 0.7388888888888889 0.5219123505976095 0.7444444444444445 0.5099601593625498 0.7611111111111111 0.5099601593625498 0.7666666666666667 0.4940239043824701 0.7888888888888889 0.4940239043824701 0.8 0.5059760956175299 0.8166666666666667 0.5059760956175299 0.8277777777777777 0.5099601593625498 0.8333333333333334 0.5099601593625498 0.8388888888888889 0.49800796812749004 0.8555555555555555 0.46215139442231074 0.8555555555555555 0.4581673306772908 0.8611111111111112 0.4581673306772908 0.8722222222222222 0.4541832669322709 0.8777777777777778 0.4541832669322709 0.8888888888888888 0.4262948207171315 0.8888888888888888 0.42231075697211157 0.8833333333333333 0.41832669322709165 0.8833333333333333 0.4063745019920319 0.8666666666666667 0.4063745019920319 0.8444444444444444 0.41434262948207173 0.8277777777777777 0.41434262948207173 0.8166666666666667 0.4103585657370518 0.8111111111111111 0.4103585657370518 0.7944444444444444 0.41832669322709165 0.7833333333333333 0.43824701195219123 0.7833333333333333 0.44223107569721115 0.7777777777777778 0.4541832669322709 0.7777777777777778 0.47410358565737054 0.75 0.47410358565737054 0.7444444444444445 0.4820717131474104 0.7333333333333333 0.4820717131474104 0.7277777777777777 0.4860557768924303 0.7277777777777777 0.4940239043824701 0.7166666666666667 0.4940239043824701 0.7111111111111111 0.49800796812749004 0.7055555555555556 0.49800796812749004 0.6944444444444444 0.50199203187251 0.6888888888888889 0.50199203187251 0.6666666666666666 0.5059760956175299 0.6611111111111111 0.5059760956175299 0.6444444444444445 0.5099601593625498 0.6388888888888888 0.5099601593625498 0.6222222222222222 0.5139442231075697 0.6166666666666667 0.5139442231075697 0.6111111111111112
8 0.49800796812749004 0.07777777777777778 0.5059760956175299 0.08888888888888889 0.5099601593625498 0.08888888888888889 0.5179282868525896 0.1 0.5219123505976095 0.1 0.5258964143426295 0.10555555555555556 0.5298804780876494 0.10555555555555556 0.5378486055776892 0.11666666666666667 0.5418326693227091 0.11666666666666667 0.545816733067729 0.12222222222222222 0.549800796812749 0.12222222222222222 0.5577689243027888 0.13333333333333333 0.5617529880478087 0.13333333333333333 0.5657370517928287 0.1388888888888889 0.5697211155378487 0.1388888888888889 0.5816733067729084 0.15555555555555556 0.5856573705179283 0.15555555555555556 0.5936254980079682 0.16666666666666666 0.5976095617529881 0.16666666666666666 0.6055776892430279 0.17777777777777778 0.6095617529880478 0.17777777777777778 0.6135458167330677 0.18333333333333332 0.6175298804780877 0.18333333333333332 0.6215139442231076 0.18888888888888888 0.6254980079681275 0.18888888888888888 0.6374501992031872 0.20555555555555555 0.6414342629482072 0.20555555555555555 0.649402390438247 0.21666666666666667 0.6533864541832669 0.21666666666666667 0.6573705179282868 0.2222222222222222 0.6613545816733067 0.2222222222222222 0.6653386454183267 0.22777777777777777 0.6693227091633466 0.22777777777777777 0.6812749003984063 0.24444444444444444 0.6852589641434262 0.24444444444444444 0.6892430278884463 0.25 0.6932270916334662 0.25 0.7051792828685259 0.26666666666666666 0.7091633466135459 0.26666666666666666 0.7091633466135459 0.2722222222222222 0.7051792828685259 0.2777777777777778 0.6135458167330677 0.2777777777777778 0.6095617529880478 0.2722222222222222 0.5657370517928287 0.2722222222222222 0.5617529880478087 0.26666666666666666 0.5537848605577689 0.26666666666666666 0.549800796812749 0.2611111111111111 0.545816733067729 0.2611111111111111 0.5418326693227091 0.25555555555555554 0.5378486055776892 0.25555555555555554 0.5298804780876494 0.24444444444444444 0.5258964143426295 0.24444444444444444 0.5219123505976095 0.2388888888888889 0.5179282868525896 0.2388888888888889 0.5099601593625498 0.22777777777777777 0.5059760956175299 0.22777777777777777 0.50199203187251 0.2222222222222222 0.49800796812749004 0.2222222222222222 0.4900398406374502 0.2111111111111111 0.4860557768924303 0.2111111111111111 0.47410358565737054 0.19444444444444445 0.4701195219123506 0.19444444444444445 0.4541832669322709 0.17222222222222222 0.44621513944223107 0.17222222222222222 0.43824701195219123 0.16111111111111112 0.43824701195219123 0.15 0.4342629482071713 0.14444444444444443 0.4342629482071713 0.1388888888888889 0.4302788844621514 0.13333333333333333 0.4262948207171315 0.13333333333333333 0.4103585657370518 0.1111111111111111 0.4103585657370518 0.09444444444444444 0.41434262948207173 0.08888888888888889 0.41832669322709165 0.09444444444444444 0.42231075697211157 0.09444444444444444 0.4262948207171315 0.1 0.4302788844621514 0.1 0.4342629482071713 0.10555555555555556 0.43824701195219123 0.10555555555555556 0.44223107569721115 0.1111111111111111 0.450199203187251 0.1 0.450199203187251 0.09444444444444444 0.46215139442231074 0.07777777777777778 0.46613545816733065 0.07777777777777778 0.4701195219123506 0.07222222222222222 0.4900398406374502 0.07222222222222222 0.4940239043824701 0.07777777777777778
8 0.41832669322709165 0.3055555555555556 0.42231075697211157 0.3055555555555556 0.4262948207171315 0.3 0.4342629482071713 0.3 0.43824701195219123 0.29444444444444445 0.4541832669322709 0.29444444444444445 0.46613545816733065 0.2777777777777778 0.5657370517928287 0.2777777777777778 0.5697211155378487 0.2833333333333333 0.7131474103585658 0.2833333333333333 0.7171314741035857 0.28888888888888886 0.7171314741035857 0.29444444444444445 0.7131474103585658 0.29444444444444445 0.7091633466135459 0.3 0.6972111553784861 0.3 0.6932270916334662 0.3055555555555556 0.6852589641434262 0.3055555555555556 0.6812749003984063 0.3111111111111111 0.6733067729083665 0.3111111111111111 0.6693227091633466 0.31666666666666665 0.6653386454183267 0.31666666666666665 0.6533864541832669 0.3277777777777778 0.6095617529880478 0.3277777777777778 0.6055776892430279 0.3333333333333333 0.5936254980079682 0.3333333333333333 0.5896414342629482 0.3388888888888889 0.5816733067729084 0.3388888888888889 0.5776892430278885 0.34444444444444444 0.5737051792828686 0.34444444444444444 0.5657370517928287 0.35555555555555557 0.5537848605577689 0.35555555555555557 0.549800796812749 0.3611111111111111 0.5099601593625498 0.3611111111111111 0.5059760956175299 0.35555555555555557 0.4701195219123506 0.35555555555555557 0.46215139442231074 0.34444444444444444 0.46215139442231074 0.3388888888888889 0.4581673306772908 0.3333333333333333 0.450199203187251 0.3333333333333333 0.44621513944223107 0.3277777777777778 0.4262948207171315 0.3277777777777778 0.42231075697211157 0.32222222222222224 0.41832669322709165 0.32222222222222224 0.41832669322709165 0.3111111111111111
8 0.23107569721115537 0.7333333333333333 0.2350597609561753 0.7388888888888889 0.24302788844621515 0.7388888888888889 0.24701195219123506 0.7444444444444445 0.2589641434262948 0.7444444444444445 0.26294820717131473 0.75 0.27091633466135456 0.75 0.2749003984063745 0.7555555555555555 0.2788844621513944 0.7555555555555555 0.2908366533864542 0.7666666666666667 0.29880478087649404 0.7666666666666667 0.30278884462151395 0.7722222222222223 0.30677290836653387 0.7722222222222223 0.3147410358565737 0.7833333333333333 0.3187250996015936 0.7833333333333333 0.32270916334661354 0.7888888888888889 0.33067729083665337 0.7888888888888889 0.3346613545816733 0.7944444444444444 0.3426294820717131 0.7944444444444444 0.3466135458167331 0.8 0.3545816733067729 0.8 0.35856573705179284 0.8055555555555556 0.3665338645418327 0.8055555555555556 0.3705179282868526 0.8111111111111111 0.3784860557768924 0.8111111111111111 0.38247011952191234 0.8166666666666667 0.38645418326693226 0.8166666666666667 0.3904382470119522 0.8222222222222222 0.3944223107569721 0.8222222222222222 0.398406374501992 0.8277777777777777 0.40239043824701193 0.8277777777777777 0.40239043824701193 0.8666666666666667 0.4063745019920319 0.8722222222222222 0.4063745019920319 0.8777777777777778 0.4103585657370518 0.8833333333333333 0.41434262948207173 0.8833333333333333 0.42231075697211157 0.8944444444444445 0.4302788844621514 0.8944444444444445 0.4342629482071713 0.9 0.450199203187251 0.9 0.4581673306772908 0.8888888888888888 0.4581673306772908 0.8722222222222222 0.46215139442231074 0.8666666666666667 0.4701195219123506 0.8666666666666667 0.47410358565737054 0.8722222222222222 0.47808764940239046 0.8722222222222222 0.4860557768924303 0.8833333333333333 0.4860557768924303 0.8944444444444445 0.4900398406374502 0.9 0.4940239043824701 0.9 0.49800796812749004 0.9055555555555556 0.50199203187251 0.9055555555555556 0.5059760956175299 0.9111111111111111 0.5099601593625498 0.9111111111111111 0.5179282868525896 0.9222222222222223 0.5258964143426295 0.9222222222222223 0.5258964143426295 0.9277777777777778 0.5099601593625498 0.9277777777777778 0.5059760956175299 0.9333333333333333 0.50199203187251 0.9333333333333333 0.49800796812749004 0.9277777777777778 0.42231075697211157 0.9277777777777778 0.41832669322709165 0.9222222222222223 0.41434262948207173 0.9222222222222223 0.4103585657370518 0.9166666666666666 0.40239043824701193 0.9166666666666666 0.398406374501992 0.9111111111111111 0.3944223107569721 0.9111111111111111 0.3904382470119522 0.9055555555555556 0.38645418326693226 0.9055555555555556 0.3745019920318725 0.8944444444444445 0.36254980079681276 0.8944444444444445 0.35856573705179284 0.8888888888888888 0.3545816733067729 0.8888888888888888 0.350597609561753 0.8833333333333333 0.3426294820717131 0.8833333333333333 0.33067729083665337 0.8722222222222222 0.3187250996015936 0.8722222222222222 0.3147410358565737 0.8666666666666667 0.30278884462151395 0.8666666666666667 0.29880478087649404 0.8611111111111112 0.2908366533864542 0.8611111111111112 0.28286852589641437 0.85 0.2788844621513944 0.85 0.27091633466135456 0.8388888888888889 0.26693227091633465 0.8388888888888889 0.26294820717131473 0.8333333333333334 0.2589641434262948 0.8333333333333334 0.2549800796812749 0.8277777777777777 0.250996015936255 0.8277777777777777 0.21912350597609562 0.7833333333333333 0.2151394422310757 0.7833333333333333 0.20717131474103587 0.7722222222222223 0.20717131474103587 0.7611111111111111 0.21115537848605578 0.7555555555555555 0.21115537848605578 0.7444444444444445 0.2151394422310757 0.7388888888888889 0.21912350597609562 0.7388888888888889 0.22310756972111553 0.7333333333333333 0.22709163346613545 0.7333333333333333