8 0.2765151515151515 0.35 0.2840909090909091 0.35 0.29924242424242425 0.37222222222222223 0.29924242424242425 0.37777777777777777 0.3068181818181818 0.3888888888888889 0.3106060606060606 0.40555555555555556 0.3181818181818182 0.4166666666666667 0.3181818181818182 0.4222222222222222 0.32196969696969696 0.42777777777777776 0.32196969696969696 0.4444444444444444 0.32575757575757575 0.45 0.3333333333333333 0.45 0.3371212121212121 0.45555555555555555 0.3446969696969697 0.45555555555555555 0.3484848484848485 0.46111111111111114 0.3484848484848485 0.4722222222222222 0.3560606060606061 0.48333333333333334 0.3560606060606061 0.49444444444444446 0.35984848484848486 0.5 0.35984848484848486 0.5055555555555555 0.36363636363636365 0.5111111111111111 0.36363636363636365 0.5166666666666667 0.36742424242424243 0.5222222222222223 0.3712121212121212 0.5388888888888889 0.3787878787878788 0.55 0.38636363636363635 0.5833333333333334 0.3977272727272727 0.6 0.3977272727272727 0.6055555555555555 0.4053030303030303 0.6166666666666667 0.4053030303030303 0.6222222222222222 0.4090909090909091 0.6277777777777778 0.4090909090909091 0.6333333333333333 0.4128787878787879 0.6388888888888888 0.4166666666666667 0.6555555555555556 0.42424242424242425 0.6666666666666666 0.42424242424242425 0.6722222222222223 0.4318181818181818 0.6833333333333333 0.4356060606060606 0.7 0.4431818181818182 0.7111111111111111 0.4431818181818182 0.7166666666666667 0.45075757575757575 0.7333333333333333 0.45075757575757575 0.7444444444444445 0.4583333333333333 0.7555555555555555 0.4583333333333333 0.7611111111111111 0.4659090909090909 0.7777777777777778 0.4659090909090909 0.7888888888888889 0.4696969696969697 0.7944444444444444 0.4696969696969697 0.8 0.4734848484848485 0.8055555555555556 0.4734848484848485 0.8111111111111111 0.4772727272727273 0.8166666666666667 0.4772727272727273 0.8222222222222222 0.4810606060606061 0.8277777777777777 0.48484848484848486 0.8444444444444444 0.49242424242424243 0.8555555555555555 0.49242424242424243 0.8722222222222222 0.48863636363636365 0.8777777777777778 0.4696969696969697 0.8777777777777778 0.4659090909090909 0.8722222222222222 0.4659090909090909 0.8666666666666667 0.4621212121212121 0.8611111111111112 0.4583333333333333 0.8444444444444444 0.4393939393939394 0.8166666666666667 0.4393939393939394 0.8111111111111111 0.4356060606060606 0.8055555555555556 0.4356060606060606 0.8 0.4318181818181818 0.7944444444444444 0.4318181818181818 0.7888888888888889 0.42803030303030304 0.7833333333333333 0.42424242424242425 0.7666666666666667 0.4166666666666667 0.7555555555555555 0.4166666666666667 0.75 0.4053030303030303 0.7333333333333333 0.4015151515151515 0.7166666666666667 0.3939393939393939 0.7055555555555556 0.38636363636363635 0.6722222222222223 0.3787878787878788 0.6611111111111111 0.3787878787878788 0.6555555555555556 0.3712121212121212 0.6444444444444445 0.3712121212121212 0.6388888888888888 0.3560606060606061 0.6111111111111112 0.3560606060606061 0.6055555555555555 0.3522727272727273 0.6 0.3522727272727273 0.5944444444444444 0.3484848484848485 0.5888888888888889 0.3484848484848485 0.5833333333333334 0.3446969696969697 0.5777777777777777 0.3446969696969697 0.5722222222222222 0.3409090909090909 0.5666666666666667 0.3409090909090909 0.5611111111111111 0.3371212121212121 0.5555555555555556 0.3333333333333333 0.5388888888888889 0.32196969696969696 0.5222222222222223 0.3181818181818182 0.5055555555555555 0.3106060606060606 0.49444444444444446 0.3106060606060606 0.4666666666666667 0.3143939393939394 0.46111111111111114 0.3143939393939394 0.45555555555555555 0.30303030303030304 0.4388888888888889 0.30303030303030304 0.43333333333333335 0.29924242424242425 0.42777777777777776 0.29545454545454547 0.4111111111111111 0.2878787878787879 0.4 0.2878787878787879 0.39444444444444443 0.2803030303030303 0.37777777777777777 0.2803030303030303 0.36666666666666664 0.2765151515151515 0.3611111111111111 0.2765151515151515 0.35555555555555557
8 0.7386363636363636 0.17222222222222222 0.7537878787878788 0.19444444444444445 0.7537878787878788 0.2 0.7575757575757576 0.20555555555555555 0.7575757575757576 0.2222222222222222 0.7613636363636364 0.22777777777777777 0.7613636363636364 0.23333333333333334 0.7575757575757576 0.2388888888888889 0.7575757575757576 0.25 0.7537878787878788 0.25555555555555554 0.7537878787878788 0.26666666666666666 0.75 0.26666666666666666 0.7462121212121212 0.2722222222222222 0.7424242424242424 0.26666666666666666 0.7386363636363636 0.26666666666666666 0.7386363636363636 0.2611111111111111 0.7348484848484849 0.25555555555555554 0.7272727272727273 0.25555555555555554 0.7234848484848485 0.2611111111111111 0.7083333333333334 0.2611111111111111 0.7045454545454546 0.26666666666666666 0.6931818181818182 0.26666666666666666 0.6893939393939394 0.2722222222222222 0.678030303030303 0.2722222222222222 0.6742424242424242 0.26666666666666666 0.6704545454545454 0.26666666666666666 0.6666666666666666 0.2722222222222222 0.6666666666666666 0.2833333333333333 0.6704545454545454 0.28888888888888886 0.6704545454545454 0.29444444444444445 0.6666666666666666 0.3 0.6439393939393939 0.3 0.6401515151515151 0.3055555555555556 0.6363636363636364 0.3055555555555556 0.625 0.29444444444444445 0.6174242424242424 0.29444444444444445 0.6136363636363636 0.2777777777777778 0.6060606060606061 0.26666666666666666 0.6022727272727273 0.2722222222222222 0.6022727272727273 0.2833333333333333 0.6060606060606061 0.28888888888888886 0.6060606060606061 0.3055555555555556 0.5984848484848485 0.31666666666666665 0.5833333333333334 0.31666666666666665 0.5795454545454546 0.32222222222222224 0.5568181818181818 0.32222222222222224 0.553030303030303 0.3277777777777778 0.5416666666666666 0.3277777777777778 0.5378787878787878 0.3333333333333333 0.5265151515151515 0.3333333333333333 0.5227272727272727 0.3388888888888889 0.5151515151515151 0.3388888888888889 0.5113636363636364 0.34444444444444444 0.4810606060606061 0.34444444444444444 0.4772727272727273 0.35 0.4583333333333333 0.35 0.45454545454545453 0.35555555555555557 0.4166666666666667 0.35555555555555557 0.4128787878787879 0.35 0.4090909090909091 0.35 0.4090909090909091 0.34444444444444444 0.4128787878787879 0.34444444444444444 0.4166666666666667 0.3388888888888889 0.4166666666666667 0.3333333333333333 0.42045454545454547 0.3277777777777778 0.42424242424242425 0.3111111111111111 0.42803030303030304 0.3111111111111111 0.4318181818181818 0.3055555555555556 0.4431818181818182 0.3055555555555556 0.44696969696969696 0.3 0.4734848484848485 0.3 0.4772727272727273 0.3055555555555556 0.4810606060606061 0.3 0.4810606060606061 0.29444444444444445 0.48863636363636365 0.2833333333333333 0.5 0.2833333333333333 0.5037878787878788 0.2777777777777778 0.5113636363636364 0.2777777777777778 0.5151515151515151 0.2722222222222222 0.5265151515151515 0.2722222222222222 0.5303030303030303 0.26666666666666666 0.5416666666666666 0.26666666666666666 0.5454545454545454 0.2611111111111111 0.553030303030303 0.2611111111111111 0.5568181818181818 0.25555555555555554 0.5681818181818182 0.25555555555555554 0.571969696969697 0.25 0.5909090909090909 0.25 0.5984848484848485 0.2611111111111111 0.6022727272727273 0.25555555555555554 0.6022727272727273 0.2388888888888889 0.6098484848484849 0.2388888888888889 0.6136363636363636 0.23333333333333334 0.6287878787878788 0.23333333333333334 0.6325757575757576 0.22777777777777777 0.6401515151515151 0.22777777777777777 0.6439393939393939 0.2222222222222222 0.6590909090909091 0.2222222222222222 0.6628787878787878 0.22777777777777777 0.6666666666666666 0.22777777777777777 0.6704545454545454 0.2222222222222222 0.6893939393939394 0.2222222222222222 0.6931818181818182 0.21666666666666667 0.7045454545454546 0.21666666666666667 0.7083333333333334 0.2111111111111111 0.7159090909090909 0.2111111111111111 0.7196969696969697 0.20555555555555555 0.7234848484848485 0.20555555555555555 0.7272727272727273 0.2 0.7272727272727273 0.17777777777777778 0.7310606060606061 0.17222222222222222 0.7348484848484849 0.17222222222222222
8 0.07954545454545454 0.25555555555555554 0.08333333333333333 0.2611111111111111 0.0946969696969697 0.26666666666666666 0.10227272727272728 0.2777777777777778 0.10227272727272728 0.29444444444444445 0.09848484848484848 0.3 0.09848484848484848 0.3111111111111111 0.0946969696969697 0.31666666666666665 0.09090909090909091 0.3333333333333333 0.08333333333333333 0.34444444444444444 0.08333333333333333 0.35 0.06060606060606061 0.38333333333333336 0.06439393939393939 0.3888888888888889 0.06439393939393939 0.4 0.06060606060606061 0.40555555555555556 0.06060606060606061 0.4111111111111111 0.05303030303030303 0.4222222222222222 0.05303030303030303 0.42777777777777776 0.045454545454545456 0.4388888888888889 0.045454545454545456 0.4444444444444444 0.03787878787878788 0.46111111111111114 0.03787878787878788 0.4722222222222222 0.03409090909090909 0.4777777777777778 0.03409090909090909 0.4888888888888889 0.030303030303030304 0.49444444444444446 0.030303030303030304 0.5055555555555555 0.026515151515151516 0.5111111111111111 0.026515151515151516 0.5222222222222223 0.01893939393939394 0.5333333333333333 0.01893939393939394 0.5388888888888889 0.015151515151515152 0.5444444444444444 0.015151515151515152 0.55 0.007575757575757576 0.5666666666666667 0.007575757575757576 0.5777777777777777 0.003787878787878788 0.5833333333333334 0 0.5833333333333334 0 0.5277777777777778 0.003787878787878788 0.5222222222222223 0.003787878787878788 0.5055555555555555 0 0.5 0 0.42777777777777776 0.003787878787878788 0.4222222222222222 0.003787878787878788 0.4166666666666667 0.015151515151515152 0.40555555555555556 0.015151515151515152 0.4 0.01893939393939394 0.39444444444444443 0.01893939393939394 0.37777777777777777 0.022727272727272728 0.37222222222222223 0.022727272727272728 0.36666666666666664 0.030303030303030304 0.35555555555555557 0.030303030303030304 0.34444444444444444 0.03409090909090909 0.3388888888888889 0.03409090909090909 0.3333333333333333 0.041666666666666664 0.32222222222222224 0.041666666666666664 0.31666666666666665 0.04924242424242424 0.3 0.04924242424242424 0.28888888888888886 0.056818181818181816 0.2777777777777778 0.06060606060606061 0.2777777777777778 0.06439393939393939 0.2722222222222222 0.06439393939393939 0.2611111111111111 0.07575757575757576 0.25555555555555554
8 0.7765151515151515 0.10555555555555556 0.7765151515151515 0.1111111111111111 0.7803030303030303 0.11666666666666667 0.7537878787878788 0.15555555555555556 0.7537878787878788 0.16111111111111112 0.75 0.16666666666666666 0.7424242424242424 0.16666666666666666 0.7386363636363636 0.16111111111111112 0.7272727272727273 0.15555555555555556 0.7272727272727273 0.15 0.7310606060606061 0.14444444444444443 0.7348484848484849 0.12777777777777777 0.7424242424242424 0.11666666666666667 0.7424242424242424 0.10555555555555556 0.7462121212121212 0.1 0.7462121212121212 0.09444444444444444 0.75 0.08888888888888889 0.7613636363636364 0.08888888888888889 0.7727272727272727 0.10555555555555556
8 0.14393939393939395 0.4444444444444444 0.14772727272727273 0.4444444444444444 0.14772727272727273 0.45 0.15151515151515152 0.45555555555555555 0.15151515151515152 0.4666666666666667 0.1590909090909091 0.4777777777777778 0.1590909090909091 0.4888888888888889 0.16287878787878787 0.49444444444444446 0.16287878787878787 0.5111111111111111 0.16666666666666666 0.5166666666666667 0.16666666666666666 0.5388888888888889 0.17045454545454544 0.5444444444444444 0.17045454545454544 0.5722222222222222 0.17424242424242425 0.5777777777777777 0.17045454545454544 0.5833333333333334 0.17045454545454544 0.6 0.16666666666666666 0.6055555555555555 0.16666666666666666 0.6166666666666667 0.1590909090909091 0.6277777777777778 0.1590909090909091 0.6388888888888888 0.1553030303030303 0.6444444444444445 0.1553030303030303 0.6555555555555556 0.1590909090909091 0.6611111111111111 0.1590909090909091 0.6722222222222223 0.16287878787878787 0.6777777777777778 0.16287878787878787 0.6833333333333333 0.15151515151515152 0.7 0.15151515151515152 0.7055555555555556 0.14393939393939395 0.7166666666666667 0.14393939393939395 0.7388888888888889 0.15151515151515152 0.75 0.15151515151515152 0.7777777777777778 0.14015151515151514 0.7944444444444444 0.13636363636363635 0.7944444444444444 0.13257575757575757 0.8 0.12121212121212122 0.8 0.11742424242424243 0.8055555555555556 0.11363636363636363 0.8055555555555556 0.10984848484848485 0.8 0.10227272727272728 0.8 0.09848484848484848 0.7944444444444444 0.0946969696969697 0.7944444444444444 0.08333333333333333 0.7777777777777778 0.08333333333333333 0.7722222222222223 0.07954545454545454 0.7666666666666667 0.07954545454545454 0.7555555555555555 0.08333333333333333 0.75 0.08333333333333333 0.7444444444444445 0.0946969696969697 0.7277777777777777 0.09848484848484848 0.7277777777777777 0.10606060606060606 0.7166666666666667 0.10606060606060606 0.7055555555555556 0.10984848484848485 0.7 0.10984848484848485 0.6777777777777778 0.10606060606060606 0.6722222222222223 0.10227272727272728 0.6722222222222223 0.09848484848484848 0.6777777777777778 0.0946969696969697 0.6777777777777778 0.08712121212121213 0.6888888888888889 0.08333333333333333 0.6888888888888889 0.08712121212121213 0.6833333333333333 0.08333333333333333 0.6666666666666666 0.09090909090909091 0.6555555555555556 0.09090909090909091 0.65 0.11363636363636363 0.6166666666666667 0.11363636363636363 0.6055555555555555 0.11742424242424243 0.6 0.11742424242424243 0.5833333333333334 0.125 0.5666666666666667 0.125 0.5388888888888889 0.12878787878787878 0.5333333333333333 0.12878787878787878 0.5166666666666667 0.13257575757575757 0.5111111111111111 0.13257575757575757 0.49444444444444446 0.14015151515151514 0.4777777777777778 0.14015151515151514 0.46111111111111114 0.14393939393939395 0.45555555555555555 0.14393939393939395 0.45
8 0.18181818181818182 0 0.1856060606060606 0.005555555555555556 0.20075757575757575 0.005555555555555556 0.20454545454545456 0.011111111111111112 0.23106060606060605 0.011111111111111112 0.23484848484848486 0.005555555555555556 0.24242424242424243 0.005555555555555556 0.24621212121212122 0 0.2840909090909091 0 0.2803030303030303 0 0.2689393939393939 0.011111111111111112 0.25757575757575757 0.016666666666666666 0.2537878787878788 0.022222222222222223 0.24621212121212122 0.022222222222222223 0.24242424242424243 0.027777777777777776 0.23106060606060605 0.027777777777777776 0.22727272727272727 0.03333333333333333 0.2196969696969697 0.03333333333333333 0.2159090909090909 0.03888888888888889 0.20454545454545456 0.03888888888888889 0.20075757575757575 0.044444444444444446 0.19696969696969696 0.044444444444444446 0.19318181818181818 0.05 0.1856060606060606 0.05 0.18181818181818182 0.05555555555555555 0.17803030303030304 0.05555555555555555 0.17424242424242425 0.06111111111111111 0.17045454545454544 0.06111111111111111 0.1590909090909091 0.07222222222222222 0.1553030303030303 0.07222222222222222 0.15151515151515152 0.06666666666666667 0.14772727272727273 0.05 0.14393939393939395 0.044444444444444446 0.14393939393939395 0.016666666666666666 0.15151515151515152 0.005555555555555556 0.1553030303030303 0.011111111111111112 0.1590909090909091 0.005555555555555556 0.17803030303030304 0.005555555555555556
8 0.6666666666666666 0.4222222222222222 0.6704545454545454 0.42777777777777776 0.6742424242424242 0.42777777777777776 0.678030303030303 0.4222222222222222 0.6931818181818182 0.4222222222222222 0.6931818181818182 0.42777777777777776 0.696969696969697 0.43333333333333335 0.696969696969697 0.4444444444444444 0.7121212121212122 0.4722222222222222 0.7159090909090909 0.4888888888888889 0.7234848484848485 0.5 0.7234848484848485 0.5055555555555555 0.7310606060606061 0.5166666666666667 0.7310606060606061 0.5222222222222223 0.7348484848484849 0.5277777777777778 0.7386363636363636 0.5444444444444444 0.7462121212121212 0.5555555555555556 0.7462121212121212 0.5666666666666667 0.75 0.5722222222222222 0.75 0.5777777777777777 0.7537878787878788 0.5833333333333334 0.7575757575757576 0.6 0.7651515151515151 0.6111111111111112 0.7651515151515151 0.6166666666666667 0.7689393939393939 0.6222222222222222 0.7727272727272727 0.6388888888888888 0.7803030303030303 0.65 0.7803030303030303 0.6555555555555556 0.7840909090909091 0.6611111111111111 0.7840909090909091 0.6722222222222223 0.7878787878787878 0.6777777777777778 0.7878787878787878 0.6833333333333333 0.7954545454545454 0.6944444444444444 0.7954545454545454 0.7 0.7992424242424242 0.7055555555555556 0.7992424242424242 0.7111111111111111 0.803030303030303 0.7166666666666667 0.803030303030303 0.7222222222222222 0.8068181818181818 0.7277777777777777 0.8068181818181818 0.7333333333333333 0.8106060606060606 0.7388888888888889 0.8106060606060606 0.7444444444444445 0.8143939393939394 0.75 0.8143939393939394 0.7555555555555555 0.8181818181818182 0.7611111111111111 0.8181818181818182 0.7666666666666667 0.8257575757575758 0.7833333333333333 0.8257575757575758 0.8 0.8295454545454546 0.8055555555555556 0.8295454545454546 0.8277777777777777 0.8333333333333334 0.8333333333333334 0.8333333333333334 0.8388888888888889 0.8409090909090909 0.85 0.8409090909090909 0.8555555555555555 0.8446969696969697 0.8611111111111112 0.8446969696969697 0.8666666666666667 0.8484848484848485 0.8722222222222222 0.8522727272727273 0.8888888888888888 0.8598484848484849 0.9 0.8636363636363636 0.9 0.8636363636363636 0.9055555555555556 0.8560606060606061 0.9166666666666666 0.8522727272727273 0.9166666666666666 0.8484848484848485 0.9222222222222223 0.8409090909090909 0.9222222222222223 0.8371212121212122 0.9277777777777778 0.8295454545454546 0.9277777777777778 0.8257575757575758 0.9333333333333333 0.821969696969697 0.9333333333333333 0.8257575757575758 0.9277777777777778 0.8257575757575758 0.9222222222222223 0.821969696969697 0.9166666666666666 0.821969696969697 0.9111111111111111 0.8181818181818182 0.9055555555555556 0.8181818181818182 0.9 0.8143939393939394 0.8944444444444445 0.8106060606060606 0.8777777777777778 0.803030303030303 0.8666666666666667 0.803030303030303 0.8611111111111112 0.7916666666666666 0.8444444444444444 0.7878787878787878 0.85 0.7840909090909091 0.8444444444444444 0.7803030303030303 0.8444444444444444 0.7803030303030303 0.8388888888888889 0.7765151515151515 0.8333333333333334 0.7727272727272727 0.8166666666666667 0.7651515151515151 0.8055555555555556 0.7651515151515151 0.8 0.7613636363636364 0.7944444444444444 0.7613636363636364 0.7888888888888889 0.7575757575757576 0.7833333333333333 0.7537878787878788 0.7666666666666667 0.7424242424242424 0.75 0.7424242424242424 0.7444444444444445 0.7348484848484849 0.7333333333333333 0.7348484848484849 0.7277777777777777 0.7272727272727273 0.7111111111111111 0.7234848484848485 0.6944444444444444 0.7159090909090909 0.6833333333333333 0.7121212121212122 0.6666666666666666 0.7045454545454546 0.6555555555555556 0.7045454545454546 0.6444444444444445 0.7007575757575758 0.6388888888888888 0.696969696969697 0.6222222222222222 0.6893939393939394 0.6111111111111112 0.6893939393939394 0.6055555555555555 0.6856060606060606 0.6 0.6818181818181818 0.5833333333333334 0.6742424242424242 0.5722222222222222 0.6742424242424242 0.5666666666666667 0.6704545454545454 0.5611111111111111 0.6704545454545454 0.5277777777777778 0.6666666666666666 0.5222222222222223 0.6666666666666666 0.5111111111111111 0.6628787878787878 0.5055555555555555 0.6628787878787878 0.49444444444444446 0.6553030303030303 0.48333333333333334 0.6515151515151515 0.48333333333333334 0.6439393939393939 0.4666666666666667 0.6439393939393939 0.45555555555555555 0.6477272727272727 0.45 0.6477272727272727 0.4388888888888889 0.6515151515151515 0.43333333333333335 0.6628787878787878 0.42777777777777776
8 0.4772727272727273 0.5388888888888889 0.4810606060606061 0.5444444444444444 0.4810606060606061 0.55 0.49242424242424243 0.5666666666666667 0.5113636363636364 0.5666666666666667 0.5227272727272727 0.5833333333333334 0.5189393939393939 0.6 0.5075757575757576 0.6111111111111112 0.4583333333333333 0.6111111111111112 0.45454545454545453 0.6055555555555555 0.45075757575757575 0.6055555555555555 0.45075757575757575 0.6 0.4318181818181818 0.5722222222222222 0.42803030303030304 0.5722222222222222 0.42045454545454547 0.5611111111111111 0.42045454545454547 0.55 0.42803030303030304 0.5388888888888889 0.4318181818181818 0.5388888888888889 0.4356060606060606 0.5333333333333333 0.4621212121212121 0.5333333333333333 0.4659090909090909 0.5388888888888889 0.4734848484848485 0.5388888888888889
8 0.3712121212121212 0.6722222222222223 0.39015151515151514 0.6944444444444444 0.39015151515151514 0.7 0.3939393939393939 0.7055555555555556 0.3977272727272727 0.7222222222222222 0.4015151515151515 0.7277777777777777 0.4015151515151515 0.7333333333333333 0.3977272727272727 0.7388888888888889 0.39015151515151514 0.7388888888888889 0.38636363636363635 0.7444444444444445 0.3787878787878788 0.7444444444444445 0.375 0.75 0.35984848484848486 0.75 0.3560606060606061 0.7555555555555555 0.3484848484848485 0.7555555555555555 0.3446969696969697 0.7611111111111111 0.3333333333333333 0.7611111111111111 0.32954545454545453 0.7666666666666667 0.32196969696969696 0.7666666666666667 0.3181818181818182 0.7722222222222223 0.3106060606060606 0.7722222222222223 0.3068181818181818 0.7777777777777778 0.29924242424242425 0.7777777777777778 0.29545454545454547 0.7833333333333333 0.2689393939393939 0.7833333333333333 0.26515151515151514 0.7888888888888889 0.24242424242424243 0.7888888888888889 0.23863636363636365 0.7944444444444444 0.22727272727272727 0.7944444444444444 0.2159090909090909 0.8055555555555556 0.20833333333333334 0.8055555555555556 0.20454545454545456 0.8111111111111111 0.20454545454545456 0.8222222222222222 0.20075757575757575 0.8277777777777777 0.19318181818181818 0.8277777777777777 0.1856060606060606 0.8166666666666667 0.1856060606060606 0.8055555555555556 0.18181818181818182 0.8 0.18181818181818182 0.7666666666666667 0.17803030303030304 0.7611111111111111 0.17803030303030304 0.75 0.18181818181818182 0.75 0.1856060606060606 0.7444444444444445 0.19318181818181818 0.7444444444444445 0.20075757575757575 0.7555555555555555 0.20454545454545456 0.75 0.2159090909090909 0.75 0.22727272727272727 0.7388888888888889 0.23484848484848486 0.7388888888888889 0.23863636363636365 0.7333333333333333 0.24621212121212122 0.7333333333333333 0.25 0.7277777777777777 0.2537878787878788 0.7277777777777777 0.26515151515151514 0.7166666666666667 0.2727272727272727 0.7166666666666667 0.2765151515151515 0.7111111111111111 0.2840909090909091 0.7111111111111111 0.2878787878787879 0.7055555555555556 0.3068181818181818 0.7055555555555556 0.3106060606060606 0.7 0.3181818181818182 0.7 0.32196969696969696 0.6944444444444444 0.32954545454545453 0.6944444444444444 0.3333333333333333 0.6888888888888889 0.3409090909090909 0.6888888888888889 0.3522727272727273 0.6777777777777778 0.35984848484848486 0.6777777777777778 0.36363636363636365 0.6722222222222223 0.36742424242424243 0.6722222222222223
8 0.09848484848484848 0.42777777777777776 0.10606060606060606 0.4444444444444444 0.10606060606060606 0.46111111111111114 0.10227272727272728 0.4666666666666667 0.10227272727272728 0.4777777777777778 0.09848484848484848 0.48333333333333334 0.09848484848484848 0.5 0.0946969696969697 0.5055555555555555 0.0946969696969697 0.5222222222222223 0.09090909090909091 0.5277777777777778 0.09090909090909091 0.5555555555555556 0.08712121212121213 0.5611111111111111 0.08712121212121213 0.5777777777777777 0.08333333333333333 0.5833333333333334 0.08333333333333333 0.6 0.07954545454545454 0.6055555555555555 0.07954545454545454 0.6222222222222222 0.07575757575757576 0.6277777777777778 0.07575757575757576 0.6611111111111111 0.07196969696969698 0.6666666666666666 0.07196969696969698 0.7055555555555556 0.07575757575757576 0.7111111111111111 0.07575757575757576 0.7444444444444445 0.06818181818181818 0.7555555555555555 0.06818181818181818 0.7722222222222223 0.06439393939393939 0.7777777777777778 0.06439393939393939 0.7833333333333333 0.04924242424242424 0.8055555555555556 0.04924242424242424 0.8111111111111111 0.03787878787878788 0.8166666666666667 0.03409090909090909 0.8222222222222222 0.03409090909090909 0.8277777777777777 0.026515151515151516 0.8277777777777777 0.022727272727272728 0.8333333333333334 0.003787878787878788 0.8333333333333334 0.003787878787878788 0.8277777777777777 0 0.8222222222222222 0 0.7166666666666667 0.003787878787878788 0.7111111111111111 0.003787878787878788 0.6944444444444444 0 0.6888888888888889 0 0.6333333333333333 0.011363636363636364 0.6166666666666667 0.011363636363636364 0.5944444444444444 0.01893939393939394 0.5833333333333334 0.01893939393939394 0.5611111111111111 0.022727272727272728 0.5555555555555556 0.022727272727272728 0.55 0.03409090909090909 0.5333333333333333 0.03409090909090909 0.5111111111111111 0.03787878787878788 0.5055555555555555 0.03787878787878788 0.5 0.045454545454545456 0.48333333333333334 0.041666666666666664 0.4777777777777778 0.041666666666666664 0.4722222222222222 0.045454545454545456 0.4666666666666667 0.045454545454545456 0.46111111111111114 0.04924242424242424 0.45555555555555555 0.05303030303030303 0.4388888888888889 0.06439393939393939 0.4222222222222222 0.09090909090909091 0.4222222222222222 0.0946969696969697 0.42777777777777776
8 0.19696969696969696 0.275 0.10606060606060606 0.3277777777777778
8 0.16287878787878787 0.24444444444444444 0.16287878787878787 0.25 0.16666666666666666 0.25555555555555554 0.16666666666666666 0.26666666666666666 0.17803030303030304 0.2833333333333333 0.17803030303030304 0.3 0.18181818181818182 0.3055555555555556 0.18181818181818182 0.3111111111111111 0.1893939393939394 0.3277777777777778 0.1893939393939394 0.34444444444444444 0.19696969696969696 0.35555555555555557 0.19696969696969696 0.36666666666666664 0.20454545454545456 0.38333333333333336 0.20454545454545456 0.39444444444444443 0.20833333333333334 0.4 0.20833333333333334 0.40555555555555556 0.2159090909090909 0.4222222222222222 0.2159090909090909 0.43333333333333335 0.2196969696969697 0.4388888888888889 0.2196969696969697 0.45 0.22348484848484848 0.45555555555555555 0.22348484848484848 0.46111111111111114 0.22727272727272727 0.4666666666666667 0.22727272727272727 0.4722222222222222 0.23484848484848486 0.4888888888888889 0.23484848484848486 0.5277777777777778 0.23863636363636365 0.5333333333333333 0.23863636363636365 0.5444444444444444 0.24242424242424243 0.55 0.24242424242424243 0.5611111111111111 0.25 0.5777777777777777 0.24621212121212122 0.5944444444444444 0.25 0.6 0.25 0.6111111111111112 0.2537878787878788 0.6166666666666667 0.2537878787878788 0.6333333333333333 0.25757575757575757 0.6388888888888888 0.25757575757575757 0.65 0.26136363636363635 0.6555555555555556 0.26136363636363635 0.6611111111111111 0.2689393939393939 0.6722222222222223 0.2765151515151515 0.6722222222222223 0.2765151515151515 0.6888888888888889 0.2727272727272727 0.6944444444444444 0.2689393939393939 0.6944444444444444 0.26515151515151514 0.7 0.25757575757575757 0.7 0.2537878787878788 0.7055555555555556 0.24621212121212122 0.7055555555555556 0.23484848484848486 0.7166666666666667 0.22727272727272727 0.7166666666666667 0.22348484848484848 0.7111111111111111 0.2196969696969697 0.7111111111111111 0.2196969696969697 0.6944444444444444 0.22348484848484848 0.6888888888888889 0.22348484848484848 0.6722222222222223 0.2196969696969697 0.6666666666666666 0.2196969696969697 0.6611111111111111 0.21212121212121213 0.6444444444444445 0.21212121212121213 0.6333333333333333 0.20833333333333334 0.6277777777777778 0.20454545454545456 0.6111111111111112 0.20075757575757575 0.6055555555555555 0.1893939393939394 0.6 0.1893939393939394 0.5944444444444444 0.18181818181818182 0.5777777777777777 0.18181818181818182 0.5666666666666667 0.17803030303030304 0.5611111111111111 0.17803030303030304 0.55 0.17424242424242425 0.5444444444444444 0.17424242424242425 0.5333333333333333 0.17045454545454544 0.5277777777777778 0.17045454545454544 0.5055555555555555 0.16666666666666666 0.5 0.16666666666666666 0.48333333333333334 0.16287878787878787 0.4777777777777778 0.16287878787878787 0.4722222222222222 0.1553030303030303 0.45555555555555555 0.1553030303030303 0.4388888888888889 0.15151515151515152 0.43333333333333335 0.15151515151515152 0.42777777777777776 0.14772727272727273 0.4222222222222222 0.14772727272727273 0.4111111111111111 0.14393939393939395 0.40555555555555556 0.14393939393939395 0.3888888888888889 0.14015151515151514 0.38333333333333336 0.14015151515151514 0.37777777777777777 0.14393939393939395 0.37222222222222223 0.12878787878787878 0.34444444444444444 0.12878787878787878 0.3333333333333333 0.12121212121212122 0.31666666666666665 0.12121212121212122 0.3 0.11742424242424243 0.29444444444444445 0.11742424242424243 0.2611111111111111 0.125 0.25 0.12878787878787878 0.25 0.13257575757575757 0.24444444444444444 0.14015151515151514 0.24444444444444444 0.14393939393939395 0.2388888888888889 0.1553030303030303 0.2388888888888889 0.1590909090909091 0.24444444444444444
8 0.3939393939393939 0.044444444444444446 0.4128787878787879 0.044444444444444446 0.4128787878787879 0.06666666666666667 0.4090909090909091 0.07222222222222222 0.4090909090909091 0.08333333333333333 0.4053030303030303 0.08888888888888889 0.4090909090909091 0.09444444444444444 0.4053030303030303 0.1 0.4053030303030303 0.13333333333333333 0.4090909090909091 0.1388888888888889 0.4090909090909091 0.19444444444444445 0.4053030303030303 0.2 0.4053030303030303 0.2388888888888889 0.4015151515151515 0.24444444444444444 0.4015151515151515 0.26666666666666666 0.3977272727272727 0.2722222222222222 0.4015151515151515 0.2777777777777778 0.4015151515151515 0.2833333333333333 0.3977272727272727 0.28888888888888886 0.3977272727272727 0.3333333333333333 0.3939393939393939 0.3388888888888889 0.3939393939393939 0.37777777777777777 0.39015151515151514 0.38333333333333336 0.39015151515151514 0.4111111111111111 0.3939393939393939 0.4166666666666667 0.39015151515151514 0.4222222222222222 0.39015151515151514 0.43333333333333335 0.3787878787878788 0.43333333333333335 0.38636363636363635 0.4222222222222222 0.38257575757575757 0.4166666666666667 0.3787878787878788 0.4166666666666667 0.375 0.4222222222222222 0.3484848484848485 0.4222222222222222 0.3446969696969697 0.4166666666666667 0.3446969696969697 0.4 0.35984848484848486 0.37777777777777777 0.35984848484848486 0.36666666666666664 0.36363636363636365 0.3611111111111111 0.36363636363636365 0.35 0.36742424242424243 0.34444444444444444 0.36742424242424243 0.3 0.3712121212121212 0.29444444444444445 0.3712121212121212 0.2777777777777778 0.3787878787878788 0.2611111111111111 0.3787878787878788 0.17222222222222222 0.38257575757575757 0.16666666666666666 0.38257575757575757 0.13333333333333333 0.38636363636363635 0.12777777777777777 0.38636363636363635 0.1111111111111111 0.39015151515151514 0.10555555555555556 0.38636363636363635 0.1 0.3939393939393939 0.08333333333333333 0.3939393939393939 0.05
8 0.2840909090909091 0.4111111111111111 0.2916666666666667 0.4222222222222222 0.2916666666666667 0.42777777777777776 0.29545454545454547 0.43333333333333335 0.29545454545454547 0.4388888888888889 0.29924242424242425 0.4444444444444444 0.30303030303030304 0.46111111111111114 0.29924242424242425 0.4666666666666667 0.29924242424242425 0.49444444444444446 0.29545454545454547 0.5 0.29545454545454547 0.5111111111111111 0.2840909090909091 0.5222222222222223 0.2840909090909091 0.5444444444444444 0.2765151515151515 0.5555555555555556 0.2765151515151515 0.5611111111111111 0.2727272727272727 0.5666666666666667 0.2537878787878788 0.5666666666666667 0.24621212121212122 0.5555555555555556 0.24621212121212122 0.5444444444444444 0.24242424242424243 0.5388888888888889 0.24242424242424243 0.5222222222222223 0.23863636363636365 0.5166666666666667 0.23863636363636365 0.5111111111111111 0.24242424242424243 0.5055555555555555 0.24242424242424243 0.48333333333333334 0.24621212121212122 0.4777777777777778 0.24621212121212122 0.4722222222222222 0.25 0.4666666666666667 0.2537878787878788 0.45 0.26136363636363635 0.4388888888888889 0.26136363636363635 0.43333333333333335 0.26515151515151514 0.42777777777777776 0.26515151515151514 0.4166666666666667 0.2689393939393939 0.4111111111111111 0.2803030303030303 0.4111111111111111
8 0.6136363636363636 0.3333333333333333 0.6136363636363636 0.3388888888888889 0.6174242424242424 0.34444444444444444 0.6174242424242424 0.3611111111111111 0.625 0.37222222222222223 0.625 0.40555555555555556 0.6212121212121212 0.4111111111111111 0.6098484848484849 0.4111111111111111 0.6060606060606061 0.4166666666666667 0.5871212121212122 0.4166666666666667 0.5833333333333334 0.4222222222222222 0.5643939393939394 0.4222222222222222 0.5606060606060606 0.42777777777777776 0.5492424242424242 0.42777777777777776 0.5454545454545454 0.43333333333333335 0.5037878787878788 0.43333333333333335 0.5 0.4388888888888889 0.48484848484848486 0.4388888888888889 0.4810606060606061 0.4444444444444444 0.4659090909090909 0.4444444444444444 0.4621212121212121 0.45 0.44696969696969696 0.45 0.4431818181818182 0.45555555555555555 0.42424242424242425 0.45555555555555555 0.42045454545454547 0.45 0.42045454545454547 0.4388888888888889 0.4166666666666667 0.43333333333333335 0.4166666666666667 0.40555555555555556 0.4128787878787879 0.4 0.4166666666666667 0.39444444444444443 0.4166666666666667 0.37222222222222223 0.42045454545454547 0.36666666666666664 0.44696969696969696 0.36666666666666664 0.45075757575757575 0.3611111111111111 0.4734848484848485 0.3611111111111111 0.4772727272727273 0.35555555555555557 0.5113636363636364 0.35555555555555557 0.5189393939393939 0.34444444444444444 0.5340909090909091 0.34444444444444444 0.5378787878787878 0.3388888888888889 0.5643939393939394 0.3388888888888889 0.5681818181818182 0.3333333333333333 0.6098484848484849 0.3333333333333333
8 0.625 0.42777777777777776 0.6363636363636364 0.4444444444444444 0.6325757575757576 0.46111111111111114 0.625 0.4722222222222222 0.6212121212121212 0.4722222222222222 0.6022727272727273 0.5 0.6022727272727273 0.5055555555555555 0.5909090909090909 0.5222222222222223 0.5909090909090909 0.5277777777777778 0.5833333333333334 0.5444444444444444 0.5833333333333334 0.5555555555555556 0.5681818181818182 0.5777777777777777 0.5681818181818182 0.5833333333333334 0.5606060606060606 0.5944444444444444 0.5568181818181818 0.6111111111111112 0.5416666666666666 0.6333333333333333 0.5378787878787878 0.65 0.5265151515151515 0.6666666666666666 0.5265151515151515 0.6722222222222223 0.5151515151515151 0.6888888888888889 0.5151515151515151 0.6944444444444444 0.5075757575757576 0.7055555555555556 0.5075757575757576 0.7111111111111111 0.49242424242424243 0.7111111111111111 0.49242424242424243 0.7055555555555556 0.48863636363636365 0.7 0.48863636363636365 0.6888888888888889 0.5 0.6777777777777778 0.5 0.6722222222222223 0.5037878787878788 0.6666666666666666 0.5037878787878788 0.6611111111111111 0.5113636363636364 0.6444444444444445 0.5113636363636364 0.6277777777777778 0.5151515151515151 0.6222222222222222 0.5151515151515151 0.6166666666666667 0.5227272727272727 0.6055555555555555 0.5227272727272727 0.6 0.5378787878787878 0.5777777777777777 0.5378787878787878 0.5722222222222222 0.553030303030303 0.55 0.5568181818181818 0.5333333333333333 0.571969696969697 0.5111111111111111 0.5757575757575758 0.49444444444444446 0.5984848484848485 0.46111111111111114 0.5984848484848485 0.45555555555555555 0.6174242424242424 0.42777777777777776 0.6212121212121212 0.42777777777777776
8 0.22348484848484848 0.3055555555555556 0.22348484848484848 0.3 0.2196969696969697 0.29444444444444445 0.2196969696969697 0.2833333333333333 0.21212121212121213 0.2722222222222222 0.21212121212121213 0.2611111111111111 0.20833333333333334 0.25555555555555554 0.20833333333333334 0.24444444444444444 0.21212121212121213 0.2388888888888889 0.2159090909090909 0.2388888888888889 0.2196969696969697 0.23333333333333334 0.23484848484848486 0.23333333333333334 0.24621212121212122 0.2222222222222222 0.26515151515151514 0.2222222222222222 0.2689393939393939 0.21666666666666667 0.2803030303030303 0.21666666666666667 0.2840909090909091 0.2111111111111111 0.3143939393939394 0.2111111111111111 0.3181818181818182 0.20555555555555555 0.32575757575757575 0.20555555555555555 0.32954545454545453 0.2 0.3522727272727273 0.2 0.3560606060606061 0.19444444444444445 0.375 0.19444444444444445 0.375 0.2611111111111111 0.3712121212121212 0.26666666666666666 0.36742424242424243 0.2833333333333333 0.3409090909090909 0.2833333333333333 0.3371212121212121 0.28888888888888886 0.3106060606060606 0.28888888888888886 0.3068181818181818 0.29444444444444445 0.26136363636363635 0.29444444444444445 0.25757575757575757 0.3 0.24621212121212122 0.3 0.24242424242424243 0.3055555555555556 0.22727272727272727 0.3055555555555556
8 0.17045454545454544 0.12222222222222222 0.17424242424242425 0.12222222222222222 0.17803030303030304 0.12777777777777777 0.20454545454545456 0.12777777777777777 0.20833333333333334 0.13333333333333333 0.2196969696969697 0.13333333333333333 0.22348484848484848 0.12777777777777777 0.24621212121212122 0.12777777777777777 0.25 0.13333333333333333 0.2689393939393939 0.13333333333333333 0.2727272727272727 0.1388888888888889 0.2878787878787879 0.1388888888888889 0.2916666666666667 0.14444444444444443 0.3143939393939394 0.14444444444444443 0.3181818181818182 0.15 0.32954545454545453 0.15 0.3333333333333333 0.15555555555555556 0.3446969696969697 0.15555555555555556 0.3484848484848485 0.16111111111111112 0.36742424242424243 0.16111111111111112 0.3712121212121212 0.16666666666666666 0.375 0.16666666666666666 0.375 0.18333333333333332 0.3712121212121212 0.18888888888888888 0.3446969696969697 0.18888888888888888 0.3409090909090909 0.19444444444444445 0.32575757575757575 0.19444444444444445 0.32196969696969696 0.2 0.26515151515151514 0.2 0.26136363636363635 0.19444444444444445 0.24242424242424243 0.19444444444444445 0.23863636363636365 0.18888888888888888 0.22727272727272727 0.18888888888888888 0.2159090909090909 0.17777777777777778 0.19696969696969696 0.17777777777777778 0.19318181818181818 0.17222222222222222 0.1856060606060606 0.17222222222222222 0.17803030303030304 0.16111111111111112 0.17045454545454544 0.12777777777777777
8 0.6439393939393939 0.6888888888888889 0.6439393939393939 0.6944444444444444 0.6515151515151515 0.7055555555555556 0.6515151515151515 0.7111111111111111 0.6553030303030303 0.7166666666666667 0.6553030303030303 0.7333333333333333 0.6515151515151515 0.7388888888888889 0.6401515151515151 0.7388888888888889 0.6363636363636364 0.7444444444444445 0.625 0.7444444444444445 0.6136363636363636 0.7555555555555555 0.5871212121212122 0.7555555555555555 0.5833333333333334 0.7611111111111111 0.5757575757575758 0.7611111111111111 0.571969696969697 0.7666666666666667 0.5643939393939394 0.7666666666666667 0.5606060606060606 0.7722222222222223 0.553030303030303 0.7722222222222223 0.5454545454545454 0.7833333333333333 0.5416666666666666 0.7833333333333333 0.5378787878787878 0.7777777777777778 0.5340909090909091 0.7833333333333333 0.5303030303030303 0.7833333333333333 0.5189393939393939 0.7944444444444444 0.5151515151515151 0.7944444444444444 0.5113636363636364 0.7888888888888889 0.4962121212121212 0.7888888888888889 0.49242424242424243 0.7833333333333333 0.4772727272727273 0.7833333333333333 0.4696969696969697 0.7722222222222223 0.4696969696969697 0.7666666666666667 0.4583333333333333 0.75 0.4583333333333333 0.7388888888888889 0.45454545454545453 0.7333333333333333 0.4583333333333333 0.7277777777777777 0.4696969696969697 0.7277777777777777 0.4734848484848485 0.7222222222222222 0.5075757575757576 0.7222222222222222 0.5113636363636364 0.7166666666666667 0.5303030303030303 0.7166666666666667 0.5340909090909091 0.7111111111111111 0.5492424242424242 0.7111111111111111 0.553030303030303 0.7055555555555556 0.5984848484848485 0.7055555555555556 0.6022727272727273 0.7 0.6136363636363636 0.7 0.6174242424242424 0.6944444444444444 0.6325757575757576 0.6944444444444444 0.6363636363636364 0.6888888888888889 0.6401515151515151 0.6888888888888889
8 0.7234848484848485 0.7166666666666667 0.7234848484848485 0.7222222222222222 0.7348484848484849 0.7388888888888889 0.7348484848484849 0.7444444444444445 0.7424242424242424 0.7555555555555555 0.7424242424242424 0.7611111111111111 0.75 0.7777777777777778 0.75 0.7944444444444444 0.7424242424242424 0.7944444444444444 0.7386363636363636 0.8 0.7310606060606061 0.8 0.7272727272727273 0.8055555555555556 0.7196969696969697 0.8055555555555556 0.7159090909090909 0.8111111111111111 0.7083333333333334 0.8111111111111111 0.7045454545454546 0.8166666666666667 0.696969696969697 0.8166666666666667 0.6856060606060606 0.8277777777777777 0.678030303030303 0.8277777777777777 0.6742424242424242 0.8333333333333334 0.6704545454545454 0.8333333333333334 0.6590909090909091 0.85 0.6325757575757576 0.85 0.6287878787878788 0.8555555555555555 0.625 0.8555555555555555 0.6136363636363636 0.8666666666666667 0.6060606060606061 0.8666666666666667 0.6022727272727273 0.8722222222222222 0.5909090909090909 0.8722222222222222 0.5871212121212122 0.8777777777777778 0.571969696969697 0.8777777777777778 0.5606060606060606 0.8888888888888888 0.5454545454545454 0.8888888888888888 0.5416666666666666 0.8944444444444445 0.5265151515151515 0.8944444444444445 0.5189393939393939 0.9055555555555556 0.5189393939393939 0.9222222222222223 0.5227272727272727 0.9277777777777778 0.5189393939393939 0.9333333333333333 0.5227272727272727 0.9388888888888889 0.5227272727272727 0.95 0.5151515151515151 0.95 0.5075757575757576 0.9333333333333333 0.5075757575757576 0.9111111111111111 0.5113636363636364 0.9055555555555556 0.5113636363636364 0.9 0.5075757575757576 0.8944444444444445 0.48863636363636365 0.8944444444444445 0.48484848484848486 0.9 0.4772727272727273 0.9 0.4734848484848485 0.9055555555555556 0.4659090909090909 0.9055555555555556 0.4583333333333333 0.9166666666666666 0.4583333333333333 0.9277777777777778 0.45454545454545453 0.9333333333333333 0.44696969696969696 0.9222222222222223 0.44696969696969696 0.9166666666666666 0.4431818181818182 0.9111111111111111 0.4431818181818182 0.9 0.4393939393939394 0.8944444444444445 0.4393939393939394 0.8777777777777778 0.4356060606060606 0.8722222222222222 0.4356060606060606 0.8444444444444444 0.4393939393939394 0.8444444444444444 0.4583333333333333 0.8722222222222222 0.4583333333333333 0.8777777777777778 0.4621212121212121 0.8833333333333333 0.4659090909090909 0.8833333333333333 0.4696969696969697 0.8888888888888888 0.48863636363636365 0.8888888888888888 0.49242424242424243 0.8833333333333333 0.4962121212121212 0.8833333333333333 0.5037878787878788 0.8722222222222222 0.5037878787878788 0.8611111111111112 0.4962121212121212 0.85 0.4962121212121212 0.8333333333333334 0.5 0.8333333333333334 0.5151515151515151 0.8111111111111111 0.5189393939393939 0.8111111111111111 0.5303030303030303 0.7944444444444444 0.5454545454545454 0.7944444444444444 0.5492424242424242 0.7888888888888889 0.5568181818181818 0.7888888888888889 0.5606060606060606 0.7833333333333333 0.5681818181818182 0.7833333333333333 0.571969696969697 0.7777777777777778 0.5757575757575758 0.7777777777777778 0.5833333333333334 0.7666666666666667 0.6022727272727273 0.7666666666666667 0.6060606060606061 0.7611111111111111 0.6174242424242424 0.7611111111111111 0.6212121212121212 0.7555555555555555 0.6363636363636364 0.7555555555555555 0.6401515151515151 0.75 0.6515151515151515 0.75 0.6553030303030303 0.7444444444444445 0.6628787878787878 0.7444444444444445 0.6666666666666666 0.7388888888888889 0.6742424242424242 0.7388888888888889 0.678030303030303 0.7333333333333333 0.6856060606060606 0.7333333333333333 0.6893939393939394 0.7277777777777777 0.7007575757575758 0.7333333333333333 0.7083333333333334 0.7222222222222222 0.7196969696969697 0.7166666666666667
8 0.6212121212121212 0.5666666666666667 0.625 0.5722222222222222 0.6325757575757576 0.5722222222222222 0.6325757575757576 0.5777777777777777 0.6363636363636364 0.5833333333333334 0.6401515151515151 0.5833333333333334 0.6515151515151515 0.6 0.6515151515151515 0.6055555555555555 0.6590909090909091 0.6166666666666667 0.6590909090909091 0.6388888888888888 0.6628787878787878 0.6444444444444445 0.6628787878787878 0.65 0.6931818181818182 0.7055555555555556 0.6931818181818182 0.7111111111111111 0.6856060606060606 0.7222222222222222 0.678030303030303 0.7222222222222222 0.6742424242424242 0.7277777777777777 0.6628787878787878 0.7222222222222222 0.6628787878787878 0.7166666666666667 0.6553030303030303 0.7055555555555556 0.6515151515151515 0.6888888888888889 0.6439393939393939 0.6777777777777778 0.6212121212121212 0.6777777777777778 0.6174242424242424 0.6833333333333333 0.6136363636363636 0.6833333333333333 0.6098484848484849 0.6777777777777778 0.6098484848484849 0.6722222222222223 0.5984848484848485 0.6555555555555556 0.5984848484848485 0.65 0.5946969696969697 0.6444444444444445 0.5909090909090909 0.6444444444444445 0.5909090909090909 0.6388888888888888 0.5681818181818182 0.6055555555555555 0.5681818181818182 0.5944444444444444 0.571969696969697 0.5888888888888889 0.571969696969697 0.5833333333333334 0.5833333333333334 0.5666666666666667 0.6174242424242424 0.5666666666666667
8 0.7121212121212122 0.06666666666666667 0.7234848484848485 0.08333333333333333 0.7234848484848485 0.08888888888888889 0.7272727272727273 0.09444444444444444 0.7272727272727273 0.1388888888888889 0.7234848484848485 0.14444444444444443 0.7196969696969697 0.16111111111111112 0.7159090909090909 0.16111111111111112 0.7045454545454546 0.17222222222222222 0.6931818181818182 0.17222222222222222 0.6893939393939394 0.17777777777777778 0.6856060606060606 0.17777777777777778 0.6818181818181818 0.18333333333333332 0.678030303030303 0.18333333333333332 0.6666666666666666 0.19444444444444445 0.6628787878787878 0.18888888888888888 0.6553030303030303 0.18888888888888888 0.6515151515151515 0.19444444444444445 0.6401515151515151 0.19444444444444445 0.6363636363636364 0.2 0.6325757575757576 0.2 0.6287878787878788 0.20555555555555555 0.6212121212121212 0.20555555555555555 0.6174242424242424 0.2111111111111111 0.6136363636363636 0.2111111111111111 0.6022727272727273 0.2222222222222222 0.5946969696969697 0.2222222222222222 0.5871212121212122 0.2111111111111111 0.5833333333333334 0.19444444444444445 0.571969696969697 0.17777777777777778 0.5681818181818182 0.18333333333333332 0.5681818181818182 0.18888888888888888 0.5757575757575758 0.20555555555555555 0.5757575757575758 0.22777777777777777 0.5606060606060606 0.22777777777777777 0.5568181818181818 0.2222222222222222 0.553030303030303 0.2222222222222222 0.5454545454545454 0.2111111111111111 0.5454545454545454 0.19444444444444445 0.5416666666666666 0.18888888888888888 0.5416666666666666 0.18333333333333332 0.5454545454545454 0.17777777777777778 0.5454545454545454 0.17222222222222222 0.553030303030303 0.16111111111111112 0.5606060606060606 0.16111111111111112 0.5606060606060606 0.17222222222222222 0.5643939393939394 0.17777777777777778 0.5681818181818182 0.17777777777777778 0.571969696969697 0.17222222222222222 0.571969696969697 0.16666666666666666 0.5681818181818182 0.16111111111111112 0.5681818181818182 0.15 0.571969696969697 0.14444444444444443 0.5757575757575758 0.14444444444444443 0.5795454545454546 0.1388888888888889 0.5871212121212122 0.1388888888888889 0.5909090909090909 0.13333333333333333 0.5984848484848485 0.13333333333333333 0.6022727272727273 0.12777777777777777 0.6098484848484849 0.12777777777777777 0.6174242424242424 0.11666666666666667 0.6174242424242424 0.1111111111111111 0.6212121212121212 0.10555555555555556 0.625 0.10555555555555556 0.6401515151515151 0.08333333333333333 0.6439393939393939 0.08333333333333333 0.6477272727272727 0.07777777777777778 0.6477272727272727 0.07222222222222222 0.6628787878787878 0.07222222222222222 0.6666666666666666 0.06666666666666667 0.6742424242424242 0.06666666666666667 0.678030303030303 0.06111111111111111 0.7045454545454546 0.06111111111111111 0.7083333333333334 0.06666666666666667
8 0.8371212121212122 0.46111111111111114 0.8484848484848485 0.46111111111111114 0.8598484848484849 0.4777777777777778 0.9090909090909091 0.4777777777777778 0.9128787878787878 0.4722222222222222 0.928030303030303 0.4722222222222222 0.9318181818181818 0.4777777777777778 0.9393939393939394 0.4777777777777778 0.9507575757575758 0.4888888888888889 0.9507575757575758 0.5055555555555555 0.9431818181818182 0.5166666666666667 0.9356060606060606 0.5166666666666667 0.9318181818181818 0.5222222222222223 0.9242424242424242 0.5222222222222223 0.9204545454545454 0.5166666666666667 0.9166666666666666 0.5222222222222223 0.9128787878787878 0.5166666666666667 0.9015151515151515 0.5166666666666667 0.8977272727272727 0.5222222222222223 0.8787878787878788 0.5222222222222223 0.875 0.5277777777777778 0.8674242424242424 0.5277777777777778 0.8598484848484849 0.5444444444444444 0.8560606060606061 0.5388888888888889 0.8446969696969697 0.55 0.8409090909090909 0.5444444444444444 0.8409090909090909 0.5388888888888889 0.8333333333333334 0.5277777777777778 0.8068181818181818 0.5277777777777778 0.7992424242424242 0.5388888888888889 0.7954545454545454 0.5388888888888889 0.7878787878787878 0.5277777777777778 0.7840909090909091 0.5333333333333333 0.7765151515151515 0.5333333333333333 0.7651515151515151 0.55 0.75 0.55 0.7424242424242424 0.5388888888888889 0.7424242424242424 0.5333333333333333 0.7348484848484849 0.5166666666666667 0.7348484848484849 0.5 0.7310606060606061 0.49444444444444446 0.7310606060606061 0.4777777777777778 0.7348484848484849 0.4722222222222222 0.7575757575757576 0.4722222222222222 0.7613636363636364 0.4777777777777778 0.7765151515151515 0.4777777777777778 0.7803030303030303 0.48333333333333334 0.8333333333333334 0.48333333333333334 0.8371212121212122 0.4777777777777778 0.8371212121212122 0.4666666666666667
8 0.20833333333333334 0.6611111111111111 0.2159090909090909 0.6722222222222223 0.2159090909090909 0.6944444444444444 0.21212121212121213 0.7 0.21212121212121213 0.7277777777777777 0.20075757575757575 0.7444444444444445 0.19696969696969696 0.7444444444444445 0.19318181818181818 0.7388888888888889 0.17803030303030304 0.7388888888888889 0.17045454545454544 0.7555555555555555 0.17424242424242425 0.7611111111111111 0.17424242424242425 0.7777777777777778 0.17803030303030304 0.7833333333333333 0.17803030303030304 0.8 0.17424242424242425 0.8055555555555556 0.17424242424242425 0.8111111111111111 0.18181818181818182 0.8277777777777777 0.18181818181818182 0.8388888888888889 0.17803030303030304 0.8388888888888889 0.17424242424242425 0.8444444444444444 0.17424242424242425 0.85 0.17045454545454544 0.8555555555555555 0.16666666666666666 0.8722222222222222 0.14772727272727273 0.8722222222222222 0.14393939393939395 0.8666666666666667 0.13257575757575757 0.8611111111111112 0.125 0.85 0.12121212121212122 0.85 0.10984848484848485 0.8333333333333334 0.10984848484848485 0.8222222222222222 0.11363636363636363 0.8166666666666667 0.125 0.8166666666666667 0.13636363636363635 0.8 0.14015151515151514 0.8 0.1553030303030303 0.7777777777777778 0.1553030303030303 0.75 0.15151515151515152 0.7444444444444445 0.15151515151515152 0.7166666666666667 0.1590909090909091 0.7055555555555556 0.1590909090909091 0.7 0.17045454545454544 0.6833333333333333 0.17045454545454544 0.6777777777777778 0.17803030303030304 0.6666666666666666 0.1856060606060606 0.6666666666666666 0.1893939393939394 0.6611111111111111 0.19318181818181818 0.6611111111111111 0.19696969696969696 0.6666666666666666 0.20075757575757575 0.6611111111111111 0.20454545454545456 0.6611111111111111