8 0.814375 0.20138288677614521 0.810625 0.1979256698357822 0.806875 0.1815038893690579 0.803125 0.17718236819360414 0.79625 0.1815038893690579 0.794375 0.19187554019014694 0.79 0.20138288677614521 0.769375 0.2031114952463267 0.755 0.21175453759723423 0.748125 0.21002592912705273 0.745625 0.20570440795159897 0.736875 0.20224719101123595 0.705625 0.20397579948141745 0.696875 0.20138288677614521 0.68875 0.2048401037165082 0.685625 0.2031114952463267 0.683125 0.19533275713050993 0.690625 0.19101123595505617 0.745 0.18063958513396716 0.748125 0.17718236819360414 0.748125 0.16508210890233363 0.7525 0.1598962834917891 0.88375 0.1365600691443388 0.876875 0.1512532411408816 0.853125 0.14866032843560933 0.841875 0.1547104580812446 0.835625 0.16248919619706137 0.831875 0.17286084701815038 0.835 0.19878997407087295 0.815 0.20051858254105445
8 0.175625 0.5237683664649957 0.178125 0.526361279170268 0.178125 0.5324114088159032 0.175 0.5427830596369922 0.1725 0.5479688850475367 0.16625 0.5514261019878998 0.08875 0.560933448573898 0.045625 0.5617977528089888 0.03375 0.5652549697493517 0 0.5635263612791702 0 0.5393258426966292 0.0275 0.5384615384615384 0.05125 0.5324114088159032 0.085625 0.533275713050994 0.1275 0.526361279170268 0.175 0.5237683664649957
8 0.23125 0.7113223854796888 0.233125 0.7130509939498704 0.231875 0.7199654278305964 0.210625 0.7389801210025929 0.201875 0.742437337942956 0.195 0.7519446845289542 0.175 0.7528089887640449 0.16875 0.7605877268798618 0.14375 0.7675021607605877 0.139375 0.7752808988764045 0.111875 0.7873811581676751 0.105625 0.7934312878133103 0.105625 0.7968885047536733 0.09875 0.801210025929127 0.094375 0.8003457216940363 0.088125 0.7925669835782195 0.07875 0.7925669835782195 0.074375 0.7873811581676751 0.073125 0.7821953327571305 0.08125 0.7709593777009507 0.08125 0.7571305099394987 0.08875 0.7588591184096802 0.1125 0.7528089887640449 0.133125 0.7407087294727744 0.18875 0.7156439066551427 0.1925 0.7165082108902333 0.19625 0.7234226447709594 0.199375 0.7234226447709594 0.219375 0.7130509939498704 0.230625 0.7113223854796888
8 0.1325 0.13050993949870354 0.140625 0.13396715643906656 0.149375 0.14261019878997408 0.155 0.1512532411408816 0.155 0.1616248919619706 0.14625 0.17286084701815038 0.13875 0.19878997407087295 0.136875 0.21521175453759722 0.1275 0.2445980985306828 0.114375 0.29818496110630943 0.109375 0.32757130509939497 0.0975 0.341400172860847 0.09625 0.35522904062229904 0.091875 0.3681936041486603 0.08 0.3863439930855661 0.078125 0.40190146931719967 0.058125 0.4710458081244598 0.0575 0.47968885047536736 0.054375 0.4848746758859118 0.05 0.5082108902333622 0.043125 0.5306828003457217 0.04 0.5324114088159032 0.04125 0.5185825410544511 0.051875 0.48660328435609335 0.0525 0.47796024200518583 0.055625 0.4736387208297321 0.056875 0.4589455488331893 0.079375 0.3777009507346586 0.0825 0.31374243733794294 0.08875 0.2843560933448574 0.090625 0.2636127917026793 0.105 0.21694036300777875 0.115 0.17458945548833188 0.1175 0.16076058772687987 0.114375 0.14779602420051857 0.115 0.14088159031979255 0.119375 0.1331028522039758 0.131875 0.13050993949870354
8 0.2975 0.651685393258427 0.301875 0.6577355229040622 0.3025 0.6776145203111495 0.3 0.6845289541918755 0.27625 0.6836646499567848 0.264375 0.6776145203111495 0.255 0.6853932584269663 0.236875 0.6871218668971478 0.225 0.6914433880726015 0.19375 0.6905790838375108 0.190625 0.6784788245462403 0.190625 0.6646499567847882 0.1925 0.6611927398444253 0.2175 0.6629213483146067 0.2375 0.6560069144338807 0.253125 0.6542783059636992 0.263125 0.6560069144338807 0.275625 0.6637856525496975 0.28125 0.6534140017286084 0.296875 0.651685393258427
8 0.49875 0.8323249783923942 0.501875 0.8349178910976663 0.501875 0.8383751080380294 0.4975 0.8444252376836646 0.463125 0.8608470181503889 0.43625 0.867761452031115 0.415 0.8764044943820225 0.34 0.8971477960242005 0.30125 0.9040622299049266 0.295 0.9075194468452895 0.2925 0.9075194468452895 0.289375 0.9006050129645635 0.3 0.8910976663785652 0.314375 0.8902333621434745 0.340625 0.8807260155574762 0.35625 0.8798617113223854 0.383125 0.8729472774416595 0.416875 0.8565254969749352 0.448125 0.8504753673293 0.484375 0.8375108038029386 0.4925 0.8323249783923942 0.498125 0.8323249783923942
8 0.2375 0.5808124459809854 0.301875 0.6188418323249784 0.329375 0.6292134831460674 0.348125 0.6430423509075195 0.351875 0.6499567847882455 0.350625 0.662057044079516 0.34875 0.6681071737251513 0.34125 0.6767502160760588 0.323125 0.6715643906655142 0.310625 0.6611927398444253 0.30625 0.6508210890233362 0.294375 0.6490924805531547 0.285625 0.6430423509075195 0.28125 0.6361279170267934 0.26875 0.6326707000864304 0.25875 0.6222990492653414 0.22625 0.6015557476231633 0.223125 0.5955056179775281 0.225625 0.5859982713915298 0.230625 0.5808124459809854 0.236875 0.5808124459809854
8 0.1825 0.3863439930855661 0.19375 0.39325842696629215 0.201875 0.40363007778738114 0.2 0.4131374243733794 0.193125 0.41659464131374246 0.19125 0.42005185825410546 0.19 0.42955920484010374 0.20375 0.442523768366465 0.205625 0.452895419187554 0.2025 0.4580812445980985 0.195625 0.4589455488331893 0.1925 0.46326707000864303 0.1825 0.5090751944684528 0.178125 0.5185825410544511 0.1725 0.5229040622299049 0.16125 0.5246326707000865 0.143125 0.5237683664649957 0.14 0.5203111495246326 0.143125 0.48833189282627487 0.149375 0.45721694036300775 0.149375 0.44770959377700953 0.148125 0.44338807260155577 0.14375 0.4399308556611927 0.143125 0.428694900605013 0.1475 0.42523768366465 0.1575 0.42523768366465 0.160625 0.42178046672428693 0.161875 0.4096802074330164 0.15625 0.3975799481417459 0.156875 0.3898012100259291 0.159375 0.3863439930855661 0.170625 0.3837510803802939 0.181875 0.3863439930855661
8 0.811875 0.7787381158167676 0.818125 0.783923941227312 0.824375 0.801210025929127 0.82125 0.8210890233362144 0.818125 0.8280034572169404 0.78375 0.867761452031115 0.761875 0.8859118409680208 0.741875 0.9109766637856526 0.735 0.9178910976663786 0.7275 0.9213483146067416 0.675625 0.9213483146067416 0.66 0.9178910976663786 0.68875 0.8867761452031115 0.709375 0.8729472774416595 0.713125 0.8651685393258427 0.72 0.8608470181503889 0.7375 0.8375108038029386 0.74375 0.8331892826274849 0.786875 0.7856525496974935 0.8025 0.7778738115816768 0.81125 0.7787381158167676
8 0.521875 0.428694900605013 0.53 0.4373379429559205 0.53125 0.4520311149524633 0.528125 0.45980985306828004 0.516875 0.46672428694900603 0.514375 0.48660328435609335 0.525625 0.4978392394122731 0.52625 0.5151253241140882 0.52125 0.526361279170268 0.5175 0.5496974935177182 0.515625 0.5998271391529818 0.511875 0.6101987899740708 0.515 0.6205704407951599 0.51125 0.6240276577355229 0.508125 0.6387208297320657 0.499375 0.6542783059636992 0.490625 0.6525496974935178 0.4875 0.6352636127917026 0.48875 0.6188418323249784 0.490625 0.6171132238547969 0.50125 0.6188418323249784 0.50375 0.6162489196197062 0.50375 0.6127917026793431 0.493125 0.5980985306828004 0.490625 0.5903197925669835 0.491875 0.5488331892826275 0.49375 0.5393258426966292 0.490625 0.5108038029386344 0.494375 0.49351771823681934 0.496875 0.49006050129645634 0.505 0.48833189282627487 0.506875 0.4840103716508211 0.508125 0.4641313742437338 0.50125 0.4580812445980985 0.4975 0.449438202247191 0.500625 0.43215211754537597 0.50625 0.4278305963699222 0.52125 0.428694900605013
8 0.166875 0.22212618841832324 0.2225 0.23681936041486604 0.238125 0.23509075194468454 0.2475 0.24373379429559205 0.26125 0.2428694900605013 0.265 0.2480553154710458 0.265 0.2549697493517718 0.26375 0.26188418323249785 0.260625 0.2662057044079516 0.254375 0.26534140017286084 0.245 0.25842696629213485 0.23 0.25842696629213485 0.206875 0.24891961970613655 0.191875 0.24719101123595505 0.16375 0.23768366464995677 0.1575 0.23336214347450301 0.156875 0.226447709593777 0.159375 0.222990492653414 0.16625 0.22212618841832324
8 0.99 0.766637856525497 0.999375 0.7709593777009507 0.999375 0.8072601555747623 0.990625 0.8098530682800346 0.97875 0.8193604148660328 0.9525 0.8297320656871219 0.941875 0.8383751080380294 0.9275 0.8426966292134831 0.9075 0.8530682800345721 0.900625 0.8513396715643907 0.89375 0.8426966292134831 0.880625 0.8426966292134831 0.878125 0.8392394122731202 0.87875 0.8331892826274849 0.88875 0.8245462402765773 0.895625 0.8098530682800346 0.903125 0.8063958513396715 0.91125 0.8063958513396715 0.9425 0.7882454624027658 0.96 0.7865168539325843 0.98125 0.7726879861711322 0.98625 0.7649092480553155 0.989375 0.766637856525497
8 0.084375 0.7571305099394987 0.089375 0.7588591184096802 0.110625 0.7536732929991357 0.133125 0.7407087294727744 0.186875 0.7165082108902333 0.1925 0.7165082108902333 0.196875 0.7260155574762316 0.19875 0.7398444252376837 0.196875 0.7484874675885912 0.19 0.7528089887640449 0.174375 0.7528089887640449 0.16875 0.759723422644771 0.143125 0.7675021607605877 0.13625 0.7761452031114953 0.10875 0.7891097666378565 0.105625 0.7925669835782195 0.105625 0.7960242005185826 0.098125 0.801210025929127 0.094375 0.8003457216940363 0.088125 0.7917026793431288 0.08125 0.7925669835782195 0.075625 0.7865168539325843 0.08125 0.7744165946413137 0.08125 0.7605877268798618 0.08375 0.7579948141745895
8 0.229375 0.4727744165946413 0.27375 0.5185825410544511 0.29375 0.5453759723422644 0.304375 0.5661192739844425 0.318125 0.581676750216076 0.318125 0.5894554883318929 0.314375 0.5955056179775281 0.310625 0.5946413137424373 0.286875 0.5661192739844425 0.260625 0.5419187554019015 0.250625 0.526361279170268 0.2375 0.5159896283491789 0.239375 0.5116681071737251 0.239375 0.5012964563526361 0.2175 0.47709593777009507 0.2225 0.47191011235955055 0.22875 0.4727744165946413
8 0.5125 0 0.6125 0 0.585625 0.012100259291270527 0.5225 0.02679343128781331 0.5175 0.02679343128781331 0.514375 0.023336214347450302 0.51375 0.00864304235090752 0.51125 0.005185825410544511 0.5125 0.000864304235090752
8 0.273125 0.6888504753673294 0.28 0.6914433880726015 0.2825 0.6957649092480553 0.28125 0.6992221261884183 0.265 0.7104580812445981 0.24625 0.7182368193604148 0.245 0.7372515125324114 0.234375 0.7545375972342264 0.2225 0.7623163353500432 0.213125 0.7744165946413137 0.19375 0.7899740708729472 0.1875 0.7917026793431288 0.18125 0.7891097666378565 0.175625 0.7917026793431288 0.1725 0.7968885047536733 0.168125 0.7968885047536733 0.165 0.7934312878133103 0.155 0.7960242005185826 0.153125 0.7925669835782195 0.154375 0.783923941227312 0.181875 0.7744165946413137 0.188125 0.7614520311149524 0.201875 0.7441659464131374 0.2025 0.7398444252376837 0.209375 0.7389801210025929 0.2175 0.7286084701815039 0.2275 0.7208297320656871 0.23 0.7165082108902333 0.226875 0.7130509939498704 0.2725 0.6888504753673294
8 0.294375 0.8798617113223854 0.29625 0.8833189282627485 0.295625 0.8902333621434745 0.286875 0.8954191875540191 0.208125 0.9049265341400173 0.199375 0.9083837510803803 0.17875 0.9083837510803803 0.164375 0.9187554019014693 0.146875 0.9204840103716508 0.139375 0.9187554019014693 0.13875 0.9101123595505618 0.140625 0.9040622299049266 0.185625 0.9031979256698358 0.19 0.9006050129645635 0.193125 0.8893690579083837 0.208125 0.8902333621434745 0.29375 0.8798617113223854
8 0.2275 0.8643042350907519 0.28 0.8634399308556612 0.28125 0.8694900605012964 0.279375 0.8729472774416595 0.263125 0.881590319792567 0.23 0.88504753673293 0.22125 0.888504753673293 0.18375 0.8876404494382022 0.16125 0.891961970613656 0.139375 0.8910976663785652 0.12625 0.8962834917891098 0.123125 0.9049265341400173 0.119375 0.8945548833189283 0.1125 0.8945548833189283 0.10125 0.8980121002592912 0.05375 0.9031979256698358 0.028125 0.9083837510803803 0.019375 0.9127052722558341 0.01625 0.9109766637856526 0.014375 0.8997407087294728 0.020625 0.8954191875540191 0.1025 0.8833189282627485 0.119375 0.8833189282627485 0.123125 0.8764044943820225 0.189375 0.8694900605012964 0.209375 0.8634399308556612 0.226875 0.8643042350907519
8 0.71 0.07519446845289542 0.800625 0.12878133102852204 0.805 0.12964563526361278 0.806875 0.12705272255834055 0.8125 0.12878133102852204 0.81375 0.14433880726015558 0.796875 0.1529818496110631 0.775625 0.1547104580812446 0.769375 0.15384615384615385 0.759375 0.14520311149524634 0.73125 0.12964563526361278 0.7275 0.12445980985306827 0.698125 0.1097666378565255 0.695625 0.10285220397579949 0.695 0.09161624891961971 0.690625 0.08643042350907519 0.690625 0.08210890233362143 0.705625 0.07433016421780467 0.709375 0.07519446845289542
8 0.4325 0.6214347450302506 0.43625 0.6257562662057045 0.43625 0.6352636127917026 0.431875 0.641313742437338 0.383125 0.6767502160760588 0.335625 0.7061365600691444 0.329375 0.7191011235955056 0.33125 0.7355229040622299 0.326875 0.7441659464131374 0.305 0.7415730337078652 0.30125 0.7381158167675022 0.29875 0.7208297320656871 0.303125 0.7113223854796888 0.323125 0.6923076923076923 0.3725 0.6568712186689715 0.400625 0.6378565254969749 0.411875 0.634399308556612 0.431875 0.6214347450302506
8 0.185625 0.20397579948141745 0.2775 0.2247191011235955 0.3 0.22817631806395852 0.306875 0.226447709593777 0.31375 0.23336214347450301 0.324375 0.23681936041486604 0.34625 0.2394122731201383 0.353125 0.23509075194468454 0.355625 0.23768366464995677 0.355625 0.24719101123595505 0.3525 0.2566983578219533 0.34875 0.2566983578219533 0.3425 0.24891961970613655 0.305625 0.24546240276577355 0.2725 0.23768366464995677 0.258125 0.23768366464995677 0.255 0.23509075194468454 0.225 0.22904062229904926 0.22 0.23076923076923078 0.216875 0.226447709593777 0.2075 0.222990492653414 0.166875 0.21694036300777875 0.159375 0.20916162489196197 0.158125 0.20570440795159897 0.16 0.2031114952463267 0.173125 0.20138288677614521 0.185 0.20397579948141745
8 0.855625 0.2713915298184961 0.873125 0.2904062229904927 0.895 0.33967156439066554 0.91125 0.34312878133102853 0.91125 0.3500432152117545 0.905625 0.3621434745030251 0.905625 0.36732929991356955 0.908125 0.36992221261884184 0.90625 0.37510803802938636 0.9075 0.3794295592048401 0.900625 0.3863439930855661 0.89375 0.3837510803802939 0.8925 0.37683664649956783 0.89 0.3742437337942956 0.878125 0.37337942955920483 0.869375 0.3656006914433881 0.86875 0.35522904062229904 0.87375 0.34485738980121 0.853125 0.2999135695764909 0.85125 0.27398444252376836 0.8525 0.27052722558340536 0.855 0.2713915298184961
8 0.374375 0.49006050129645634 0.3875 0.4978392394122731 0.390625 0.5082108902333622 0.383125 0.5298184961106309 0.380625 0.5808124459809854 0.375625 0.6110630942091616 0.359375 0.634399308556612 0.35625 0.6309420916162489 0.35375 0.6205704407951599 0.34625 0.6127917026793431 0.344375 0.6058772687986171 0.344375 0.5687121866897148 0.3475 0.5419187554019015 0.345 0.5116681071737251 0.3475 0.5021607605877269 0.355 0.49351771823681934 0.364375 0.49006050129645634 0.37375 0.49006050129645634
8 0.37 0.033707865168539325 0.371875 0.03802938634399308 0.370625 0.046672428694900604 0.343125 0.05012964563526361 0.311875 0.06309420916162489 0.299375 0.06222990492653414 0.236875 0.07519446845289542 0.203125 0.08556611927398444 0.19875 0.08902333621434745 0.1825 0.08902333621434745 0.16125 0.09766637856525497 0.158125 0.09161624891961971 0.158125 0.08383751080380294 0.16125 0.07951598962834917 0.200625 0.07346585998271392 0.22 0.0665514261019879 0.293125 0.052722558340535866 0.31 0.045808124459809856 0.346875 0.04235090751944685 0.365625 0.03802938634399308 0.369375 0.033707865168539325
8 0.364375 0.7355229040622299 0.365625 0.7398444252376837 0.36 0.766637856525497 0.3525 0.7847882454624028 0.345 0.8133102852203976 0.33625 0.8305963699222126 0.339375 0.8409680207433017 0.338125 0.8487467588591184 0.329375 0.8643042350907519 0.324375 0.8824546240276577 0.31625 0.8876404494382022 0.30875 0.8876404494382022 0.303125 0.8807260155574762 0.303125 0.8703543647363872 0.31 0.8478824546240277 0.3125 0.8271391529818496 0.32375 0.8210890233362144 0.336875 0.7873811581676751 0.33875 0.777009507346586 0.34375 0.7675021607605877 0.3475 0.7519446845289542 0.356875 0.7389801210025929 0.36375 0.7355229040622299
8 0.54375 0.8280034572169404 0.540625 0.8375108038029386 0.534375 0.8409680207433017 0.53375 0.8478824546240277 0.529375 0.8556611927398444 0.486875 0.8772687986171133 0.478125 0.88504753673293 0.46875 0.8893690579083837 0.458125 0.9040622299049266 0.453125 0.9075194468452895 0.435625 0.909248055315471 0.425625 0.916162489196197 0.421875 0.916162489196197 0.418125 0.9101123595505618 0.416875 0.8997407087294728 0.42 0.8902333621434745 0.4325 0.8755401901469317 0.445625 0.8729472774416595 0.52375 0.8288677614520311 0.5275 0.8297320656871219 0.533125 0.8383751080380294 0.54 0.8280034572169404 0.543125 0.8280034572169404
8 0.693125 0.8228176318063959 0.6975 0.8297320656871219 0.6975 0.8366464995678479 0.688125 0.8426966292134831 0.67625 0.8582541054451167 0.66375 0.8651685393258427 0.655625 0.8634399308556612 0.651875 0.8591184096802075 0.65375 0.8444252376836646 0.66375 0.8340535868625756 0.67875 0.8288677614520311 0.68875 0.8219533275713051 0.6925 0.8228176318063959
8 0.806875 0.36732929991356955 0.799375 0.31892826274848746 0.7975 0.21694036300777875 0.791875 0.20570440795159897 0.7925 0.19878997407087295 0.79625 0.19273984442523767 0.79625 0.18236819360414866 0.799375 0.17891097666378566 0.80375 0.17891097666378566 0.806875 0.18496110630942092 0.8075 0.19533275713050993 0.811875 0.21002592912705273 0.81125 0.219533275713051 0.8075 0.22385479688850476 0.810625 0.3111495246326707 0.806875 0.36646499567847884
4 0 0.2601555747623163 0.011875 0.26534140017286084 0.02625 0.27657735522904064 0.029375 0.2808988764044944 0.03375 0.29732065687121867 0.046875 0.30337078651685395 0.049375 0.31028522039757994 0.04375 0.33189282627484873 0.031875 0.34226447709593777 0.029375 0.34226447709593777 0.023125 0.334485738980121 0 0.3353500432152118 0 0.2610198789974071
4 0.4075 0.5073465859982714 0.41375 0.5125324114088159 0.418125 0.533275713050994 0.42 0.5358686257562663 0.428125 0.5367329299913569 0.435 0.5488331892826275 0.44625 0.5730337078651685 0.44625 0.5790838375108038 0.443125 0.5825410544511668 0.435 0.5825410544511668 0.414375 0.5764909248055315 0.410625 0.5713050993949871 0.405 0.557476231633535 0.406875 0.5462402765773552 0.391875 0.5254969749351772 0.394375 0.5177182368193605 0.400625 0.5108038029386344 0.406875 0.5082108902333622
4 0.0640625 0.3651685393258427 0.098125 0.09248055315471046
4 0.06375 0.19533275713050993 0.07125 0.2031114952463267 0.078125 0.226447709593777 0.084375 0.26707000864304237 0.085625 0.2904062229904927 0.081875 0.31287813310285223 0.064375 0.32497839239412274 0.05875 0.32497839239412274 0.051875 0.3146067415730337 0.0525 0.29559204840103714 0.0425 0.25237683664649957 0.038125 0.2212618841832325 0.03875 0.21175453759723423 0.045625 0.19878997407087295 0.051875 0.1944684528954192 0.063125 0.19533275713050993
4 0.19875 0.5246326707000865 0.208125 0.5306828003457217 0.2125 0.5410544511668107 0.214375 0.5557476231633535 0.214375 0.6067415730337079 0.216875 0.6145203111495247 0.216875 0.6421780466724287 0.21375 0.6456352636127917 0.1975 0.651685393258427 0.188125 0.6508210890233362 0.18125 0.641313742437338 0.175625 0.5799481417458946 0.176875 0.554019014693172 0.175 0.5427830596369922 0.1825 0.5289541918755402 0.18875 0.5246326707000865 0.198125 0.5246326707000865
4 0.56875 0.2411408815903198 0.57375 0.2445980985306828 0.58 0.2610198789974071 0.58 0.2791702679343129 0.576875 0.28608470181503887 0.556875 0.2904062229904927 0.545625 0.30077787381158166 0.48875 0.320656871218669 0.480625 0.31892826274848746 0.476875 0.30855661192739847 0.475625 0.2999135695764909 0.476875 0.2929991356957649 0.47375 0.28349178910976663 0.47375 0.2783059636992221 0.47625 0.2748487467588591 0.488125 0.26793431287813313 0.5325 0.25064822817631804 0.5425 0.2480553154710458 0.555625 0.24891961970613655 0.560625 0.24373379429559205 0.568125 0.2411408815903198
4 0.2975 0.1547104580812446 0.305625 0.16076058772687987 0.314375 0.18496110630942092 0.31375 0.2048401037165082 0.310625 0.2143474503025065 0.29875 0.2247191011235955 0.275625 0.22385479688850476 0.253125 0.219533275713051 0.244375 0.21521175453759722 0.22375 0.21348314606741572 0.21625 0.21089023336214346 0.214375 0.2065687121866897 0.215625 0.19273984442523767 0.22375 0.18063958513396716 0.273125 0.1598962834917891 0.296875 0.1547104580812446
4 0.438125 0.6456352636127917 0.445625 0.651685393258427 0.449375 0.6629213483146067 0.450625 0.6845289541918755 0.449375 0.7026793431287813 0.453125 0.7199654278305964 0.45125 0.7320656871218669 0.44125 0.7381158167675022 0.433125 0.7372515125324114 0.42875 0.7312013828867762 0.428125 0.7130509939498704 0.423125 0.6983578219533275 0.42 0.6681071737251513 0.420625 0.6577355229040622 0.424375 0.6499567847882455 0.431875 0.6456352636127917 0.4375 0.6456352636127917
4 0.175 0.02592912705272256 0.191875 0.043215211754537596 0.1925 0.07087294727744166 0.18875 0.07433016421780467 0.175 0.07778738115816768 0.16125 0.07951598962834917 0.159375 0.07778738115816768 0.159375 0.045808124459809856 0.174375 0.02679343128781331
4 0.381875 0.16681071737251513 0.396875 0.1780466724286949 0.399375 0.18236819360414866 0.39875 0.18496110630942092 0.37125 0.22385479688850476 0.359375 0.23163353500432152 0.35 0.22990492653414002 0.34125 0.219533275713051 0.33875 0.20829732065687123 0.34 0.19533275713050993 0.36125 0.16681071737251513 0.368125 0.1633535004321521 0.38125 0.16681071737251513
4 0.513125 0.3267070008643042 0.524375 0.334485738980121 0.52875 0.34572169403630076 0.529375 0.39066551426101986 0.521875 0.42696629213483145 0.510625 0.42523768366465 0.51 0.4105445116681072 0.495625 0.40190146931719967 0.49125 0.38547968885047534 0.494375 0.3388072601555748 0.5025 0.33016421780466726 0.5125 0.3267070008643042
4 0.140625 0.29213483146067415 0.153125 0.2964563526361279 0.189375 0.3180639585133967 0.199375 0.3267070008643042 0.22 0.331028522039758 0.22875 0.33967156439066554 0.234375 0.35177182368193605 0.23125 0.3647363872082973 0.218125 0.39325842696629215 0.20625 0.4010371650821089 0.203125 0.4010371650821089 0.193125 0.39066551426101986 0.1825 0.38461538461538464 0.161875 0.38202247191011235 0.150625 0.3777009507346586 0.13 0.3647363872082973 0.114375 0.3509075194468453 0.11 0.3292999135695765 0.115 0.31374243733794294 0.12625 0.2964563526361279 0.14 0.29213483146067415
4 0.239375 0.7191011235955056 0.244375 0.7242869490060502 0.245 0.7346585998271391 0.241875 0.7441659464131374 0.23375 0.7554019014693172 0.223125 0.7623163353500432 0.20375 0.7830596369922213 0.1925 0.7899740708729472 0.17875 0.7917026793431288 0.17375 0.7968885047536733 0.155 0.7960242005185826 0.153125 0.7917026793431288 0.154375 0.783923941227312 0.18125 0.7744165946413137 0.203125 0.7441659464131374 0.22 0.7312013828867762 0.230625 0.7191011235955056 0.23875 0.7191011235955056