8 0.834375 0.25842696629213485 0.8725 0.26793431287813313 0.920625 0.2748487467588591 0.94375 0.28262748487467587 0.945625 0.29472774416594644 0.945 0.32152117545375974 0.950625 0.32757130509939497 0.94625 0.334485738980121 0.945625 0.34053586862575624 0.949375 0.34485738980121 0.9525 0.34312878133102853 0.955625 0.34485738980121 0.953125 0.3500432152117545 0.94625 0.34831460674157305 0.945625 0.3388072601555748 0.94375 0.33707865168539325 0.93875 0.341400172860847 0.931875 0.3388072601555748 0.866875 0.3362143474503025 0.8575 0.3327571305099395 0.82875 0.3362143474503025 0.813125 0.33189282627484873 0.809375 0.32757130509939497 0.805625 0.317199654278306 0.816875 0.30337078651685395 0.816875 0.29213483146067415 0.814375 0.2843560933448574 0.8075 0.2748487467588591 0.81875 0.2601555747623163 0.83375 0.25842696629213485
8 0.185 0.7095937770095073 0.1925 0.7113223854796888 0.199375 0.7182368193604148 0.20625 0.7191011235955056 0.2225 0.7294727744165946 0.246875 0.7389801210025929 0.265 0.7147796024200519 0.265 0.7346585998271391 0.305625 0.7588591184096802 0.36625 0.790838375108038 0.378125 0.790838375108038 0.415 0.8115816767502161 0.425 0.8141745894554884 0.429375 0.8184961106309421 0.443125 0.8219533275713051 0.444375 0.8271391529818496 0.448125 0.8305963699222126 0.460625 0.8340535868625756 0.511875 0.8651685393258427 0.519375 0.8660328435609335 0.539375 0.8789974070872947 0.56375 0.8902333621434745 0.57125 0.8971477960242005 0.5725 0.9014693171996543 0.571875 0.9178910976663786 0.564375 0.9213483146067416 0.4175 0.9170267934312878 0.394375 0.9006050129645635 0.394375 0.8971477960242005 0.3975 0.8936905790838375 0.40875 0.8910976663785652 0.4125 0.8867761452031115 0.40875 0.8841832324978393 0.41125 0.8729472774416595 0.405625 0.8694900605012964 0.404375 0.8634399308556612 0.400625 0.8643042350907519 0.395625 0.874675885911841 0.388125 0.878133102852204 0.385625 0.8833189282627485 0.370625 0.88504753673293 0.3575 0.8764044943820225 0.348125 0.8660328435609335 0.33125 0.8556611927398444 0.320625 0.8435609334485739 0.311875 0.8418323249783924 0.301875 0.8340535868625756 0.293125 0.8357821953327571 0.286875 0.8297320656871219 0.268125 0.8271391529818496 0.261875 0.8210890233362144 0.240625 0.8159031979256698 0.230625 0.8349178910976663 0.22375 0.8366464995678479 0.22375 0.8236819360414867 0.23125 0.7925669835782195 0.23125 0.7856525496974935 0.228125 0.7813310285220397 0.206875 0.7683664649956785 0.18875 0.7528089887640449 0.170625 0.7502160760587727 0.164375 0.7554019014693172 0.16375 0.7623163353500432 0.15875 0.7614520311149524 0.160625 0.7588591184096802 0.16125 0.7450302506482281 0.168125 0.7182368193604148 0.175 0.7095937770095073 0.184375 0.7095937770095073
8 0.583125 0.1944684528954192 0.595 0.21348314606741572 0.598125 0.2143474503025065 0.603125 0.21175453759723423 0.60625 0.21607605877268798 0.611875 0.21694036300777875 0.61625 0.21175453759723423 0.618125 0.2143474503025065 0.624375 0.21521175453759722 0.625625 0.21348314606741572 0.624375 0.2048401037165082 0.639375 0.1961970613656007 0.64125 0.19878997407087295 0.640625 0.21002592912705273 0.636875 0.2065687121866897 0.63375 0.20743301642178047 0.628125 0.21521175453759722 0.62625 0.22212618841832324 0.623125 0.2212618841832325 0.618125 0.2247191011235955 0.61625 0.23076923076923078 0.613125 0.23336214347450301 0.59875 0.23595505617977527 0.589375 0.2566983578219533 0.588125 0.2662057044079516 0.581875 0.2722558340535869 0.58 0.2722558340535869 0.5775 0.2662057044079516 0.574375 0.2713915298184961 0.564375 0.26534140017286084 0.56 0.26707000864304237 0.55875 0.2791702679343129 0.554375 0.28522039757994816 0.545625 0.2783059636992221 0.535625 0.2541054451166811 0.533125 0.24027657735522903 0.535625 0.23595505617977527 0.539375 0.23509075194468454 0.553125 0.22212618841832324 0.56125 0.219533275713051 0.5725 0.20829732065687123 0.5775 0.19878997407087295 0.575625 0.19533275713050993 0.576875 0.19187554019014694 0.58125 0.19187554019014694 0.5825 0.1944684528954192
8 0.8625 0.3362143474503025 0.88 0.3388072601555748 0.894375 0.3362143474503025 0.905625 0.34053586862575624 0.93875 0.3388072601555748 0.9425 0.34485738980121 0.945625 0.34312878133102853 0.9525 0.34572169403630076 0.9525 0.34917891097666376 0.954375 0.34831460674157305 0.95375 0.34572169403630076 0.9625 0.3474503025064823 0.96375 0.34831460674157305 0.960625 0.35177182368193605 0.963125 0.35695764909248057 0.970625 0.35522904062229904 0.97625 0.3621434745030251 0.971875 0.36387208297320656 0.97 0.36041486603284356 0.9675 0.3612791702679343 0.969375 0.3656006914433881 0.966875 0.36732929991356955 0.964375 0.36646499567847884 0.966875 0.3621434745030251 0.964375 0.36041486603284356 0.960625 0.36387208297320656 0.945 0.36387208297320656 0.9425 0.3500432152117545 0.9375 0.4079515989628349 0.935625 0.4096802074330164 0.928125 0.4062229904926534 0.92375 0.4096802074330164 0.89625 0.4105445116681072 0.8775 0.41659464131374246 0.855625 0.41486603284356094 0.84875 0.4096802074330164 0.840625 0.3975799481417459 0.84875 0.3863439930855661 0.8525 0.37251512532411407 0.85 0.3647363872082973 0.843125 0.36041486603284356 0.8425 0.35522904062229904 0.8525 0.3388072601555748 0.861875 0.3362143474503025
8 0.631875 0.24891961970613655 0.7425 0.2636127917026793 0.768125 0.27052722558340536 0.800625 0.2713915298184961 0.810625 0.28262748487467587 0.815 0.2929991356957649 0.8025 0.31287813310285223 0.798125 0.3146067415730337 0.793125 0.31201382886776147 0.789375 0.31374243733794294 0.77625 0.3111495246326707 0.763125 0.31374243733794294 0.748125 0.30423509075194466 0.691875 0.2964563526361279 0.688125 0.2929991356957649 0.688125 0.28262748487467587 0.684375 0.2722558340535869 0.680625 0.26707000864304237 0.6725 0.2644770959377701 0.636875 0.27657735522904064 0.633125 0.2808988764044944 0.616875 0.2843560933448574 0.59875 0.28349178910976663 0.59375 0.2791702679343129 0.59125 0.2722558340535869 0.59125 0.2601555747623163 0.59875 0.24719101123595505 0.63125 0.24891961970613655
8 0.31 0 0.33 0 0.35 0.015557476231633534 0.348125 0.056179775280898875 0.349375 0.06136560069144339 0.3375 0.12359550561797752 0.326875 0.1633535004321521 0.323125 0.2031114952463267 0.320625 0.20916162489196197 0.3225 0.21521175453759722 0.32125 0.22990492653414002 0.316875 0.2636127917026793 0.31375 0.2722558340535869 0.311875 0.2964563526361279 0.305625 0.30423509075194466 0.294375 0.30337078651685395 0.271875 0.28349178910976663 0.265625 0.2722558340535869 0.27125 0.21866897147796024 0.2775 0.19101123595505617 0.2825 0.14606741573033707 0.295 0.08902333621434745 0.29625 0.07260155574762317 0.303125 0.03889369057908384 0.303125 0.028522039757994815 0.31 0.000864304235090752
8 0.234375 0.57476231633535 0.238125 0.5738980121002593 0.245 0.5799481417458946 0.2525 0.5808124459809854 0.255 0.5877268798617113 0.256875 0.5851339671564391 0.255625 0.581676750216076 0.25875 0.5790838375108038 0.265 0.5782195332757131 0.26875 0.5834053586862575 0.27125 0.5799481417458946 0.27875 0.5773552290406223 0.289375 0.5894554883318929 0.3 0.5859982713915298 0.316875 0.6015557476231633 0.325625 0.6015557476231633 0.35125 0.6171132238547969 0.361875 0.6222990492653414 0.3775 0.6248919619706137 0.379375 0.6283491789109766 0.3825 0.6274848746758859 0.379375 0.6231633535004322 0.3825 0.6145203111495247 0.386875 0.6145203111495247 0.385 0.6197061365600691 0.3875 0.6300777873811582 0.396875 0.6361279170267934 0.40125 0.6490924805531547 0.404375 0.6508210890233362 0.4075 0.6447709593777009 0.414375 0.6430423509075195 0.41625 0.6456352636127917 0.41375 0.6456352636127917 0.41375 0.648228176318064 0.419375 0.6464995678478824 0.430625 0.6490924805531547 0.436875 0.6551426101987899 0.449375 0.6603284356093345 0.4525 0.6577355229040622 0.46 0.6577355229040622 0.4625 0.662057044079516 0.47375 0.6629213483146067 0.471875 0.6681071737251513 0.45625 0.6637856525496975 0.45375 0.6715643906655142 0.44625 0.675885911840968 0.414375 0.675885911840968 0.38375 0.6802074330164217 0.368125 0.6750216076058773 0.336875 0.6577355229040622 0.310625 0.6473638720829732 0.3075 0.6439066551426103 0.28625 0.6404494382022472 0.279375 0.6300777873811582 0.261875 0.6231633535004322 0.260625 0.6093344857389801 0.263125 0.6015557476231633 0.27 0.5980985306828004 0.264375 0.5963699222126189 0.266875 0.592048401037165 0.26625 0.5868625756266206 0.261875 0.5808124459809854 0.259375 0.5834053586862575 0.26 0.6032843560933449 0.250625 0.6050129645635264 0.244375 0.6024200518582541 0.236875 0.6058772687986171 0.23375 0.6015557476231633 0.235 0.5955056179775281 0.24125 0.5868625756266206 0.25125 0.5842696629213483 0.234375 0.5790838375108038 0.234375 0.5756266205704408
8 0.645625 0 0.70125 0 0.71 0.00950734658599827 0.723125 0.01728608470181504 0.751875 0.04235090751944685 0.783125 0.06395851339671564 0.78375 0.07087294727744166 0.78875 0.07519446845289542 0.7975 0.07433016421780467 0.804375 0.08383751080380294 0.859375 0.12273120138288678 0.865625 0.12878133102852204 0.86875 0.13569576490924806 0.863125 0.16421780466724287 0.8475 0.17458945548833188 0.83 0.15643906655142611 0.809375 0.14433880726015558 0.793125 0.12878133102852204 0.785 0.12618841832324978 0.755 0.09853068280034573 0.74625 0.09420916162489196 0.730625 0.08038029386343994 0.72375 0.07087294727744166 0.7175 0.045808124459809856 0.70875 0.04235090751944685 0.698125 0.05012964563526361 0.688125 0.04753673292999136 0.676875 0.03543647363872083 0.670625 0.01901469317199654 0.665 0.013828867761452032 0.64125 0.01901469317199654 0.64 0.012100259291270527 0.645625 0.000864304235090752
8 0.2075 0.10544511668107173 0.210625 0.1063094209161625 0.21875 0.10112359550561797 0.2425 0.09334485738980121 0.25125 0.08729472774416594 0.293125 0.07260155574762317 0.295625 0.07692307692307693 0.291875 0.10544511668107173 0.286875 0.11408815903197926 0.259375 0.12445980985306827 0.254375 0.12878133102852204 0.243125 0.13050993949870354 0.210625 0.14433880726015558 0.193125 0.14779602420051857 0.155625 0.16248919619706137 0.150625 0.1616248919619706 0.144375 0.1495246326707001 0.14375 0.13569576490924806 0.148125 0.12791702679343128 0.1775 0.11581676750216076 0.20375 0.10890233362143474 0.206875 0.10544511668107173
8 0.775625 0.5669835782195333 0.78 0.5704407951598963 0.786875 0.5704407951598963 0.780625 0.5799481417458946 0.7825 0.5903197925669835 0.78625 0.5911840968020743 0.78875 0.581676750216076 0.794375 0.5825410544511668 0.795 0.5851339671564391 0.790625 0.5877268798617113 0.790625 0.5955056179775281 0.79375 0.6015557476231633 0.790625 0.6050129645635264 0.796875 0.6093344857389801 0.79625 0.6197061365600691 0.8025 0.6231633535004322 0.81375 0.6240276577355229 0.820625 0.6214347450302506 0.825 0.6162489196197062 0.8275 0.6041486603284356 0.828125 0.5808124459809854 0.83125 0.5764909248055315 0.88625 0.5808124459809854 0.915 0.5790838375108038 0.92 0.5868625756266206 0.933125 0.5894554883318929 0.935625 0.5955056179775281 0.9325 0.6222990492653414 0.9325 0.641313742437338 0.92875 0.6499567847882455 0.92 0.6490924805531547 0.914375 0.6534140017286084 0.9075 0.6490924805531547 0.88875 0.6464995678478824 0.8725 0.6473638720829732 0.858125 0.6439066551426103 0.805625 0.641313742437338 0.80125 0.6395851339671564 0.8 0.6335350043215212 0.793125 0.6421780466724287 0.785625 0.6439066551426103 0.78125 0.6369922212618842 0.780625 0.6318063958513397 0.771875 0.6266205704407951 0.773125 0.6214347450302506 0.776875 0.6214347450302506 0.779375 0.6248919619706137 0.7825 0.6222990492653414 0.78625 0.6231633535004322 0.79 0.6153846153846154 0.7875 0.6093344857389801 0.790625 0.6024200518582541 0.78875 0.5963699222126189 0.784375 0.592048401037165 0.775625 0.5937770095073466 0.77375 0.5911840968020743 0.7775 0.5808124459809854 0.775625 0.567847882454624
8 0.07875 0.675885911840968 0.124375 0.7173725151253241 0.14 0.7346585998271391 0.15375 0.7441659464131374 0.1525 0.7476231633535004 0.154375 0.7510803802938635 0.154375 0.7649092480553155 0.1575 0.77009507346586 0.16875 0.7675021607605877 0.17625 0.7692307692307693 0.185625 0.783923941227312 0.19 0.7865168539325843 0.219375 0.8210890233362144 0.22 0.8262748487467588 0.216875 0.8288677614520311 0.213125 0.8236819360414867 0.210625 0.8271391529818496 0.205625 0.8280034572169404 0.195625 0.8150388936905791 0.1825 0.8072601555747623 0.17125 0.8236819360414867 0.165 0.8262748487467588 0.116875 0.7778738115816768 0.1125 0.77009507346586 0.106875 0.766637856525497 0.088125 0.7450302506482281 0.080625 0.7303370786516854 0.073125 0.7251512532411409 0.069375 0.7035436473638721 0.06875 0.6776145203111495 0.070625 0.6750216076058773 0.078125 0.675885911840968
8 0.634375 0.6992221261884183 0.643125 0.7061365600691444 0.665 0.7147796024200519 0.695625 0.7372515125324114 0.74625 0.7579948141745895 0.755625 0.766637856525497 0.77125 0.7726879861711322 0.82375 0.8063958513396715 0.83125 0.808124459809853 0.84875 0.8193604148660328 0.8625 0.8228176318063959 0.87 0.8159031979256698 0.880625 0.8003457216940363 0.88625 0.797752808988764 0.891875 0.7994814174589455 0.896875 0.8133102852203976 0.896875 0.8280034572169404 0.89375 0.8435609334485739 0.88875 0.8547968885047537 0.88 0.8651685393258427 0.87625 0.8643042350907519 0.873125 0.8565254969749352 0.868125 0.8547968885047537 0.856875 0.8703543647363872 0.849375 0.8729472774416595 0.830625 0.8694900605012964 0.80375 0.8530682800345721 0.8025 0.8452895419187554 0.80875 0.8409680207433017 0.814375 0.8280034572169404 0.80875 0.8210890233362144 0.805625 0.8219533275713051 0.803125 0.8271391529818496 0.79625 0.8271391529818496 0.7925 0.8210890233362144 0.7925 0.7994814174589455 0.79 0.7951598962834918 0.786875 0.7951598962834918 0.78125 0.8038029386343993 0.7825 0.8202247191011236 0.78125 0.8271391529818496 0.785625 0.8314606741573034 0.78 0.8392394122731202 0.730625 0.8271391529818496 0.718125 0.8271391529818496 0.708125 0.8219533275713051 0.68375 0.8184961106309421 0.675625 0.8133102852203976 0.67125 0.8150388936905791 0.668125 0.7986171132238548 0.654375 0.7917026793431288 0.6475 0.7847882454624028 0.625 0.7752808988764045 0.61 0.7631806395851339 0.605 0.7579948141745895 0.5975 0.7407087294727744 0.60625 0.7121866897147796 0.6225 0.7052722558340536 0.629375 0.6992221261884183 0.63375 0.6992221261884183
8 0.966875 0.47968885047536736 0.97125 0.4822817631806396 0.974375 0.48833189282627487 0.9775 0.4978392394122731 0.9775 0.5116681071737251 0.97375 0.5246326707000865 0.974375 0.5367329299913569 0.97125 0.5557476231633535 0.97125 0.5738980121002593 0.96625 0.5911840968020743 0.965625 0.6024200518582541 0.969375 0.6093344857389801 0.963125 0.6248919619706137 0.96125 0.6214347450302506 0.9575 0.6214347450302506 0.95375 0.6257562662057045 0.95375 0.6326707000864304 0.9575 0.6369922212618842 0.95625 0.6395851339671564 0.960625 0.6439066551426103 0.9625 0.6560069144338807 0.96 0.6707000864304236 0.96125 0.7113223854796888 0.95875 0.7182368193604148 0.95875 0.7277441659464131 0.955 0.7372515125324114 0.95625 0.7623163353500432 0.948125 0.8020743301642178 0.9425 0.8150388936905791 0.939375 0.8167675021607606 0.931875 0.8150388936905791 0.925625 0.8098530682800346 0.9225 0.8020743301642178 0.92625 0.7744165946413137 0.9275 0.7191011235955056 0.931875 0.6949006050129646 0.93125 0.6560069144338807 0.9325 0.6525496974935178 0.93625 0.6542783059636992 0.933125 0.6490924805531547 0.936875 0.6032843560933449 0.934375 0.557476231633535 0.935 0.5289541918755402 0.941875 0.5125324114088159 0.94125 0.4969749351771824 0.9375 0.49351771823681934 0.940625 0.49006050129645634 0.955 0.4891961970613656 0.966875 0.48055315471045806
8 0.86 0.5177182368193605 0.931875 0.526361279170268 0.933125 0.5782195332757131 0.929375 0.5825410544511668 0.923125 0.5790838375108038 0.91875 0.5488331892826275 0.915625 0.5445116681071738 0.909375 0.5462402765773552 0.908125 0.5566119273984442 0.903125 0.564390665514261 0.901875 0.57476231633535 0.896875 0.5790838375108038 0.83125 0.5764909248055315 0.828125 0.5496974935177182 0.83125 0.5220397579948142 0.8375 0.5185825410544511 0.859375 0.5177182368193605
8 0.06625 0.5894554883318929 0.070625 0.6006914433880726 0.07 0.6067415730337079 0.0775 0.6171132238547969 0.081875 0.6136560069144339 0.084375 0.6041486603284356 0.08875 0.6015557476231633 0.128125 0.6352636127917026 0.133125 0.6421780466724287 0.169375 0.6672428694900605 0.180625 0.6802074330164217 0.176875 0.6957649092480553 0.17 0.7044079515989629 0.16375 0.7199654278305964 0.16125 0.7346585998271391 0.1575 0.742437337942956 0.154375 0.7441659464131374 0.145625 0.7381158167675022 0.130625 0.7191011235955056 0.108125 0.6992221261884183 0.105625 0.6923076923076923 0.100625 0.6888504753673294 0.099375 0.6836646499567848 0.090625 0.6836646499567848 0.083125 0.6793431287813311 0.07 0.6611927398444253 0.064375 0.6197061365600691 0.065625 0.6101987899740708 0.063125 0.6041486603284356 0.0625 0.5911840968020743 0.06375 0.5877268798617113 0.065625 0.5894554883318929
8 0.2375 0.5462402765773552 0.240625 0.5496974935177182 0.248125 0.5488331892826275 0.255 0.5531547104580813 0.25625 0.557476231633535 0.261875 0.5600691443388073 0.265625 0.5652549697493517 0.269375 0.5773552290406223 0.279375 0.5764909248055315 0.289375 0.5877268798617113 0.3 0.5842696629213483 0.31375 0.5972342264477096 0.33125 0.6041486603284356 0.365625 0.6257562662057045 0.37625 0.6257562662057045 0.385 0.6309420916162489 0.385 0.6231633535004322 0.386875 0.6222990492653414 0.391875 0.6335350043215212 0.39625 0.6369922212618842 0.3975 0.6473638720829732 0.40125 0.6508210890233362 0.40125 0.6551426101987899 0.404375 0.6560069144338807 0.409375 0.6490924805531547 0.419375 0.6508210890233362 0.42125 0.6551426101987899 0.42375 0.6508210890233362 0.428125 0.6508210890233362 0.45 0.6629213483146067 0.45375 0.6672428694900605 0.45375 0.6715643906655142 0.446875 0.6767502160760588 0.414375 0.6741573033707865 0.405 0.6802074330164217 0.383125 0.6802074330164217 0.3025 0.6421780466724287 0.2925 0.6430423509075195 0.285 0.6404494382022472 0.273125 0.6283491789109766 0.263125 0.6266205704407951 0.25875 0.6197061365600691 0.245625 0.6231633535004322 0.2375 0.6214347450302506 0.23 0.6162489196197062 0.224375 0.6084701815038893 0.229375 0.5989628349178912 0.23 0.5911840968020743 0.23875 0.5842696629213483 0.2375 0.5808124459809854 0.234375 0.5825410544511668 0.228125 0.5773552290406223 0.23 0.5713050993949871 0.22625 0.5687121866897148 0.226875 0.5600691443388073 0.23 0.5522904062229905 0.236875 0.547104580812446
8 0.515625 0.3941227312013829 0.520625 0.40276577355229043 0.52625 0.4243733794295592 0.528125 0.439066551426102 0.525625 0.442523768366465 0.53375 0.449438202247191 0.540625 0.4701815038893691 0.5375 0.4736387208297321 0.498125 0.4762316335350043 0.49125 0.47536732929991354 0.4875 0.47191011235955055 0.47625 0.44165946413137425 0.470625 0.4209161624891962 0.470625 0.4140017286084702 0.47625 0.4070872947277442 0.486875 0.40363007778738114 0.495625 0.4044943820224719 0.515 0.3941227312013829
8 0.801875 0.4693171996542783 0.80875 0.4710458081244598 0.85 0.4675885911840968 0.969375 0.4511668107173725 0.99 0.45030250648228176 0.994375 0.452895419187554 0.99125 0.46672428694900603 0.984375 0.48055315471045806 0.98 0.4874675885911841 0.97625 0.4891961970613656 0.963125 0.4891961970613656 0.946875 0.49524632670700086 0.8875 0.5030250648228176 0.87875 0.5064822817631807 0.830625 0.5142610198789974 0.82875 0.5185825410544511 0.8275 0.5375972342264477 0.826875 0.554019014693172 0.82875 0.5695764909248056 0.82625 0.581676750216076 0.825 0.6136560069144339 0.820625 0.6205704407951599 0.810625 0.6231633535004322 0.80375 0.6188418323249784 0.8025 0.6006914433880726 0.79875 0.5868625756266206 0.79875 0.526361279170268 0.78625 0.5246326707000865 0.779375 0.5185825410544511 0.765625 0.5194468452895419 0.761875 0.5125324114088159 0.759375 0.4978392394122731 0.761875 0.4840103716508211 0.765 0.48055315471045806 0.779375 0.47536732929991354 0.78625 0.46845289541918755 0.80125 0.4693171996542783
8 0.74875 0.3560933448573898 0.77875 0.35868625756266204 0.831875 0.3543647363872083 0.845625 0.35782195332757133 0.85625 0.36992221261884184 0.85625 0.3742437337942956 0.8525 0.3794295592048401 0.855 0.39066551426101986 0.83 0.40535868625756266 0.806875 0.4010371650821089 0.7925 0.3941227312013829 0.768125 0.3889369057908384 0.765625 0.3863439930855661 0.760625 0.38720829732065687 0.75125 0.3941227312013829 0.744375 0.3941227312013829 0.741875 0.38461538461538464 0.7375 0.37856525496974935 0.7 0.36387208297320656 0.6975 0.35782195332757133 0.748125 0.3560933448573898
8 0.595 0.2929991356957649 0.605625 0.2929991356957649 0.610625 0.30077787381158166 0.615625 0.324114088159032 0.614375 0.3327571305099395 0.61625 0.3362143474503025 0.67625 0.3560933448573898 0.734375 0.3802938634399309 0.741875 0.38720829732065687 0.7475 0.3993085566119274 0.751875 0.3941227312013829 0.763125 0.3898012100259291 0.824375 0.4070872947277442 0.8325 0.4226447709593777 0.84 0.45635263612791704 0.838125 0.46326707000864303 0.82125 0.4675885911840968 0.785 0.46499567847882456 0.774375 0.4710458081244598 0.7625 0.4701815038893691 0.755 0.4658599827139153 0.745 0.4546240276577355 0.73875 0.452895419187554 0.720625 0.4546240276577355 0.688125 0.452895419187554 0.671875 0.44511668107173724 0.668125 0.4407951598962835 0.65375 0.4399308556611927 0.631875 0.4338807260155575 0.61875 0.4347450302506482 0.610625 0.43215211754537597 0.610625 0.4278305963699222 0.59875 0.428694900605013 0.5925 0.4243733794295592 0.58 0.42955920484010374 0.556875 0.4520311149524633 0.55 0.4511668107173725 0.54625 0.445980985306828 0.5425 0.428694900605013 0.5425 0.4010371650821089 0.545 0.3958513396715644 0.54375 0.3923941227312014 0.515625 0.3828867761452031 0.503125 0.39844425237683667 0.49375 0.3993085566119274 0.489375 0.39671564390665515 0.48625 0.3811581676750216 0.48625 0.3526361279170268 0.49375 0.317199654278306 0.50375 0.30337078651685395 0.511875 0.3016421780466724 0.51625 0.30682800345721695 0.52125 0.324114088159032 0.525625 0.32843560933448573 0.5375 0.33016421780466726 0.553125 0.33707865168539325 0.568125 0.3362143474503025 0.57375 0.32497839239412274 0.58 0.320656871218669 0.579375 0.3163353500432152 0.58625 0.31201382886776147 0.58625 0.30682800345721695 0.595 0.2938634399308557
8 0.83625 0.6456352636127917 0.868125 0.6499567847882455 0.873125 0.6568712186689715 0.87 0.6715643906655142 0.845625 0.6966292134831461 0.808125 0.6888504753673294 0.80125 0.682800345721694 0.80125 0.675885911840968 0.80875 0.665514261019879 0.81375 0.6637856525496975 0.8175 0.665514261019879 0.819375 0.6568712186689715 0.823125 0.6508210890233362 0.82875 0.6464995678478824 0.835625 0.6456352636127917
8 0.1925 0.19706136560069146 0.20375 0.20570440795159897 0.211875 0.21866897147796024 0.224375 0.23076923076923078 0.240625 0.25237683664649957 0.2575 0.26707000864304237 0.264375 0.2783059636992221 0.29375 0.30855661192739847 0.323125 0.3474503025064823 0.341875 0.3595505617977528 0.359375 0.3811581676750216 0.36125 0.3863439930855661 0.359375 0.3915298184961106 0.333125 0.40535868625756266 0.324375 0.4044943820224719 0.304375 0.37337942955920483 0.285 0.3543647363872083 0.25625 0.3163353500432152 0.214375 0.27052722558340536 0.209375 0.26188418323249785 0.19375 0.24891961970613655 0.17625 0.22039757994814174 0.1775 0.20916162489196197 0.185625 0.19878997407087295 0.191875 0.19706136560069146
8 0.419375 0.7329299913569577 0.423125 0.7337942955920485 0.433125 0.749351771823682 0.464375 0.783923941227312 0.459375 0.8003457216940363 0.45625 0.8038029386343993 0.43375 0.8107173725151253 0.428125 0.8098530682800346 0.400625 0.7891097666378565 0.38875 0.7761452031114953 0.376875 0.7718236819360415 0.348125 0.7476231633535004 0.34875 0.7441659464131374 0.358125 0.7372515125324114 0.368125 0.742437337942956 0.37625 0.742437337942956 0.395625 0.7337942955920485 0.41875 0.7329299913569577
8 0.81875 0.17458945548833188 0.835 0.17545375972342264 0.859375 0.18668971477960242 0.88375 0.19101123595505617 0.893125 0.20397579948141745 0.9275 0.226447709593777 0.924375 0.23768366464995677 0.91125 0.2445980985306828 0.851875 0.24200518582541056 0.83875 0.2394122731201383 0.821875 0.23163353500432152 0.80375 0.23595505617977527 0.783125 0.23249783923941228 0.765 0.24027657735522903 0.75375 0.23509075194468454 0.75 0.2247191011235955 0.75625 0.21694036300777875 0.761875 0.19706136560069146 0.77125 0.19360414866032843 0.779375 0.19878997407087295 0.7825 0.19533275713050993 0.785625 0.1815038893690579 0.78875 0.17891097666378566 0.808125 0.17891097666378566 0.818125 0.17458945548833188
8 0.8975 0.337942955920484 0.906875 0.34053586862575624 0.94 0.341400172860847 0.94125 0.34485738980121 0.94 0.37856525496974935 0.93625 0.4062229904926534 0.935625 0.4079515989628349 0.928125 0.4062229904926534 0.923125 0.4096802074330164 0.88625 0.41227312013828865 0.878125 0.41659464131374246 0.85625 0.4157303370786517 0.84 0.3993085566119274 0.83125 0.40363007778738114 0.824375 0.40363007778738114 0.76625 0.38547968885047534 0.746875 0.3923941227312014 0.744375 0.3915298184961106 0.74 0.37856525496974935 0.699375 0.3621434745030251 0.699375 0.35868625756266204 0.748125 0.35695764909248057 0.765 0.3612791702679343 0.80875 0.35782195332757133 0.8175 0.3543647363872083 0.835625 0.3560933448573898 0.84125 0.35522904062229904 0.851875 0.3388072601555748 0.855 0.33707865168539325 0.896875 0.337942955920484
8 0.335 0.5669835782195333 0.34125 0.5704407951598963 0.345 0.567847882454624 0.363125 0.5773552290406223 0.366875 0.5911840968020743 0.3725 0.5963699222126189 0.379375 0.5885911840968021 0.395625 0.5877268798617113 0.401875 0.581676750216076 0.40625 0.5808124459809854 0.419375 0.5903197925669835 0.42 0.5955056179775281 0.424375 0.5980985306828004 0.423125 0.6015557476231633 0.424375 0.6058772687986171 0.4225 0.6076058772687987 0.42375 0.6136560069144339 0.42625 0.6127917026793431 0.425625 0.5980985306828004 0.43 0.5972342264477096 0.448125 0.6041486603284356 0.46375 0.6050129645635264 0.476875 0.6101987899740708 0.499375 0.6136560069144339 0.50625 0.6179775280898876 0.5475 0.6274848746758859 0.55375 0.6309420916162489 0.56125 0.6292134831460674 0.5675 0.6335350043215212 0.57125 0.6292134831460674 0.5775 0.634399308556612 0.61375 0.641313742437338 0.619375 0.6447709593777009 0.621875 0.6508210890233362 0.61375 0.6542783059636992 0.56125 0.658599827139153 0.553125 0.6542783059636992 0.545625 0.6611927398444253 0.52375 0.662057044079516 0.488125 0.668971477960242 0.44875 0.668971477960242 0.4425 0.662057044079516 0.43875 0.6646499567847882 0.44125 0.6672428694900605 0.44 0.672428694900605 0.42625 0.6741573033707865 0.42 0.6707000864304236 0.42125 0.665514261019879 0.425625 0.6646499567847882 0.425 0.662057044079516 0.415 0.6629213483146067 0.41125 0.6681071737251513 0.40875 0.6629213483146067 0.404375 0.662057044079516 0.40375 0.6577355229040622 0.4 0.6551426101987899 0.395 0.6611927398444253 0.39 0.6629213483146067 0.38875 0.6464995678478824 0.39375 0.6361279170267934 0.39875 0.6421780466724287 0.400625 0.6525496974935178 0.405 0.6508210890233362 0.4025 0.6456352636127917 0.405625 0.6361279170267934 0.401875 0.6326707000864304 0.400625 0.6257562662057045 0.4 0.6318063958513397 0.3975 0.634399308556612 0.394375 0.6309420916162489 0.39 0.6335350043215212 0.390625 0.6292134831460674 0.37875 0.6318063958513397 0.363125 0.6214347450302506 0.351875 0.6179775280898876 0.325 0.5989628349178912 0.323125 0.5955056179775281 0.324375 0.581676750216076 0.3275 0.5730337078651685 0.334375 0.567847882454624
8 0.551875 0.12878133102852204 0.559375 0.14779602420051857 0.559375 0.15557476231633535 0.556875 0.16076058772687987 0.52125 0.18928262748487468 0.509375 0.20397579948141745 0.485625 0.22385479688850476 0.443125 0.2566983578219533 0.435 0.2601555747623163 0.43 0.26879861711322384 0.414375 0.28262748487467587 0.404375 0.2964563526361279 0.386875 0.3094209161624892 0.383125 0.32152117545375974 0.369375 0.320656871218669 0.35875 0.3353500432152118 0.3525 0.337942955920484 0.3475 0.3353500432152118 0.338125 0.32152117545375974 0.338125 0.30337078651685395 0.341875 0.2964563526361279 0.35125 0.29213483146067415 0.36 0.27744165946413135 0.38375 0.2549697493517718 0.403125 0.24632670700086431 0.413125 0.23854796888504753 0.42125 0.22904062229904926 0.4475 0.21002592912705273 0.466875 0.19014693171996544 0.48125 0.18063958513396716 0.484375 0.17545375972342264 0.4875 0.17545375972342264 0.49 0.17026793431287812 0.496875 0.1676750216076059 0.53875 0.12964563526361278 0.54625 0.12618841832324978 0.55125 0.12878133102852204
8 0.6975 0.6646499567847882 0.7075 0.668971477960242 0.72 0.6974935177182369 0.7375 0.7018150388936906 0.753125 0.7009507346585998 0.775625 0.6802074330164217 0.806875 0.6879861711322386 0.8175 0.6862575626620571 0.82625 0.6940363007778738 0.843125 0.6966292134831461 0.854375 0.7035436473638721 0.87125 0.7052722558340536 0.886875 0.7130509939498704 0.89625 0.7121866897147796 0.921875 0.7216940363007779 0.925625 0.7268798617113224 0.92625 0.7398444252376837 0.92375 0.7787381158167676 0.9225 0.7830596369922213 0.91875 0.7856525496974935 0.910625 0.7856525496974935 0.870625 0.773552290406223 0.846875 0.77009507346586 0.79 0.7510803802938635 0.75125 0.7441659464131374 0.699375 0.7268798617113224 0.686875 0.7165082108902333 0.688125 0.7026793431287813 0.69125 0.693171996542783 0.691875 0.6681071737251513 0.696875 0.6646499567847882
8 0.481875 0.7856525496974935 0.504375 0.7925669835782195 0.5375 0.7960242005185826 0.55375 0.8038029386343993 0.579375 0.8029386343993086 0.595 0.8115816767502161 0.6125 0.8089887640449438 0.62625 0.8133102852203976 0.660625 0.8167675021607606 0.69375 0.8262748487467588 0.71 0.8254105445116681 0.723125 0.8314606741573034 0.7275 0.8297320656871219 0.753125 0.8375108038029386 0.771875 0.8401037165082109 0.77875 0.8435609334485739 0.7825 0.8496110630942092 0.785625 0.8383751080380294 0.785 0.8314606741573034 0.7875 0.8280034572169404 0.785 0.8245462402765773 0.78625 0.8219533275713051 0.7975 0.8271391529818496 0.805 0.8254105445116681 0.805625 0.8314606741573034 0.81 0.8349178910976663 0.803125 0.8426966292134831 0.8 0.8366464995678479 0.798125 0.8392394122731202 0.80125 0.8478824546240277 0.795625 0.8556611927398444 0.795625 0.8599827139152982 0.7975 0.8634399308556612 0.806875 0.8686257562662058 0.820625 0.8738115816767502 0.854375 0.8772687986171133 0.86 0.8729472774416595 0.86125 0.8634399308556612 0.864375 0.8582541054451167 0.869375 0.8565254969749352 0.87375 0.8625756266205704 0.876875 0.874675885911841 0.875 0.9178910976663786 0.845625 0.9213483146067416 0.75875 0.9204840103716508 0.741875 0.9178910976663786 0.695625 0.9196197061365601 0.6825 0.9170267934312878 0.64375 0.9187554019014693 0.5975 0.9118409680207433 0.591875 0.9066551426101987 0.58125 0.9075194468452895 0.578125 0.9040622299049266 0.58 0.9006050129645635 0.579375 0.8954191875540191 0.57125 0.8841832324978393 0.556875 0.8833189282627485 0.55 0.8764044943820225 0.486875 0.8461538461538461 0.463125 0.8305963699222126 0.461875 0.8271391529818496 0.463125 0.8055315471045809 0.47125 0.7899740708729472 0.48125 0.7856525496974935
8 0.62 0.6551426101987899 0.625 0.658599827139153 0.62875 0.6715643906655142 0.629375 0.6862575626620571 0.62625 0.6966292134831461 0.616875 0.7026793431287813 0.59625 0.7052722558340536 0.5925 0.7078651685393258 0.54375 0.7130509939498704 0.540625 0.7165082108902333 0.541875 0.7234226447709594 0.53625 0.7484874675885912 0.529375 0.7484874675885912 0.529375 0.7458945548833189 0.53375 0.7458945548833189 0.5325 0.742437337942956 0.529375 0.7441659464131374 0.528125 0.7415730337078652 0.529375 0.7303370786516854 0.53375 0.7303370786516854 0.53375 0.7199654278305964 0.526875 0.7147796024200519 0.393125 0.7320656871218669 0.37375 0.7407087294727744 0.36625 0.7398444252376837 0.358125 0.7346585998271391 0.346875 0.7415730337078652 0.32625 0.7268798617113224 0.325 0.7113223854796888 0.328125 0.7018150388936906 0.335 0.6974935177182369 0.341875 0.6879861711322386 0.35625 0.68971477960242 0.365625 0.6802074330164217 0.3725 0.6836646499567848 0.39125 0.682800345721694 0.445 0.6767502160760588 0.465 0.6715643906655142 0.546875 0.6646499567847882 0.619375 0.6551426101987899
8 0.74375 0.4589455488331893 0.7525 0.46845289541918755 0.755625 0.4874675885911841 0.7525 0.5341400172860847 0.748125 0.543647363872083 0.74125 0.5488331892826275 0.6875 0.554019014693172 0.655 0.5617977528089888 0.63375 0.5617977528089888 0.628125 0.5652549697493517 0.61625 0.5661192739844425 0.61 0.5704407951598963 0.605 0.5704407951598963 0.601875 0.5669835782195333 0.599375 0.5695764909248056 0.590625 0.5687121866897148 0.583125 0.5721694036300777 0.549375 0.5730337078651685 0.54 0.5773552290406223 0.4825 0.5808124459809854 0.468125 0.5859982713915298 0.463125 0.5963699222126189 0.456875 0.5998271391529818 0.4475 0.5989628349178912 0.441875 0.5946413137424373 0.43875 0.5825410544511668 0.438125 0.5635263612791702 0.4325 0.5592048401037165 0.396875 0.5617977528089888 0.38375 0.5652549697493517 0.37875 0.5721694036300777 0.375 0.5903197925669835 0.370625 0.5911840968020743 0.365625 0.5756266205704408 0.3625 0.5427830596369922 0.3625 0.4943820224719101 0.36625 0.4891961970613656 0.37125 0.4909248055315471 0.37625 0.5082108902333622 0.380625 0.5133967156439067 0.4075 0.5125324114088159 0.43625 0.5056179775280899 0.440625 0.4961106309420916 0.4425 0.4814174589455488 0.445625 0.4736387208297321 0.450625 0.46672428694900603 0.45875 0.46326707000864303 0.464375 0.46499567847882456 0.46875 0.47796024200518583 0.475 0.4822817631806396 0.510625 0.47796024200518583 0.535 0.47796024200518583 0.549375 0.4736387208297321 0.59625 0.4727744165946413 0.613125 0.4675885911840968 0.644375 0.46672428694900603 0.68 0.46153846153846156 0.743125 0.4589455488331893
8 0.403125 0 0.424375 0 0.435625 0.006050129645635264 0.4375 0.016421780466724288 0.458125 0.07346585998271392 0.47875 0.12705272255834055 0.4875 0.14347450302506481 0.48875 0.1581676750216076 0.493125 0.1694036300777874 0.48875 0.1797752808988764 0.4825 0.18236819360414866 0.473125 0.1944684528954192 0.4625 0.1996542783059637 0.465625 0.18928262748487468 0.460625 0.16681071737251513 0.4525 0.15384615384615385 0.44625 0.12359550561797752 0.44 0.10803802938634399 0.430625 0.09420916162489196 0.426875 0.07346585998271392 0.4025 0.005185825410544511 0.403125 0.000864304235090752
8 0.71 0.04407951598962835 0.716875 0.05012964563526361 0.721875 0.07000864304235091 0.720625 0.1097666378565255 0.7175 0.12186689714779603 0.71 0.12964563526361278 0.705625 0.12878133102852204 0.699375 0.12013828867761452 0.693125 0.11754537597234227 0.670625 0.11840968020743302 0.66375 0.12186689714779603 0.6625 0.12618841832324978 0.65375 0.13050993949870354 0.65 0.13050993949870354 0.64625 0.12359550561797752 0.64125 0.12186689714779603 0.591875 0.12618841832324978 0.57 0.12618841832324978 0.5675 0.12359550561797752 0.56375 0.12705272255834055 0.545625 0.12273120138288678 0.536875 0.12618841832324978 0.4875 0.12791702679343128 0.480625 0.12532411408815902 0.47625 0.11668107173725151 0.465 0.08729472774416594 0.464375 0.07865168539325842 0.46625 0.07605877268798616 0.50125 0.0682800345721694 0.525625 0.06482281763180639 0.538125 0.06568712186689715 0.543125 0.06222990492653414 0.595 0.06136560069144339 0.6125 0.06914433880726016 0.619375 0.06222990492653414 0.64625 0.058772687986171135 0.65375 0.05445116681071737 0.65875 0.058772687986171135 0.695625 0.058772687986171135 0.705625 0.045808124459809856 0.709375 0.0449438202247191
8 0.11125 0.777009507346586 0.114375 0.7796024200518582 0.1125 0.790838375108038 0.11875 0.8003457216940363 0.129375 0.8063958513396715 0.134375 0.8141745894554884 0.156875 0.8271391529818496 0.16375 0.8305963699222126 0.168125 0.8297320656871219 0.1775 0.8124459809853068 0.183125 0.808124459809853 0.1975 0.8167675021607606 0.2025 0.8288677614520311 0.210625 0.8323249783923942 0.21625 0.8444252376836646 0.21375 0.8452895419187554 0.21 0.8547968885047537 0.205 0.8591184096802075 0.20625 0.8910976663785652 0.21 0.8893690579083837 0.21 0.8833189282627485 0.215625 0.8867761452031115 0.215625 0.8910976663785652 0.225 0.8893690579083837 0.22625 0.8789974070872947 0.230625 0.8764044943820225 0.22625 0.8729472774416595 0.23125 0.8660328435609335 0.226875 0.8625756266205704 0.215 0.8625756266205704 0.215 0.8591184096802075 0.221875 0.8522039757994814 0.229375 0.8530682800345721 0.230625 0.8478824546240277 0.235625 0.8522039757994814 0.243125 0.8660328435609335 0.261875 0.8720829732065687 0.325625 0.9144338807260155 0.328125 0.9178910976663786 0.32625 0.9187554019014693 0.31125 0.9204840103716508 0.1475 0.9187554019014693 0.149375 0.8928262748487468 0.14375 0.8876404494382022 0.12875 0.8798617113223854 0.12 0.8703543647363872 0.10625 0.8634399308556612 0.094375 0.8599827139152982 0.080625 0.8660328435609335 0.0775 0.8608470181503889 0.076875 0.8452895419187554 0.091875 0.7986171132238548 0.101875 0.7796024200518582 0.110625 0.777009507346586
8 0.715625 0.1331028522039758 0.71125 0.14001728608470182 0.716875 0.14174589455488332 0.720625 0.1512532411408816 0.725625 0.15038893690579083 0.7375 0.1547104580812446 0.74125 0.1512532411408816 0.763125 0.14606741573033707 0.770625 0.14693171996542784 0.77625 0.14347450302506481 0.780625 0.15730337078651685 0.78 0.18323249783923942 0.7775 0.18582541054451165 0.749375 0.18323249783923942 0.7275 0.18928262748487468 0.72625 0.2031114952463267 0.721875 0.20916162489196197 0.7275 0.212618841832325 0.7275 0.22385479688850476 0.72375 0.22990492653414002 0.720625 0.22039757994814174 0.721875 0.21175453759723423 0.71875 0.20570440795159897 0.71375 0.2031114952463267 0.660625 0.21089023336214346 0.65625 0.2065687121866897 0.648125 0.18928262748487468 0.640625 0.1815038893690579 0.6225 0.18409680207433016 0.613125 0.19014693171996544 0.603125 0.19273984442523767 0.5975 0.19878997407087295 0.59375 0.19878997407087295 0.58875 0.19533275713050993 0.5825 0.18409680207433016 0.561875 0.17286084701815038 0.56 0.1694036300777874 0.56125 0.16421780466724287 0.57375 0.1598962834917891 0.59875 0.1598962834917891 0.623125 0.15384615384615385 0.643125 0.15211754537597233 0.651875 0.15643906655142611 0.65625 0.1633535004321521 0.664375 0.16681071737251513 0.669375 0.1616248919619706 0.67 0.15211754537597233 0.674375 0.14520311149524634 0.706875 0.14001728608470182 0.715 0.1331028522039758
8 0.46375 0.3681936041486603 0.47375 0.37856525496974935 0.47 0.3941227312013829 0.46625 0.40017286084701814 0.453125 0.4105445116681072 0.4475 0.4079515989628349 0.439375 0.41227312013828865 0.435625 0.428694900605013 0.43 0.43560933448573896 0.411875 0.445980985306828 0.3875 0.45375972342264476 0.3825 0.45980985306828004 0.37 0.46672428694900603 0.33875 0.47796024200518583 0.32125 0.49178910976663787 0.30375 0.4961106309420916 0.28625 0.5090751944684528 0.26875 0.5168539325842697 0.265 0.5211754537597234 0.249375 0.5229040622299049 0.228125 0.5393258426966292 0.213125 0.5427830596369922 0.171875 0.5600691443388073 0.168125 0.5661192739844425 0.161875 0.567847882454624 0.153125 0.5790838375108038 0.148125 0.5782195332757131 0.143125 0.5661192739844425 0.115 0.57476231633535 0.083125 0.5937770095073466 0.08125 0.6058772687986171 0.074375 0.6050129645635264 0.073125 0.5946413137424373 0.065625 0.5808124459809854 0.061875 0.5617977528089888 0.06375 0.547104580812446 0.0775 0.5298184961106309 0.086875 0.5358686257562663 0.0975 0.5358686257562663 0.1125 0.526361279170268 0.129375 0.5229040622299049 0.13 0.5133967156439067 0.12625 0.4978392394122731 0.126875 0.48833189282627487 0.129375 0.48833189282627487 0.13625 0.49870354364736386 0.140625 0.4995678478824546 0.20625 0.4658599827139153 0.230625 0.45721694036300775 0.264375 0.43820224719101125 0.289375 0.43042350907519444 0.310625 0.41659464131374246 0.33 0.4070872947277442 0.3375 0.4062229904926534 0.40625 0.37251512532411407 0.42125 0.37251512532411407 0.430625 0.3828867761452031 0.4425 0.3811581676750216 0.445625 0.37510803802938636 0.45625 0.38202247191011235 0.459375 0.37337942955920483 0.44875 0.36992221261884184 0.4575 0.3690579083837511 0.459375 0.37337942955920483 0.460625 0.3690579083837511 0.463125 0.3681936041486603
8 0.443125 0.005185825410544511 0.473125 0.014693171996542784 0.499375 0.02679343128781331 0.5125 0.029386343993085567 0.51875 0.033707865168539325 0.539375 0.03889369057908384 0.541875 0.046672428694900604 0.541875 0.055315471045808126 0.539375 0.06136560069144339 0.503125 0.06568712186689715 0.4875 0.06222990492653414 0.450625 0.04235090751944685 0.4425 0.028522039757994815 0.438125 0.015557476231633534 0.438125 0.011235955056179775 0.4425 0.005185825410544511