8 0.689873417721519 0.3827392120075047 0.6930379746835443 0.3883677298311445 0.6930379746835443 0.3977485928705441 0.6951476793248945 0.399624765478424 0.6962025316455697 0.4071294559099437 0.6951476793248945 0.41088180112570355 0.6993670886075949 0.42401500938086306 0.6972573839662447 0.43151969981238275 0.6909282700421941 0.43902439024390244 0.6824894514767933 0.44090056285178236 0.680379746835443 0.44840525328330205 0.6708860759493671 0.4540337711069418 0.6687763713080169 0.4596622889305816 0.6592827004219409 0.46716697936210133 0.6550632911392406 0.47654784240150094 0.6508438818565401 0.47842401500938087 0.6466244725738397 0.4878048780487805 0.6434599156118144 0.4896810506566604 0.6392405063291139 0.4896810506566604 0.6360759493670886 0.48592870544090055 0.6339662447257384 0.47842401500938087 0.6350210970464135 0.4727954971857411 0.6329113924050633 0.46904315196998125 0.6371308016877637 0.46153846153846156 0.629746835443038 0.4521575984990619 0.6170886075949367 0.45778611632270166 0.6086497890295358 0.45778611632270166 0.6033755274261603 0.4521575984990619 0.5917721518987342 0.4521575984990619 0.5864978902953587 0.44840525328330205 0.5854430379746836 0.4446529080675422 0.5928270042194093 0.44090056285178236 0.5938818565400844 0.43902439024390244 0.5917721518987342 0.4333958724202627 0.609704641350211 0.4333958724202627 0.6118143459915611 0.425891181988743 0.6213080168776371 0.425891181988743 0.6318565400843882 0.4146341463414634 0.6540084388185654 0.4052532833020638 0.6624472573839663 0.3977485928705441 0.6666666666666666 0.3902439024390244 0.6677215189873418 0.3808630393996248 0.6845991561181435 0.3789868667917448 0.6888185654008439 0.3827392120075047
8 0.13291139240506328 0.20075046904315197 0.14029535864978904 0.19887429643527205 0.14662447257383968 0.2026266416510319 0.14767932489451477 0.22326454033771106 0.14240506329113925 0.23827392120075047 0.13818565400843882 0.24390243902439024 0.13818565400843882 0.25140712945590993 0.14240506329113925 0.2607879924953096 0.14240506329113925 0.26641651031894936 0.13924050632911392 0.2701688555347092 0.1308016877637131 0.27204502814258913 0.12236286919831224 0.2851782363977486 0.12447257383966245 0.28893058161350843 0.12025316455696203 0.2926829268292683 0.12341772151898735 0.2964352720450281 0.12763713080168776 0.2945590994371482 0.12974683544303797 0.29831144465290804 0.11708860759493671 0.30206378986866794 0.11814345991561181 0.3076923076923077 0.12236286919831224 0.30956848030018763 0.11919831223628692 0.3133208255159475 0.1149789029535865 0.3076923076923077 0.11392405063291139 0.30206378986866794 0.09915611814345991 0.30393996247654786 0.0580168776371308 0.33583489681050654 0.05063291139240506 0.34896810506566606 0.03164556962025317 0.36585365853658536 0 0.3714821763602251 0 0.2945590994371482 0.028481012658227847 0.2776735459662289 0.06329113924050633 0.24577861163227016 0.06645569620253164 0.24577861163227016 0.06962025316455696 0.2401500938086304 0.07805907172995781 0.23827392120075047 0.08122362869198312 0.2326454033771107 0.10654008438818566 0.22889305816135083 0.13291139240506328 0.2026266416510319
8 0.9377637130801688 0 0.9736286919831224 0 0.9767932489451476 0.005628517823639775 0.9789029535864979 0.0225140712945591 0.9841772151898734 0.039399624765478425 0.9957805907172996 0.11632270168855535 0.9989451476793249 0.12382739212007504 0.9989451476793249 0.17448405253283303 0.9968354430379747 0.17636022514071295 0.9968354430379747 0.1801125703564728 0.9989451476793249 0.18198874296435272 0.9989451476793249 0.3545966228893058 0.9947257383966245 0.350844277673546 0.9936708860759493 0.3339587242026266 0.9820675105485233 0.275797373358349 0.9820675105485233 0.2626641651031895 0.9757383966244726 0.22138836772983114 0.9725738396624473 0.21200750469043153 0.9715189873417721 0.1951219512195122 0.9683544303797469 0.1894934333958724 0.9651898734177216 0.1651031894934334 0.9578059071729957 0.14446529080675422 0.9578059071729957 0.12382739212007504 0.9546413502109705 0.10131332082551595 0.95042194092827 0.08818011257035648 0.9419831223628692 0.0825515947467167 0.9367088607594937 0.06941838649155722 0.9377637130801688 0.054409005628517824 0.9356540084388185 0.03189493433395872 0.9377637130801688 0.001876172607879925
8 0.709915611814346 0.2851782363977486 0.7183544303797469 0.3076923076923077 0.7215189873417721 0.324577861163227 0.7246835443037974 0.3696060037523452 0.7310126582278481 0.39587242026266417 0.729957805907173 0.399624765478424 0.7331223628691983 0.41088180112570355 0.7341772151898734 0.425891181988743 0.7415611814345991 0.46153846153846156 0.7447257383966245 0.46904315196998125 0.7457805907172996 0.4821763602251407 0.7510548523206751 0.4971857410881801 0.7521097046413502 0.5121951219512195 0.7457805907172996 0.5215759849906192 0.7489451476793249 0.551594746716698 0.7531645569620253 0.5590994371482176 0.7658227848101266 0.5666041275797373 0.7721518987341772 0.5816135084427767 0.7795358649789029 0.5891181988742964 0.7816455696202531 0.6078799249530957 0.7805907172995781 0.6285178236397748 0.7858649789029536 0.6472795497185742 0.7869198312236287 0.7129455909943715 0.7943037974683544 0.7373358348968105 0.7985232067510548 0.7692307692307693 0.8037974683544303 0.7823639774859287 0.8037974683544303 0.7917448405253283 0.8090717299578059 0.8142589118198874 0.8132911392405063 0.8536585365853658 0.8175105485232067 0.8667917448405253 0.8175105485232067 0.8705440900562852 0.8111814345991561 0.8799249530956847 0.8164556962025317 0.8949343339587242 0.8154008438818565 0.9174484052532833 0.8270042194092827 0.9512195121951219 0.8280590717299579 0.9643527204502814 0.8312236286919831 0.975609756097561 0.8312236286919831 0.9943714821763602 0.8059071729957806 0.9943714821763602 0.79957805907173 0.99812382739212 0.7626582278481012 0.9924953095684803 0.7584388185654009 0.9868667917448405 0.759493670886076 0.9831144465290806 0.7531645569620253 0.975609756097561 0.7542194092827004 0.9681050656660413 0.7510548523206751 0.949343339587242 0.7531645569620253 0.9362101313320825 0.7489451476793249 0.9155722326454033 0.7478902953586498 0.8855534709193246 0.7415611814345991 0.8536585365853658 0.7362869198312236 0.8048780487804879 0.7278481012658228 0.7711069418386491 0.7204641350210971 0.6923076923076923 0.7162447257383966 0.6772983114446529 0.7162447257383966 0.6660412757973734 0.7130801687763713 0.6566604127579737 0.7109704641350211 0.6341463414634146 0.7078059071729957 0.6228893058161351 0.7078059071729957 0.6116322701688556 0.7109704641350211 0.6060037523452158 0.7120253164556962 0.5872420262664165 0.7257383966244726 0.5647279549718575 0.7257383966244726 0.5590994371482176 0.7236286919831224 0.5553470919324578 0.7204641350210971 0.5309568480300187 0.7172995780590717 0.525328330206379 0.709915611814346 0.5215759849906192 0.7088607594936709 0.5084427767354597 0.7109704641350211 0.48405253283302063 0.7056962025316456 0.45778611632270166 0.7025316455696202 0.4146341463414634 0.6951476793248945 0.37335834896810505 0.6940928270042194 0.35647279549718575 0.6845991561181435 0.31144465290806755 0.6845991561181435 0.2964352720450281 0.6962025316455697 0.2851782363977486 0.7088607594936709 0.2851782363977486
8 0.7257383966244726 0.8667917448405253 0.7278481012658228 0.8705440900562852 0.7310126582278481 0.8930581613508443 0.7289029535864979 0.9080675422138836 0.7289029535864979 0.926829268292683 0.7267932489451476 0.9324577861163227 0.7130801687763713 0.9380863039399625 0.6983122362869199 0.949343339587242 0.6919831223628692 0.949343339587242 0.689873417721519 0.9606003752345216 0.6824894514767933 0.9774859287054409 0.680379746835443 0.9774859287054409 0.6782700421940928 0.9718574108818011 0.6708860759493671 0.9699812382739212 0.6529535864978903 0.975609756097561 0.640295358649789 0.9887429643527205 0.6371308016877637 0.9887429643527205 0.6360759493670886 0.9943714821763602 0.630801687763713 0.99812382739212 0.6012658227848101 0.99812382739212 0.5970464135021097 0.9924953095684803 0.5970464135021097 0.9399624765478424 0.6002109704641351 0.9230769230769231 0.6012658227848101 0.9024390243902439 0.6054852320675106 0.8911819887429644 0.6160337552742616 0.8855534709193246 0.6434599156118144 0.8799249530956847 0.6814345991561181 0.8780487804878049 0.709915611814346 0.8705440900562852 0.7204641350210971 0.8649155722326454 0.7246835443037974 0.8667917448405253
8 0.9113924050632911 0.36585365853658536 0.9430379746835443 0.39399624765478425 0.9609704641350211 0.399624765478424 0.9915611814345991 0.41838649155722324 0.989451476793249 0.425891181988743 0.990506329113924 0.450281425891182 0.9883966244725738 0.4540337711069418 0.979957805907173 0.4540337711069418 0.9736286919831224 0.450281425891182 0.9725738396624473 0.44840525328330205 0.9757383966244726 0.44652908067542213 0.9778481012658228 0.44090056285178236 0.9704641350210971 0.42964352720450283 0.9672995780590717 0.42964352720450283 0.9620253164556962 0.4371482176360225 0.959915611814346 0.44090056285178236 0.959915611814346 0.44652908067542213 0.9556962025316456 0.4427767354596623 0.9493670886075949 0.44840525328330205 0.9556962025316456 0.45778611632270166 0.9767932489451476 0.45778611632270166 0.9831223628691983 0.4634146341463415 0.9915611814345991 0.4652908067542214 0.9936708860759493 0.46904315196998125 0.9936708860759493 0.4821763602251407 0.990506329113924 0.48592870544090055 0.9831223628691983 0.48592870544090055 0.9810126582278481 0.4896810506566604 0.9810126582278481 0.49530956848030017 0.9915611814345991 0.5196998123827392 0.9989451476793249 0.5309568480300187 0.9989451476793249 0.5928705440900562 0.9957805907172996 0.5909943714821764 0.9831223628691983 0.5703564727954972 0.9483122362869199 0.5046904315196998 0.9388185654008439 0.4915572232645403 0.9356540084388185 0.49530956848030017 0.9103375527426161 0.4971857410881801 0.8934599156118144 0.5065666041275797 0.8681434599156118 0.5084427767354597 0.8628691983122363 0.5121951219512195 0.8354430379746836 0.5103189493433395 0.770042194092827 0.5234521575984991 0.7647679324894515 0.5234521575984991 0.7616033755274262 0.5178236397748592 0.7584388185654009 0.48592870544090055 0.7584388185654009 0.4709193245778612 0.7616033755274262 0.44840525328330205 0.7742616033755274 0.43151969981238275 0.7795358649789029 0.43151969981238275 0.7827004219409283 0.4352720450281426 0.7827004219409283 0.44090056285178236 0.7869198312236287 0.44840525328330205 0.7890295358649789 0.44840525328330205 0.7848101265822784 0.4521575984990619 0.7858649789029536 0.4596622889305816 0.7964135021097046 0.46153846153846156 0.820675105485232 0.4540337711069418 0.8407172995780591 0.45590994371482174 0.8744725738396625 0.450281425891182 0.879746835443038 0.4521575984990619 0.9008438818565401 0.4427767354596623 0.9314345991561181 0.4446529080675422 0.9430379746835443 0.44840525328330205 0.9440928270042194 0.44652908067542213 0.9419831223628692 0.4427767354596623 0.930379746835443 0.43902439024390244 0.919831223628692 0.43151969981238275 0.9208860759493671 0.42401500938086306 0.9177215189873418 0.41838649155722324 0.9219409282700421 0.41275797373358347 0.9124472573839663 0.4071294559099437 0.9156118143459916 0.399624765478424 0.9061181434599156 0.3902439024390244 0.9061181434599156 0.3696060037523452 0.9103375527426161 0.3677298311444653
8 0.09915611814345991 0.31144465290806755 0.10443037974683544 0.3170731707317073 0.10443037974683544 0.32833020637898686 0.10654008438818566 0.33583489681050654 0.10548523206751055 0.34709193245778613 0.09282700421940929 0.34896810506566606 0.08333333333333333 0.3696060037523452 0.08227848101265822 0.3789868667917448 0.0759493670886076 0.3902439024390244 0.08438818565400844 0.39399624765478425 0.0949367088607595 0.39399624765478425 0.10232067510548523 0.399624765478424 0.10864978902953587 0.41275797373358347 0.11075949367088607 0.41275797373358347 0.11181434599156118 0.4090056285178236 0.1160337552742616 0.41275797373358347 0.11392405063291139 0.43151969981238275 0.10864978902953587 0.4540337711069418 0.09071729957805907 0.48592870544090055 0.08438818565400844 0.49343339587242024 0.06645569620253164 0.4915572232645403 0.06434599156118144 0.49530956848030017 0.06118143459915612 0.49530956848030017 0.0580168776371308 0.50093808630394 0.0580168776371308 0.5084427767354597 0.06962025316455696 0.5121951219512195 0.06856540084388185 0.5140712945590994 0.07067510548523206 0.5178236397748592 0.06856540084388185 0.525328330206379 0.06329113924050633 0.5309568480300187 0.060126582278481014 0.5272045028142589 0.046413502109704644 0.5290806754221389 0.043248945147679324 0.525328330206379 0.023206751054852322 0.5647279549718575 0.023206751054852322 0.575984990619137 0.008438818565400843 0.5891181988742964 0 0.5891181988742964 0 0.48405253283302063 0.0031645569620253164 0.4803001876172608 0.004219409282700422 0.46904315196998125 0.017932489451476793 0.4446529080675422 0.02109704641350211 0.4352720450281426 0.022151898734177215 0.4165103189493433 0.027426160337552744 0.4090056285178236 0.028481012658227847 0.40150093808630394 0.039029535864978905 0.38461538461538464 0.049578059071729956 0.3545966228893058 0.06962025316455696 0.3320825515947467 0.0759493670886076 0.32833020637898686 0.08016877637130802 0.32082551594746717 0.09282700421940929 0.31144465290806755 0.0981012658227848 0.31144465290806755
8 0.22679324894514769 0.02626641651031895 0.2289029535864979 0.0300187617260788 0.2320675105485232 0.0300187617260788 0.24367088607594936 0.001876172607879925 0.29430379746835444 0 0.2805907172995781 0.03564727954971857 0.28375527426160335 0.0450281425891182 0.28375527426160335 0.0525328330206379 0.2795358649789029 0.06566604127579738 0.2626582278481013 0.10131332082551595 0.2563291139240506 0.10318949343339587 0.25 0.1125703564727955 0.23734177215189872 0.13696060037523453 0.23523206751054854 0.14634146341463414 0.21624472573839662 0.18761726078799248 0.20675105485232068 0.2045028142589118 0.20358649789029537 0.20637898686679174 0.18248945147679324 0.19887429643527205 0.17827004219409281 0.1951219512195122 0.17616033755274263 0.18761726078799248 0.17827004219409281 0.17636022514071295 0.18354430379746836 0.1669793621013133 0.1877637130801688 0.15196998123827393 0.19198312236286919 0.14634146341463414 0.19725738396624473 0.1294559099437148 0.20569620253164558 0.11632270168855535 0.2120253164556962 0.1125703564727955 0.21624472573839662 0.1050656660412758 0.21518987341772153 0.10131332082551595 0.21940928270042195 0.08818011257035648 0.22468354430379747 0.0825515947467167 0.22679324894514769 0.06378986866791744 0.22573839662447256 0.05065666041275797 0.22784810126582278 0.043151969981238276 0.22784810126582278 0.03564727954971857 0.22573839662447256 0.03189493433395872 0.22679324894514769 0.028142589118198873
8 0.459915611814346 0.3677298311444653 0.4630801687763713 0.3677298311444653 0.48417721518987344 0.39587242026266417 0.4947257383966245 0.4165103189493433 0.4936708860759494 0.4202626641651032 0.4883966244725738 0.4202626641651032 0.47151898734177217 0.4521575984990619 0.47362869198312235 0.46716697936210133 0.46729957805907174 0.4803001876172608 0.46624472573839665 0.49343339587242024 0.47257383966244726 0.5028142589118199 0.4810126582278481 0.50093808630394 0.47890295358649787 0.5121951219512195 0.47362869198312235 0.5159474671669794 0.46835443037974683 0.5084427767354597 0.4588607594936709 0.5065666041275797 0.4588607594936709 0.5121951219512195 0.45147679324894513 0.5121951219512195 0.4388185654008439 0.5290806754221389 0.43354430379746833 0.5422138836772983 0.43143459915611815 0.5422138836772983 0.4240506329113924 0.5534709193245778 0.41983122362869196 0.5684803001876173 0.4061181434599156 0.5947467166979362 0.4050632911392405 0.6041275797373359 0.399789029535865 0.6191369606003753 0.3924050632911392 0.6303939962476548 0.3755274261603376 0.6660412757973734 0.36603375527426163 0.6772983114446529 0.3649789029535865 0.6960600375234521 0.3691983122362869 0.7091932457786116 0.3691983122362869 0.7204502814258912 0.3649789029535865 0.7223264540337712 0.36603375527426163 0.726078799249531 0.35970464135021096 0.7448405253283302 0.35548523206751054 0.7504690431519699 0.35443037974683544 0.7598499061913696 0.3459915611814346 0.7673545966228893 0.33755274261603374 0.7842401500938087 0.33122362869198313 0.7861163227016885 0.3259493670886076 0.7954971857410882 0.3206751054852321 0.799249530956848 0.31223628691983124 0.8180112570356473 0.3069620253164557 0.8367729831144465 0.290084388185654 0.8667917448405253 0.28375527426160335 0.8836772983114447 0.26371308016877637 0.9043151969981238 0.2542194092827004 0.9080675422138836 0.2510548523206751 0.9061913696060038 0.2510548523206751 0.9099437148217636 0.2478902953586498 0.9136960600375235 0.2510548523206751 0.9324577861163227 0.2478902953586498 0.9437148217636022 0.24578059071729957 0.9437148217636022 0.22257383966244726 0.9868667917448405 0.21624472573839662 0.9943714821763602 0.18248945147679324 0.9943714821763602 0.18354430379746836 0.9868667917448405 0.20147679324894516 0.9474671669793621 0.20253164556962025 0.9399624765478424 0.2120253164556962 0.9230769230769231 0.21940928270042195 0.8968105065666041 0.22362869198312235 0.8930581613508443 0.23839662447257384 0.8930581613508443 0.23945147679324894 0.8855534709193246 0.23523206751054854 0.8386491557223265 0.23734177215189872 0.8198874296435272 0.25843881856540085 0.776735459662289 0.2689873417721519 0.7636022514071295 0.27109704641350213 0.7542213883677298 0.28164556962025317 0.7373358348968105 0.28270042194092826 0.7298311444652908 0.2890295358649789 0.7204502814258912 0.2890295358649789 0.7166979362101313 0.29430379746835444 0.7129455909943715 0.29641350210970463 0.701688555347092 0.3090717299578059 0.6791744840525328 0.310126582278481 0.6679174484052532 0.31751054852320676 0.6604127579737336 0.31645569620253167 0.6566604127579737 0.3111814345991561 0.6529080675422139 0.31856540084388185 0.6397748592870544 0.31751054852320676 0.6360225140712945 0.3227848101265823 0.6210131332082551 0.3217299578059072 0.6153846153846154 0.32383966244725737 0.6078799249530957 0.3270042194092827 0.6078799249530957 0.3291139240506329 0.6022514071294559 0.33649789029535865 0.600375234521576 0.33755274261603374 0.5909943714821764 0.3407172995780591 0.5891181988742964 0.3438818565400844 0.5797373358348968 0.3512658227848101 0.5722326454033771 0.35548523206751054 0.5590994371482176 0.3639240506329114 0.5553470919324578 0.3618143459915612 0.549718574108818 0.35864978902953587 0.5534709193245778 0.35970464135021096 0.5459662288930581 0.3649789029535865 0.5422138836772983 0.3649789029535865 0.5328330206378987 0.3691983122362869 0.5272045028142589 0.37130801687763715 0.5178236397748592 0.3808016877637131 0.5084427767354597 0.3808016877637131 0.49343339587242024 0.3860759493670886 0.4821763602251407 0.39451476793248946 0.474671669793621 0.40189873417721517 0.4634146341463415 0.40717299578059074 0.46153846153846156 0.4092827004219409 0.45778611632270166 0.40822784810126583 0.45590994371482174 0.41350210970464135 0.44840525328330205 0.42616033755274263 0.44652908067542213 0.42616033755274263 0.4427767354596623 0.43143459915611815 0.4333958724202627 0.43670886075949367 0.4352720450281426 0.4472573839662447 0.4277673545966229 0.4651898734177215 0.3902439024390244 0.4651898734177215 0.3827392120075047 0.459915611814346 0.3696060037523452
8 0.10548523206751055 0.28893058161350843 0.10759493670886076 0.2964352720450281 0.11181434599156118 0.2964352720450281 0.11392405063291139 0.2926829268292683 0.11286919831223628 0.28893058161350843 0.11708860759493671 0.28142589118198874 0.1308016877637131 0.2682926829268293 0.1360759493670886 0.26641651031894936 0.14345991561181434 0.26641651031894936 0.14556962025316456 0.275797373358349 0.14556962025316456 0.28142589118198874 0.14135021097046413 0.28893058161350843 0.14135021097046413 0.2926829268292683 0.1339662447257384 0.3058161350844278 0.1339662447257384 0.3151969981238274 0.1371308016877637 0.32082551594746717 0.1308016877637131 0.3227016885553471 0.1339662447257384 0.32833020637898686 0.13291139240506328 0.3339587242026266 0.12447257383966245 0.3339587242026266 0.12869198312236288 0.32833020637898686 0.12869198312236288 0.3227016885553471 0.12236286919831224 0.32082551594746717 0.11708860759493671 0.324577861163227 0.1160337552742616 0.3302063789868668 0.11075949367088607 0.33583489681050654 0.10654008438818566 0.34709193245778613 0.11181434599156118 0.36397748592870544 0.11708860759493671 0.36585365853658536 0.11919831223628692 0.3621013133208255 0.12341772151898735 0.36585365853658536 0.12236286919831224 0.39587242026266417 0.11708860759493671 0.41088180112570355 0.10864978902953587 0.4540337711069418 0.10126582278481013 0.4709193245778612 0.0938818565400844 0.47842401500938087 0.08966244725738397 0.4896810506566604 0.07805907172995781 0.5065666041275797 0.07383966244725738 0.5215759849906192 0.06118143459915612 0.5422138836772983 0.056962025316455694 0.5534709193245778 0.039029535864978905 0.5797373358348968 0.027426160337552744 0.5834896810506567 0.023206751054852322 0.5797373358348968 0 0.5778611632270169 0 0.4915572232645403 0.002109704641350211 0.4896810506566604 0.005274261603375527 0.46904315196998125 0.020042194092827006 0.44652908067542213 0.022151898734177215 0.4352720450281426 0.022151898734177215 0.41838649155722324 0.027426160337552744 0.4090056285178236 0.028481012658227847 0.40150093808630394 0.04008438818565401 0.3771106941838649 0.04430379746835443 0.3602251407129456 0.04852320675105485 0.3527204502814259 0.05168776371308017 0.350844277673546 0.060126582278481014 0.33583489681050654 0.07172995780590717 0.3302063789868668 0.08860759493670886 0.30956848030018763 0.10337552742616034 0.30956848030018763 0.10548523206751055 0.3058161350844278 0.10548523206751055 0.29080675422138835
8 0.33438818565400846 0.01876172607879925 0.33860759493670883 0.039399624765478425 0.339662447257384 0.06191369606003752 0.3459915611814346 0.07692307692307693 0.3438818565400844 0.09380863039399624 0.3459915611814346 0.0975609756097561 0.3575949367088608 0.10131332082551595 0.3491561181434599 0.1050656660412758 0.35864978902953587 0.10694183864915573 0.35654008438818563 0.1125703564727955 0.35864978902953587 0.1200750469043152 0.3670886075949367 0.12195121951219512 0.3818565400843882 0.14071294559099437 0.39029535864978904 0.15572232645403378 0.3924050632911392 0.1651031894934334 0.38396624472573837 0.17823639774859287 0.3755274261603376 0.18386491557223264 0.34282700421940926 0.19136960600375236 0.34177215189873417 0.19324577861163228 0.3449367088607595 0.19887429643527205 0.35232067510548526 0.19887429643527205 0.3575949367088608 0.19324577861163228 0.35970464135021096 0.1951219512195122 0.35864978902953587 0.19887429643527205 0.3449367088607595 0.19887429643527205 0.34177215189873417 0.2026266416510319 0.34282700421940926 0.20825515947467166 0.33860759493670883 0.20825515947467166 0.33544303797468356 0.21575984990619138 0.3449367088607595 0.21575984990619138 0.3470464135021097 0.20825515947467166 0.350210970464135 0.20637898686679174 0.35232067510548526 0.20637898686679174 0.3512658227848101 0.21200750469043153 0.3217299578059072 0.2401500938086304 0.310126582278481 0.2551594746716698 0.29430379746835444 0.26641651031894936 0.2911392405063291 0.275797373358349 0.28270042194092826 0.2851782363977486 0.27742616033755274 0.2851782363977486 0.2689873417721519 0.29080675422138835 0.2616033755274262 0.28893058161350843 0.25843881856540085 0.2926829268292683 0.2521097046413502 0.2795497185741088 0.2510548523206751 0.2701688555347092 0.25949367088607594 0.2682926829268293 0.2616033755274262 0.2607879924953096 0.26476793248945146 0.2626641651031895 0.2679324894514768 0.2570356472795497 0.25949367088607594 0.24577861163227016 0.25 0.24390243902439024 0.24050632911392406 0.23076923076923078 0.23417721518987342 0.21575984990619138 0.2320675105485232 0.1669793621013133 0.2489451476793249 0.13320825515947468 0.2616033755274262 0.11632270168855535 0.26476793248945146 0.1050656660412758 0.28164556962025317 0.07317073170731707 0.29852320675105487 0.058161350844277676 0.3206751054852321 0.01876172607879925 0.3333333333333333 0.01876172607879925
8 0.08438818565400844 0.5647279549718575 0.08860759493670886 0.5666041275797373 0.08860759493670886 0.575984990619137 0.08544303797468354 0.5816135084427767 0.08227848101265822 0.6041275797373359 0.0770042194092827 0.6135084427767354 0.06962025316455696 0.6360225140712945 0.06962025316455696 0.6454033771106942 0.06434599156118144 0.6547842401500938 0.04113924050632911 0.6716697936210131 0.03375527426160337 0.6810506566604128 0.016877637130801686 0.6885553470919324 0.006329113924050633 0.6979362101313321 0 0.699812382739212 0 0.6060037523452158 0.00949367088607595 0.600375234521576 0.015822784810126583 0.6022514071294559 0.028481012658227847 0.5966228893058161 0.05907172995780591 0.574108818011257 0.08333333333333333 0.5666041275797373
8 0.9957805907172996 0.8161350844277674 0.9989451476793249 0.8180112570356473 0.9989451476793249 0.8799249530956847 0.989451476793249 0.8874296435272045 0.9620253164556962 0.900562851782364 0.95042194092827 0.9099437148217636 0.9419831223628692 0.9099437148217636 0.9345991561181435 0.9155722326454033 0.9314345991561181 0.9155722326454033 0.9314345991561181 0.9099437148217636 0.9335443037974683 0.9043151969981238 0.9335443037974683 0.8930581613508443 0.9367088607594937 0.8855534709193246 0.9367088607594937 0.8611632270168855 0.9430379746835443 0.8574108818011257 0.9472573839662447 0.849906191369606 0.9472573839662447 0.8405253283302064 0.9683544303797469 0.8273921200750469 0.9947257383966245 0.8161350844277674
8 0.9483122362869199 0.09568480300187618 0.9525316455696202 0.11069418386491557 0.9535864978902954 0.1275797373358349 0.9578059071729957 0.13696060037523453 0.9620253164556962 0.16885553470919323 0.9620253164556962 0.17448405253283303 0.9567510548523207 0.18198874296435272 0.9567510548523207 0.18761726078799248 0.9514767932489452 0.1894934333958724 0.9493670886075949 0.1951219512195122 0.9409282700421941 0.1951219512195122 0.9251054852320675 0.20825515947467166 0.9145569620253164 0.2101313320825516 0.9071729957805907 0.21575984990619138 0.8871308016877637 0.2176360225140713 0.8818565400843882 0.22326454033771106 0.8512658227848101 0.2401500938086304 0.7974683544303798 0.24765478424015008 0.7858649789029536 0.2551594746716698 0.7489451476793249 0.2607879924953096 0.6993670886075949 0.24202626641651032 0.6962025316455697 0.2401500938086304 0.6972573839662447 0.23639774859287055 0.7647679324894515 0.2026266416510319 0.7805907172995781 0.1894934333958724 0.7858649789029536 0.1894934333958724 0.7932489451476793 0.18198874296435272 0.8016877637130801 0.1801125703564728 0.810126582278481 0.17073170731707318 0.8343881856540084 0.16135084427767354 0.8428270042194093 0.15384615384615385 0.8470464135021097 0.14634146341463414 0.8481012658227848 0.13696060037523453 0.8512658227848101 0.1350844277673546 0.8554852320675106 0.12382739212007504 0.8586497890295358 0.12382739212007504 0.8607594936708861 0.1275797373358349 0.8713080168776371 0.1275797373358349 0.8755274261603375 0.11819887429643527 0.8818565400843882 0.11444652908067542 0.8871308016877637 0.1200750469043152 0.8976793248945147 0.11444652908067542 0.9008438818565401 0.10881801125703565 0.9156118143459916 0.10131332082551595 0.9345991561181435 0.09380863039399624 0.9472573839662447 0.09568480300187618
8 0.7953586497890295 0.4371482176360225 0.8059071729957806 0.450281425891182 0.8122362869198312 0.44652908067542213 0.8280590717299579 0.44652908067542213 0.8438818565400844 0.4521575984990619 0.8744725738396625 0.44840525328330205 0.890295358649789 0.4427767354596623 0.919831223628692 0.4427767354596623 0.9493670886075949 0.450281425891182 0.9525316455696202 0.4521575984990619 0.9546413502109705 0.4596622889305816 0.9409282700421941 0.4821763602251407 0.939873417721519 0.49343339587242024 0.9345991561181435 0.4971857410881801 0.9050632911392406 0.50093808630394 0.8934599156118144 0.5084427767354597 0.8744725738396625 0.5103189493433395 0.8628691983122363 0.5159474671669794 0.8164556962025317 0.5159474671669794 0.8111814345991561 0.5196998123827392 0.7742616033755274 0.525328330206379 0.7626582278481012 0.525328330206379 0.759493670886076 0.5140712945590994 0.7573839662447257 0.4634146341463415 0.760548523206751 0.44840525328330205 0.7626582278481012 0.4427767354596623 0.7742616033755274 0.42964352720450283 0.7816455696202531 0.42964352720450283 0.7943037974683544 0.4371482176360225
8 0.35337552742616035 0.3320825515947467 0.35970464135021096 0.3339587242026266 0.3618143459915612 0.33771106941838647 0.36075949367088606 0.34146341463414637 0.3628691983122363 0.34896810506566606 0.3470464135021097 0.38649155722326456 0.33860759493670883 0.41275797373358347 0.33755274261603374 0.4277673545966229 0.33122362869198313 0.4427767354596623 0.3259493670886076 0.44840525328330205 0.3259493670886076 0.45590994371482174 0.31751054852320676 0.47842401500938087 0.290084388185654 0.5384615384615384 0.26371308016877637 0.6041275797373359 0.2542194092827004 0.6210131332082551 0.24578059071729957 0.6472795497185742 0.22362869198312235 0.6941838649155723 0.21729957805907174 0.7129455909943715 0.20780590717299577 0.7298311444652908 0.18881856540084388 0.776735459662289 0.1729957805907173 0.7898686679174484 0.1540084388185654 0.8198874296435272 0.15611814345991562 0.8236397748592871 0.1550632911392405 0.8292682926829268 0.11708860759493671 0.9043151969981238 0.0949367088607595 0.9662288930581614 0.08860759493670886 0.9793621013133208 0.08544303797468354 0.9812382739212008 0.07489451476793249 0.9793621013133208 0.07067510548523206 0.9699812382739212 0.07067510548523206 0.9568480300187617 0.0759493670886076 0.9418386491557224 0.07805907172995781 0.926829268292683 0.1149789029535865 0.8292682926829268 0.11814345991561181 0.8142589118198874 0.12763713080168776 0.7917448405253283 0.13185654008438819 0.7729831144465291 0.1360759493670886 0.7673545966228893 0.14135021097046413 0.7673545966228893 0.14873417721518986 0.7598499061913696 0.14978902953586498 0.7485928705440901 0.1540084388185654 0.7429643527204502 0.15822784810126583 0.7298311444652908 0.1571729957805907 0.7166979362101313 0.16350210970464135 0.7054409005628518 0.169831223628692 0.6829268292682927 0.17721518987341772 0.6735459662288931 0.1940928270042194 0.6416510318949343 0.19936708860759494 0.624765478424015 0.22151898734177214 0.575984990619137 0.23312236286919832 0.5440900562851783 0.23523206751054854 0.5347091932457786 0.23417721518987342 0.5290806754221389 0.23839662447257384 0.5215759849906192 0.25 0.48592870544090055 0.26054852320675104 0.4652908067542214 0.26371308016877637 0.4521575984990619 0.27531645569620256 0.4333958724202627 0.2805907172995781 0.4146341463414634 0.2848101265822785 0.4071294559099437 0.290084388185654 0.40337711069418386 0.3154008438818565 0.35834896810506567 0.32383966244725737 0.3545966228893058 0.3449367088607595 0.3320825515947467 0.35232067510548526 0.3320825515947467
8 0.4440928270042194 0.7673545966228893 0.44936708860759494 0.7711069418386491 0.4472573839662447 0.7842401500938087 0.44831223628691985 0.7898686679174484 0.4462025316455696 0.8030018761726079 0.4430379746835443 0.8086303939962477 0.4430379746835443 0.8236397748592871 0.439873417721519 0.8348968105065666 0.4388185654008439 0.8574108818011257 0.43670886075949367 0.8630393996247655 0.43670886075949367 0.8705440900562852 0.43248945147679324 0.8799249530956847 0.43248945147679324 0.8874296435272045 0.4293248945147679 0.8930581613508443 0.4272151898734177 0.9099437148217636 0.4282700421940928 0.9174484052532833 0.42616033755274263 0.9212007504690432 0.42510548523206754 0.9324577861163227 0.41455696202531644 0.9606003752345216 0.39451476793248946 0.9737335834896811 0.38924050632911394 0.9737335834896811 0.3829113924050633 0.9831144465290806 0.37341772151898733 0.9906191369606003 0.3639240506329114 0.9943714821763602 0.3512658227848101 0.9943714821763602 0.3459915611814346 0.99812382739212 0.25949367088607594 0.99812382739212 0.2542194092827004 0.9924953095684803 0.2563291139240506 0.9924953095684803 0.26054852320675104 0.9831144465290806 0.27637130801687765 0.9662288930581614 0.29957805907172996 0.9324577861163227 0.3280590717299578 0.9043151969981238 0.33016877637130804 0.900562851782364 0.33016877637130804 0.8930581613508443 0.3333333333333333 0.8874296435272045 0.339662447257384 0.8836772983114447 0.35443037974683544 0.8611632270168855 0.3818565400843882 0.8311444652908068 0.38924050632911394 0.8180112570356473 0.3987341772151899 0.8086303939962477 0.40822784810126583 0.7917448405253283 0.41244725738396626 0.7917448405253283 0.4240506329113924 0.7786116322701688 0.4430379746835443 0.7673545966228893
8 0.6814345991561181 0.7448405253283302 0.6867088607594937 0.7448405253283302 0.6930379746835443 0.7598499061913696 0.6993670886075949 0.7917448405253283 0.7035864978902954 0.8236397748592871 0.7025316455696202 0.8273921200750469 0.6993670886075949 0.8273921200750469 0.689873417721519 0.8105065666041276 0.6761603375527426 0.8142589118198874 0.6603375527426161 0.8292682926829268 0.6561181434599156 0.8442776735459663 0.6529535864978903 0.8480300187617261 0.6128691983122363 0.8724202626641651 0.6054852320675106 0.874296435272045 0.6044303797468354 0.8705440900562852 0.6044303797468354 0.851782363977486 0.6075949367088608 0.8424015009380863 0.6075949367088608 0.8292682926829268 0.6149789029535865 0.8048780487804879 0.6360759493670886 0.7917448405253283 0.6424050632911392 0.7804878048780488 0.6476793248945147 0.7823639774859287 0.6508438818565401 0.776735459662289 0.6571729957805907 0.776735459662289 0.6782700421940928 0.7673545966228893 0.6814345991561181 0.7617260787992496 0.6814345991561181 0.7467166979362101
8 0.18143459915611815 0.20637898686679174 0.18670886075949367 0.20637898686679174 0.20780590717299577 0.2176360225140713 0.22784810126582278 0.2326454033771107 0.22679324894514769 0.2401500938086304 0.21729957805907174 0.2401500938086304 0.21308016877637131 0.25140712945590993 0.22046413502109705 0.2607879924953096 0.23628691983122363 0.2682926829268293 0.24050632911392406 0.275797373358349 0.23523206751054854 0.29831144465290804 0.23417721518987342 0.3133208255159475 0.21624472573839662 0.3170731707317073 0.21308016877637131 0.32082551594746717 0.20991561181434598 0.3320825515947467 0.2088607594936709 0.3696060037523452 0.20675105485232068 0.3827392120075047 0.1962025316455696 0.4146341463414634 0.1930379746835443 0.44090056285178236 0.189873417721519 0.4521575984990619 0.18459915611814345 0.46153846153846156 0.17827004219409281 0.5121951219512195 0.1751054852320675 0.5272045028142589 0.16877637130801687 0.5403377110694184 0.16561181434599156 0.5534709193245778 0.16455696202531644 0.5778611632270169 0.1540084388185654 0.5947467166979362 0.1550632911392405 0.6060037523452158 0.1518987341772152 0.6116322701688556 0.1518987341772152 0.6191369606003753 0.14873417721518986 0.626641651031895 0.14873417721518986 0.6360225140712945 0.13818565400843882 0.6660412757973734 0.13818565400843882 0.6716697936210131 0.1339662447257384 0.6810506566604128 0.1350210970464135 0.6848030018761726 0.12869198312236288 0.699812382739212 0.12869198312236288 0.7091932457786116 0.12658227848101267 0.7110694183864915 0.12025316455696203 0.7317073170731707 0.1160337552742616 0.7673545966228893 0.10548523206751055 0.7936210131332082 0.0981012658227848 0.797373358348968 0.0938818565400844 0.8048780487804879 0.08860759493670886 0.8236397748592871 0.08755274261603375 0.851782363977486 0.08438818565400844 0.8686679174484052 0.08544303797468354 0.874296435272045 0.08227848101265822 0.8761726078799249 0.0759493670886076 0.8911819887429644 0.07278481012658228 0.9080675422138836 0.07383966244725738 0.9155722326454033 0.07067510548523206 0.9212007504690432 0.07172995780590717 0.926829268292683 0.06540084388185655 0.9568480300187617 0.06223628691983123 0.9624765478424016 0.06118143459915612 0.9737335834896811 0.052742616033755275 0.9943714821763602 0.03691983122362869 0.9962476547842402 0.03164556962025317 0.9924953095684803 0.035864978902953586 0.9530956848030019 0.04113924050632911 0.9380863039399625 0.04852320675105485 0.8855534709193246 0.05168776371308017 0.8780487804878049 0.052742616033755275 0.8592870544090057 0.05485232067510549 0.8555347091932458 0.05590717299578059 0.8292682926829268 0.05907172995780591 0.8236397748592871 0.06751054852320675 0.8198874296435272 0.07172995780590717 0.799249530956848 0.07172995780590717 0.7804878048780488 0.06962025316455696 0.774859287054409 0.07067510548523206 0.7335834896810507 0.06751054852320675 0.724202626641651 0.06751054852320675 0.699812382739212 0.06962025316455696 0.6941838649155723 0.06751054852320675 0.6885553470919324 0.07489451476793249 0.6791744840525328 0.07278481012658228 0.6754221388367729 0.07489451476793249 0.6416510318949343 0.08544303797468354 0.6041275797373359 0.08755274261603375 0.5853658536585366 0.0938818565400844 0.5684803001876173 0.0970464135021097 0.5309568480300187 0.10759493670886076 0.4896810506566604 0.11181434599156118 0.4596622889305816 0.13185654008438819 0.3714821763602251 0.13185654008438819 0.36397748592870544 0.1360759493670886 0.3545966228893058 0.13818565400843882 0.3320825515947467 0.14345991561181434 0.3170731707317073 0.14345991561181434 0.30956848030018763 0.14662447257383968 0.30206378986866794 0.14767932489451477 0.2926829268292683 0.1540084388185654 0.2776735459662289 0.14556962025316456 0.2551594746716698 0.14345991561181434 0.24390243902439024 0.14873417721518986 0.23452157598499063 0.15084388185654007 0.21951219512195122 0.1529535864978903 0.21575984990619138 0.16033755274261605 0.21575984990619138 0.17827004219409281 0.2326454033771107 0.18354430379746836 0.2326454033771107 0.18881856540084388 0.21951219512195122 0.18143459915611815 0.20825515947467166
8 0.4419831223628692 0.07692307692307693 0.4462025316455696 0.07692307692307693 0.4525316455696203 0.0825515947467167 0.45464135021097046 0.08818011257035648 0.45147679324894513 0.08818011257035648 0.4440928270042194 0.0975609756097561 0.4462025316455696 0.10318949343339587 0.45358649789029537 0.1050656660412758 0.4451476793248945 0.10694183864915573 0.4451476793248945 0.11444652908067542 0.4419831223628692 0.12195121951219512 0.41983122362869196 0.13883677298311445 0.41455696202531644 0.14821763602251406 0.4008438818565401 0.16135084427767354 0.39556962025316456 0.15947467166979362 0.39345991561181437 0.1669793621013133 0.3860759493670886 0.17823639774859287 0.3628691983122363 0.19699812382739212 0.35443037974683544 0.2101313320825516 0.33016877637130804 0.23639774859287055 0.32383966244725737 0.2401500938086304 0.3069620253164557 0.2607879924953096 0.29641350210970463 0.26641651031894936 0.2879746835443038 0.28142589118198874 0.270042194092827 0.2926829268292683 0.26371308016877637 0.300187617260788 0.2552742616033755 0.29831144465290804 0.2478902953586498 0.28330206378986866 0.2478902953586498 0.27392120075046905 0.25738396624472576 0.2551594746716698 0.25843881856540085 0.24765478424015008 0.26582278481012656 0.23827392120075047 0.2742616033755274 0.21951219512195122 0.2848101265822785 0.21200750469043153 0.29535864978902954 0.21200750469043153 0.3027426160337553 0.2045028142589118 0.3080168776371308 0.19324577861163228 0.3059071729957806 0.18761726078799248 0.29957805907172996 0.18574108818011256 0.30168776371308015 0.16885553470919323 0.3090717299578059 0.16322701688555347 0.3069620253164557 0.15572232645403378 0.29957805907172996 0.15572232645403378 0.29324894514767935 0.16135084427767354 0.2848101265822785 0.16135084427767354 0.28375527426160335 0.1651031894934334 0.2858649789029536 0.1669793621013133 0.2858649789029536 0.17073170731707318 0.27742616033755274 0.17636022514071295 0.27637130801687765 0.18198874296435272 0.2732067510548523 0.18198874296435272 0.27531645569620256 0.17448405253283303 0.28270042194092826 0.1651031894934334 0.28164556962025317 0.15572232645403378 0.2858649789029536 0.15384615384615385 0.2921940928270042 0.1425891181988743 0.290084388185654 0.13883677298311445 0.2911392405063291 0.13696060037523453 0.29957805907172996 0.1294559099437148 0.3080168776371308 0.1294559099437148 0.31329113924050633 0.1350844277673546 0.3217299578059072 0.1350844277673546 0.33016877637130804 0.1200750469043152 0.33122362869198313 0.1125703564727955 0.33755274261603374 0.1050656660412758 0.33649789029535865 0.10131332082551595 0.34177215189873417 0.09943714821763602 0.3449367088607595 0.09380863039399624 0.35970464135021096 0.09380863039399624 0.3681434599156118 0.10131332082551595 0.370253164556962 0.1275797373358349 0.3871308016877637 0.1425891181988743 0.3881856540084388 0.13883677298311445 0.3850210970464135 0.13133208255159476 0.3850210970464135 0.12195121951219512 0.37763713080168776 0.11819887429643527 0.379746835443038 0.1125703564727955 0.38924050632911394 0.11444652908067542 0.39451476793248946 0.10694183864915573 0.39556962025316456 0.1125703564727955 0.3881856540084388 0.12382739212007504 0.39029535864978904 0.1275797373358349 0.39345991561181437 0.12570356472795496 0.39767932489451474 0.1294559099437148 0.4040084388185654 0.1425891181988743 0.410337552742616 0.1425891181988743 0.41244725738396626 0.13696060037523453 0.410337552742616 0.13320825515947468 0.40717299578059074 0.13320825515947468 0.41244725738396626 0.1294559099437148 0.40717299578059074 0.12570356472795496 0.40189873417721517 0.11632270168855535 0.4050632911392405 0.10881801125703565 0.4029535864978903 0.1050656660412758 0.399789029535865 0.1050656660412758 0.40717299578059074 0.10318949343339587 0.40717299578059074 0.09193245778611632 0.410337552742616 0.09193245778611632 0.41350210970464135 0.10318949343339587 0.41877637130801687 0.10318949343339587 0.4219409282700422 0.10131332082551595 0.4240506329113924 0.09568480300187618 0.4272151898734177 0.09568480300187618 0.4229957805907173 0.1050656660412758 0.4272151898734177 0.1125703564727955 0.4356540084388186 0.11444652908067542 0.43670886075949367 0.11069418386491557 0.4345991561181435 0.10881801125703565 0.4345991561181435 0.1050656660412758 0.4388185654008439 0.10694183864915573 0.4409282700421941 0.10318949343339587 0.4388185654008439 0.09568480300187618 0.4462025316455696 0.08442776735459662 0.4430379746835443 0.07879924953095685
8 0.4525316455696203 0.28330206378986866 0.4578059071729958 0.29080675422138835 0.45569620253164556 0.2964352720450281 0.459915611814346 0.30393996247654786 0.4641350210970464 0.300187617260788 0.46835443037974683 0.30206378986866794 0.4704641350210971 0.3151969981238274 0.4641350210970464 0.3395872420262664 0.4578059071729958 0.350844277673546 0.44936708860759494 0.35647279549718575 0.44831223628691985 0.3621013133208255 0.4419831223628692 0.3621013133208255 0.439873417721519 0.36585365853658536 0.43776371308016876 0.37523452157598497 0.439873417721519 0.3789868667917448 0.4388185654008439 0.3808630393996248 0.4345991561181435 0.3808630393996248 0.43037974683544306 0.3902439024390244 0.4272151898734177 0.3902439024390244 0.42510548523206754 0.39399624765478425 0.4177215189873418 0.39399624765478425 0.41350210970464135 0.40337711069418386 0.41350210970464135 0.4146341463414634 0.4092827004219409 0.42401500938086306 0.41350210970464135 0.4277673545966229 0.41877637130801687 0.42401500938086306 0.41877637130801687 0.4277673545966229 0.4229957805907173 0.4352720450281426 0.4229957805907173 0.44090056285178236 0.41139240506329117 0.450281425891182 0.410337552742616 0.4540337711069418 0.40822784810126583 0.4521575984990619 0.4008438818565401 0.46153846153846156 0.39662447257383965 0.4727954971857411 0.3924050632911392 0.474671669793621 0.3871308016877637 0.48405253283302063 0.3850210970464135 0.4896810506566604 0.3860759493670886 0.49343339587242024 0.3829113924050633 0.4971857410881801 0.3860759493670886 0.50093808630394 0.37130801687763715 0.5159474671669794 0.3670886075949367 0.5365853658536586 0.35970464135021096 0.5459662288930581 0.35864978902953587 0.5553470919324578 0.35337552742616035 0.5666041275797373 0.35548523206751054 0.5703564727954972 0.3512658227848101 0.5703564727954972 0.3449367088607595 0.5834896810506567 0.33649789029535865 0.5909943714821764 0.3407172995780591 0.5947467166979362 0.3407172995780591 0.5984990619136961 0.33544303797468356 0.600375234521576 0.33544303797468356 0.6041275797373359 0.3333333333333333 0.5984990619136961 0.33016877637130804 0.5984990619136961 0.3217299578059072 0.6116322701688556 0.3206751054852321 0.6191369606003753 0.31751054852320676 0.6210131332082551 0.3143459915611814 0.6566604127579737 0.3048523206751055 0.6622889305816135 0.3037974683544304 0.6716697936210131 0.2890295358649789 0.701688555347092 0.27848101265822783 0.7091932457786116 0.2742616033755274 0.7091932457786116 0.270042194092827 0.7148217636022514 0.270042194092827 0.726078799249531 0.2668776371308017 0.7298311444652908 0.26371308016877637 0.7467166979362101 0.2542194092827004 0.7560975609756098 0.23734177215189872 0.7936210131332082 0.229957805907173 0.8030018761726079 0.22362869198312235 0.8198874296435272 0.21624472573839662 0.8311444652908068 0.20675105485232068 0.8555347091932458 0.20253164556962025 0.8611632270168855 0.1962025316455696 0.8836772983114447 0.17932489451476794 0.9043151969981238 0.17405063291139242 0.9043151969981238 0.16455696202531644 0.8911819887429644 0.16455696202531644 0.8724202626641651 0.18881856540084388 0.8142589118198874 0.1930379746835443 0.8086303939962477 0.19936708860759494 0.7917448405253283 0.20253164556962025 0.7898686679174484 0.20780590717299577 0.7692307692307693 0.22679324894514769 0.7335834896810507 0.2289029535864979 0.7185741088180112 0.23312236286919832 0.7073170731707317 0.23839662447257384 0.6979362101313321 0.2478902953586498 0.6923076923076923 0.2510548523206751 0.6810506566604128 0.2542194092827004 0.6772983114446529 0.2542194092827004 0.6716697936210131 0.25738396624472576 0.6679174484052532 0.25738396624472576 0.6641651031894934 0.2521097046413502 0.6547842401500938 0.2478902953586498 0.6529080675422139 0.2478902953586498 0.6397748592870544 0.25843881856540085 0.6397748592870544 0.26054852320675104 0.6360225140712945 0.2616033755274262 0.6322701688555347 0.25738396624472576 0.626641651031895 0.2616033755274262 0.6210131332082551 0.26371308016877637 0.6078799249530957 0.2689873417721519 0.6022514071294559 0.2742616033755274 0.5834896810506567 0.28375527426160335 0.5647279549718575 0.28375527426160335 0.5609756097560976 0.290084388185654 0.551594746716698 0.2921940928270042 0.5403377110694184 0.3027426160337553 0.5215759849906192 0.3037974683544304 0.5140712945590994 0.310126582278481 0.5065666041275797 0.31645569620253167 0.48405253283302063 0.3259493670886076 0.4652908067542214 0.33544303797468356 0.4540337711069418 0.33860759493670883 0.44652908067542213 0.34282700421940926 0.44652908067542213 0.3470464135021097 0.4277673545966229 0.3575949367088608 0.4277673545966229 0.35970464135021096 0.42401500938086306 0.35864978902953587 0.4202626641651032 0.3649789029535865 0.41838649155722324 0.37130801687763715 0.4090056285178236 0.37130801687763715 0.4052532833020638 0.37763713080168776 0.39399624765478425 0.37763713080168776 0.3883677298311445 0.37341772151898733 0.38649155722326456 0.370253164556962 0.3789868667917448 0.37341772151898733 0.3714821763602251 0.3829113924050633 0.37523452157598497 0.38924050632911394 0.36585365853658536 0.3881856540084388 0.3621013133208255 0.3850210970464135 0.3621013133208255 0.3871308016877637 0.35647279549718575 0.39029535864978904 0.3621013133208255 0.39556962025316456 0.3545966228893058 0.39662447257383965 0.34896810506566606 0.41139240506329117 0.34896810506566606 0.41983122362869196 0.32833020637898686 0.42616033755274263 0.32082551594746717 0.43037974683544306 0.3076923076923077 0.43354430379746833 0.3058161350844278 0.4430379746835443 0.28893058161350843 0.45147679324894513 0.28330206378986866
8 0.6550632911392406 0.2401500938086304 0.6824894514767933 0.2401500938086304 0.6867088607594937 0.24390243902439024 0.7056962025316456 0.24765478424015008 0.7236286919831224 0.2589118198874296 0.7447257383966245 0.26454033771106944 0.7531645569620253 0.27204502814258913 0.7732067510548524 0.2776735459662289 0.7911392405063291 0.28893058161350843 0.8565400843881856 0.3151969981238274 0.869198312236287 0.3227016885553471 0.8755274261603375 0.33771106941838647 0.8829113924050633 0.3452157598499062 0.8850210970464135 0.3621013133208255 0.8871308016877637 0.36585365853658536 0.8987341772151899 0.3696060037523452 0.9113924050632911 0.36397748592870544 0.9156118143459916 0.36585365853658536 0.930379746835443 0.3827392120075047 0.9989451476793249 0.4202626641651032 0.9989451476793249 0.46153846153846156 0.9936708860759493 0.46153846153846156 0.9778481012658228 0.4540337711069418 0.959915611814346 0.4521575984990619 0.9367088607594937 0.4427767354596623 0.9018987341772152 0.4352720450281426 0.8945147679324894 0.42213883677298314 0.8850210970464135 0.42213883677298314 0.880801687763713 0.41838649155722324 0.8755274261603375 0.41838649155722324 0.8734177215189873 0.42213883677298314 0.8649789029535865 0.425891181988743 0.8396624472573839 0.43151969981238275 0.8280590717299579 0.4277673545966229 0.8175105485232067 0.4202626641651032 0.7953586497890295 0.4202626641651032 0.7879746835443038 0.4146341463414634 0.7531645569620253 0.40337711069418386 0.7426160337552743 0.39587242026266417 0.7341772151898734 0.3789868667917448 0.7246835443037974 0.34146341463414637 0.7172995780590717 0.28893058161350843 0.7109704641350211 0.2795497185741088 0.6972573839662447 0.2795497185741088 0.6867088607594937 0.2870544090056285 0.679324894514768 0.300187617260788 0.679324894514768 0.3227016885553471 0.6761603375527426 0.324577861163227 0.6592827004219409 0.32082551594746717 0.6170886075949367 0.2964352720450281 0.6149789029535865 0.2926829268292683 0.6149789029535865 0.2776735459662289 0.620253164556962 0.26641651031894936 0.6381856540084389 0.2607879924953096 0.640295358649789 0.2551594746716698 0.6540084388185654 0.24765478424015008 0.6550632911392406 0.24202626641651032
8 0.44936708860759494 0.7673545966228893 0.44936708860759494 0.7842401500938087 0.43670886075949367 0.8686679174484052 0.43248945147679324 0.8799249530956847 0.43248945147679324 0.8874296435272045 0.4293248945147679 0.8949343339587242 0.4282700421940928 0.9061913696060038 0.42510548523206754 0.9118198874296435 0.42510548523206754 0.926829268292683 0.41877637130801687 0.9399624765478424 0.4177215189873418 0.9474671669793621 0.410337552742616 0.9587242026266416 0.4050632911392405 0.9606003752345216 0.4050632911392405 0.9662288930581614 0.4029535864978903 0.9699812382739212 0.39135021097046413 0.9737335834896811 0.3744725738396624 0.9943714821763602 0.35337552742616035 0.9943714821763602 0.34810126582278483 0.99812382739212 0.25843881856540085 0.99812382739212 0.2542194092827004 0.9924953095684803 0.2689873417721519 0.9718574108818011 0.27637130801687765 0.9662288930581614 0.2911392405063291 0.9474671669793621 0.29852320675105487 0.9343339587242027 0.3027426160337553 0.9324577861163227 0.310126582278481 0.9212007504690432 0.3270042194092827 0.9043151969981238 0.33016877637130804 0.8930581613508443 0.33649789029535865 0.8874296435272045 0.3449367088607595 0.8724202626641651 0.3808016877637131 0.8330206378986866 0.40717299578059074 0.7954971857410882 0.4409282700421941 0.7673545966228893 0.44831223628691985 0.7673545966228893
8 0.8987341772151899 0.7373358348968105 0.9335443037974683 0.7467166979362101 0.9409282700421941 0.7560975609756098 0.9409282700421941 0.7654784240150094 0.9377637130801688 0.7711069418386491 0.9261603375527426 0.774859287054409 0.9240506329113924 0.7842401500938087 0.9229957805907173 0.8273921200750469 0.9272151898734177 0.8480300187617261 0.9261603375527426 0.851782363977486 0.9324894514767933 0.8630393996247655 0.9324894514767933 0.8780487804878049 0.9282700421940928 0.8949343339587242 0.9272151898734177 0.9212007504690432 0.9251054852320675 0.9305816135084428 0.9240506329113924 0.9887429643527205 0.9208860759493671 0.9943714821763602 0.9061181434599156 0.9924953095684803 0.8966244725738397 0.99812382739212 0.8723628691983122 0.99812382739212 0.8723628691983122 0.9849906191369606 0.8744725738396625 0.9793621013133208 0.8744725738396625 0.9643527204502814 0.8776371308016878 0.9568480300187617 0.8765822784810127 0.9512195121951219 0.8786919831223629 0.9418386491557224 0.879746835443038 0.9061913696060038 0.8818565400843882 0.900562851782364 0.8829113924050633 0.8761726078799249 0.8850210970464135 0.8686679174484052 0.8850210970464135 0.8611632270168855 0.880801687763713 0.851782363977486 0.8892405063291139 0.8442776735459663 0.8924050632911392 0.8367729831144465 0.8966244725738397 0.7936210131332082 0.8976793248945147 0.7673545966228893 0.8860759493670886 0.7523452157598499 0.8860759493670886 0.7448405253283302 0.890295358649789 0.7392120075046904 0.8976793248945147 0.7373358348968105
8 0.2616033755274262 0 0.26371308016877637 0 0.26476793248945146 0.00375234521575985 0.26582278481012656 0 0.2921940928270042 0 0.28270042194092826 0.0225140712945591 0.2742616033755274 0.024390243902439025 0.28164556962025317 0.043151969981238276 0.28270042194092826 0.05065666041275797 0.270042194092827 0.075046904315197 0.26476793248945146 0.09193245778611632 0.2616033755274262 0.0975609756097561 0.25949367088607594 0.0975609756097561 0.25738396624472576 0.09193245778611632 0.25 0.09380863039399624 0.25316455696202533 0.0975609756097561 0.2510548523206751 0.10881801125703565 0.23734177215189872 0.13320825515947468 0.22784810126582278 0.15947467166979362 0.20991561181434598 0.1951219512195122 0.20569620253164558 0.20825515947467166 0.20042194092827004 0.2101313320825516 0.17721518987341772 0.19699812382739212 0.16877637130801687 0.20075046904315197 0.16561181434599156 0.19887429643527205 0.169831223628692 0.1951219512195122 0.17088607594936708 0.17823639774859287 0.17616033755274263 0.17636022514071295 0.17827004219409281 0.16885553470919323 0.18143459915611815 0.17073170731707318 0.18459915611814345 0.1669793621013133 0.18565400843881857 0.150093808630394 0.1909282700421941 0.14821763602251406 0.19725738396624473 0.1294559099437148 0.20569620253164558 0.11444652908067542 0.2109704641350211 0.10881801125703565 0.22046413502109705 0.10881801125703565 0.2141350210970464 0.10131332082551595 0.21308016877637131 0.09380863039399624 0.21624472573839662 0.09380863039399624 0.21835443037974683 0.08630393996247655 0.22468354430379747 0.08067542213883677 0.22679324894514769 0.06378986866791744 0.22468354430379747 0.0450281425891182 0.22784810126582278 0.04127579737335835 0.22679324894514769 0.0375234521575985 0.23417721518987342 0.0375234521575985 0.24367088607594936 0.0075046904315197 0.2468354430379747 0.00375234521575985 0.2521097046413502 0.001876172607879925 0.26371308016877637 0.005628517823639775 0.26476793248945146 0.00375234521575985 0.2616033755274262 0.001876172607879925
8 0.3755274261603376 0.7617260787992496 0.37869198312236285 0.7579737335834896 0.3818565400843882 0.7410881801125704 0.3871308016877637 0.7279549718574109 0.3987341772151899 0.7204502814258912 0.42510548523206754 0.6941838649155723 0.43248945147679324 0.6941838649155723 0.43248945147679324 0.699812382739212 0.4208860759493671 0.7354596622889306 0.4208860759493671 0.7429643527204502 0.4050632911392405 0.7842401500938087 0.40189873417721517 0.797373358348968 0.38396624472573837 0.8236397748592871 0.3628691983122363 0.8461538461538461 0.35232067510548526 0.8386491557223265 0.3470464135021097 0.8292682926829268 0.3470464135021097 0.8236397748592871 0.35654008438818563 0.8198874296435272 0.35864978902953587 0.8161350844277674 0.3755274261603376 0.7636022514071295
8 0.35970464135021096 0.0975609756097561 0.36603375527426163 0.10131332082551595 0.3670886075949367 0.10881801125703565 0.3639240506329114 0.11444652908067542 0.36603375527426163 0.12570356472795496 0.3818565400843882 0.13883677298311445 0.39135021097046413 0.15384615384615385 0.39451476793248946 0.16322701688555347 0.3924050632911392 0.17073170731707318 0.38396624472573837 0.18198874296435272 0.3649789029535865 0.19699812382739212 0.35654008438818563 0.2101313320825516 0.3333333333333333 0.23452157598499063 0.32489451476793246 0.2401500938086304 0.3080168776371308 0.2607879924953096 0.29641350210970463 0.2682926829268293 0.2921940928270042 0.2776735459662289 0.28375527426160335 0.2870544090056285 0.2626582278481013 0.30206378986866794 0.2542194092827004 0.30206378986866794 0.2489451476793249 0.29831144465290804 0.2468354430379747 0.2851782363977486 0.2478902953586498 0.2682926829268293 0.25949367088607594 0.24202626641651032 0.2742616033755274 0.21951219512195122 0.28375527426160335 0.21200750469043153 0.29324894514767935 0.21200750469043153 0.29641350210970463 0.20637898686679174 0.29957805907172996 0.20637898686679174 0.3027426160337553 0.19887429643527205 0.30063291139240506 0.1951219512195122 0.29535864978902954 0.1951219512195122 0.29535864978902954 0.1894934333958724 0.3027426160337553 0.17823639774859287 0.310126582278481 0.1726078799249531 0.31223628691983124 0.17823639774859287 0.3143459915611814 0.17823639774859287 0.31751054852320676 0.17448405253283303 0.3154008438818565 0.17073170731707318 0.3217299578059072 0.1669793621013133 0.31645569620253167 0.1651031894934334 0.31751054852320676 0.150093808630394 0.33016877637130804 0.13883677298311445 0.33016877637130804 0.13320825515947468 0.3280590717299578 0.1294559099437148 0.3322784810126582 0.11444652908067542 0.339662447257384 0.10131332082551595 0.34177215189873417 0.10131332082551595 0.3449367088607595 0.09380863039399624 0.35864978902953587 0.0975609756097561
8 0.9778481012658228 0.2682926829268293 0.9820675105485233 0.28142589118198874 0.9873417721518988 0.3133208255159475 0.9852320675105485 0.324577861163227 0.9820675105485233 0.3302063789868668 0.9620253164556962 0.3452157598499062 0.9356540084388185 0.3527204502814259 0.9145569620253164 0.3545966228893058 0.9071729957805907 0.3602251407129456 0.890295358649789 0.35834896810506567 0.8871308016877637 0.34709193245778613 0.8755274261603375 0.32833020637898686 0.8744725738396625 0.3170731707317073 0.8765822784810127 0.3133208255159475 0.8913502109704642 0.3076923076923077 0.8966244725738397 0.30206378986866794 0.9029535864978903 0.30206378986866794 0.9103375527426161 0.2964352720450281 0.9113924050632911 0.2926829268292683 0.9335443037974683 0.2851782363977486 0.9388185654008439 0.2776735459662289 0.9419831223628692 0.28142589118198874 0.959915611814346 0.27392120075046905 0.9620253164556962 0.2701688555347092 0.9767932489451476 0.2682926829268293
8 0.9440928270042194 0.09193245778611632 0.95042194092827 0.10131332082551595 0.9493670886075949 0.1050656660412758 0.9525316455696202 0.11069418386491557 0.9546413502109705 0.1294559099437148 0.9588607594936709 0.13696060037523453 0.9588607594936709 0.14634146341463414 0.9620253164556962 0.1575984990619137 0.9620253164556962 0.1726078799249531 0.9546413502109705 0.18386491557223264 0.9166666666666666 0.2101313320825516 0.8892405063291139 0.21575984990619138 0.880801687763713 0.22326454033771106 0.8713080168776371 0.225140712945591 0.8512658227848101 0.23827392120075047 0.8270042194092827 0.2401500938086304 0.820675105485232 0.24390243902439024 0.810126582278481 0.23827392120075047 0.8016877637130801 0.24390243902439024 0.7943037974683544 0.24202626641651032 0.7932489451476793 0.23827392120075047 0.8016877637130801 0.23076923076923078 0.79957805907173 0.2270168855534709 0.7932489451476793 0.2270168855534709 0.7911392405063291 0.22326454033771106 0.7932489451476793 0.21951219512195122 0.7858649789029536 0.21200750469043153 0.7848101265822784 0.2026266416510319 0.7869198312236287 0.1951219512195122 0.7932489451476793 0.19324577861163228 0.7974683544303798 0.19699812382739212 0.8006329113924051 0.19136960600375236 0.7985232067510548 0.18761726078799248 0.8016877637130801 0.18761726078799248 0.8069620253164557 0.17448405253283303 0.8364978902953587 0.16322701688555347 0.8438818565400844 0.15572232645403378 0.8491561181434599 0.1425891181988743 0.8755274261603375 0.1294559099437148 0.8786919831223629 0.12570356472795496 0.879746835443038 0.1200750469043152 0.8955696202531646 0.1200750469043152 0.9040084388185654 0.10881801125703565 0.9430379746835443 0.09193245778611632
8 0.6677215189873418 0.4090056285178236 0.6740506329113924 0.41275797373358347 0.6772151898734177 0.4202626641651032 0.6835443037974683 0.4202626641651032 0.6909282700421941 0.4277673545966229 0.6909282700421941 0.4371482176360225 0.6856540084388185 0.44652908067542213 0.6613924050632911 0.46716697936210133 0.6561181434599156 0.474671669793621 0.6445147679324894 0.4803001876172608 0.6381856540084389 0.4896810506566604 0.6276371308016878 0.4915572232645403 0.6213080168776371 0.50093808630394 0.6065400843881856 0.5872420262664165 0.6033755274261603 0.5984990619136961 0.5981012658227848 0.6060037523452158 0.6033755274261603 0.6153846153846154 0.6012658227848101 0.6191369606003753 0.6054852320675106 0.6210131332082551 0.6054852320675106 0.626641651031895 0.6023206751054853 0.6285178236397748 0.6054852320675106 0.6341463414634146 0.6054852320675106 0.6585365853658537 0.5991561181434599 0.6697936210131332 0.5917721518987342 0.699812382739212 0.5917721518987342 0.7129455909943715 0.5886075949367089 0.7204502814258912 0.5886075949367089 0.7448405253283302 0.5759493670886076 0.801125703564728 0.5748945147679325 0.8142589118198874 0.5717299578059072 0.8217636022514071 0.5611814345991561 0.8949343339587242 0.5580168776371308 0.9024390243902439 0.5569620253164557 0.9212007504690432 0.5506329113924051 0.9380863039399625 0.5411392405063291 0.9906191369606003 0.5263713080168776 0.9962476547842402 0.5073839662447257 0.9962476547842402 0.5031645569620253 0.9943714821763602 0.5010548523206751 0.9906191369606003 0.5010548523206751 0.9849906191369606 0.5052742616033755 0.9699812382739212 0.5052742616033755 0.9624765478424016 0.509493670886076 0.9568480300187617 0.509493670886076 0.9324577861163227 0.5137130801687764 0.9212007504690432 0.5147679324894515 0.9061913696060038 0.5189873417721519 0.8968105065666041 0.5189873417721519 0.8893058161350844 0.5147679324894515 0.874296435272045 0.5189873417721519 0.8630393996247655 0.5232067510548524 0.8592870544090057 0.5232067510548524 0.8480300187617261 0.5284810126582279 0.8311444652908068 0.5284810126582279 0.8236397748592871 0.5263713080168776 0.8198874296435272 0.5284810126582279 0.8161350844277674 0.5284810126582279 0.8067542213883677 0.5327004219409283 0.799249530956848 0.5305907172995781 0.7936210131332082 0.5348101265822784 0.7861163227016885 0.5327004219409283 0.7823639774859287 0.5327004219409283 0.774859287054409 0.5348101265822784 0.7711069418386491 0.5358649789029536 0.7579737335834896 0.5411392405063291 0.7448405253283302 0.5453586497890295 0.7129455909943715 0.5527426160337553 0.6979362101313321 0.5559071729957806 0.6697936210131332 0.560126582278481 0.6585365853658537 0.5664556962025317 0.626641651031895 0.5717299578059072 0.6172607879924953 0.5886075949367089 0.6078799249530957 0.5907172995780591 0.6041275797373359 0.5896624472573839 0.5834896810506567 0.5928270042194093 0.5647279549718575 0.5928270042194093 0.551594746716698 0.5886075949367089 0.5478424015009381 0.5833333333333334 0.5365853658536586 0.5822784810126582 0.5272045028142589 0.5917721518987342 0.474671669793621 0.5854430379746836 0.46716697936210133 0.5822784810126582 0.45778611632270166 0.5843881856540084 0.450281425891182 0.5886075949367089 0.450281425891182 0.6065400843881856 0.4596622889305816 0.6128691983122363 0.4596622889305816 0.6213080168776371 0.450281425891182 0.629746835443038 0.44652908067542213 0.6371308016877637 0.4352720450281426 0.6476793248945147 0.4352720450281426 0.6508438818565401 0.42401500938086306 0.6582278481012658 0.4202626641651032 0.6603375527426161 0.4146341463414634 0.6666666666666666 0.41088180112570355
8 0.5928270042194093 0 0.6002109704641351 0.0150093808630394 0.6054852320675106 0.03564727954971857 0.6054852320675106 0.04690431519699812 0.6086497890295358 0.05628517823639775 0.6054852320675106 0.0675422138836773 0.5981012658227848 0.07129455909943715 0.5907172995780591 0.06378986866791744 0.5864978902953587 0.06378986866791744 0.5759493670886076 0.07692307692307693 0.5537974683544303 0.09193245778611632 0.5527426160337553 0.0975609756097561 0.5464135021097046 0.10131332082551595 0.5358649789029536 0.11819887429643527 0.5189873417721519 0.13133208255159476 0.5126582278481012 0.14071294559099437 0.5031645569620253 0.14821763602251406 0.5 0.15572232645403378 0.5042194092827004 0.1669793621013133 0.5 0.1669793621013133 0.4947257383966245 0.15947467166979362 0.49261603375527424 0.16135084427767354 0.48628691983122363 0.17636022514071295 0.45358649789029537 0.21388367729831145 0.4440928270042194 0.23076923076923078 0.3755274261603376 0.2870544090056285 0.35337552742616035 0.30956848030018763 0.33860759493670883 0.3339587242026266 0.33122362869198313 0.3339587242026266 0.31751054852320676 0.3433395872420263 0.3069620253164557 0.3545966228893058 0.30168776371308015 0.35647279549718575 0.29957805907172996 0.36585365853658536 0.2890295358649789 0.36397748592870544 0.2869198312236287 0.3677298311444653 0.27531645569620256 0.3714821763602251 0.2721518987341772 0.3808630393996248 0.2679324894514768 0.3808630393996248 0.2616033755274262 0.3902439024390244 0.25843881856540085 0.3902439024390244 0.2521097046413502 0.3827392120075047 0.25949367088607594 0.3771106941838649 0.25738396624472576 0.37335834896810505 0.2542194092827004 0.37335834896810505 0.2542194092827004 0.3621013133208255 0.25738396624472576 0.35647279549718575 0.25738396624472576 0.350844277673546 0.2626582278481013 0.34896810506566606 0.26476793248945146 0.3433395872420263 0.2616033755274262 0.3395872420262664 0.25949367088607594 0.3452157598499062 0.2552742616033755 0.3452157598499062 0.25316455696202533 0.34146341463414637 0.24367088607594936 0.34146341463414637 0.24472573839662448 0.3339587242026266 0.2563291139240506 0.3151969981238274 0.270042194092827 0.300187617260788 0.28270042194092826 0.2964352720450281 0.2879746835443038 0.2851782363977486 0.31329113924050633 0.2589118198874296 0.32383966244725737 0.24390243902439024 0.3649789029535865 0.20637898686679174 0.3691983122362869 0.19887429643527205 0.3850210970464135 0.18574108818011256 0.39135021097046413 0.17448405253283303 0.41350210970464135 0.15196998123827393 0.4409282700421941 0.12570356472795496 0.4525316455696203 0.11819887429643527 0.4578059071729958 0.11069418386491557 0.4641350210970464 0.11069418386491557 0.47151898734177217 0.0975609756097561 0.47257383966244726 0.08818011257035648 0.4767932489451477 0.08442776735459662 0.4767932489451477 0.07692307692307693 0.48417721518987344 0.07692307692307693 0.49050632911392406 0.0825515947467167 0.49261603375527424 0.0900562851782364 0.4989451476793249 0.08818011257035648 0.5632911392405063 0.020637898686679174 0.570675105485232 0.016885553470919325 0.5717299578059072 0.00375234521575985 0.5738396624472574 0 0.5917721518987342 0
8 0.3280590717299578 0.013133208255159476 0.33438818565400846 0.024390243902439025 0.33860759493670883 0.06378986866791744 0.3449367088607595 0.07692307692307693 0.3449367088607595 0.08442776735459662 0.3270042194092827 0.12570356472795496 0.3111814345991561 0.150093808630394 0.29852320675105487 0.17823639774859287 0.29852320675105487 0.18198874296435272 0.2563291139240506 0.24577861163227016 0.25 0.24577861163227016 0.2468354430379747 0.24202626641651032 0.23839662447257384 0.22889305816135083 0.23312236286919832 0.21575984990619138 0.2320675105485232 0.18761726078799248 0.229957805907173 0.18198874296435272 0.2320675105485232 0.16322701688555347 0.24578059071729957 0.1350844277673546 0.2616033755274262 0.1125703564727955 0.2616033755274262 0.10881801125703565 0.2732067510548523 0.0900562851782364 0.27742616033755274 0.07692307692307693 0.2974683544303797 0.058161350844277676 0.3206751054852321 0.0150093808630394 0.3270042194092827 0.013133208255159476
8 0.5949367088607594 0.2101313320825516 0.6265822784810127 0.2326454033771107 0.630801687763713 0.2401500938086304 0.630801687763713 0.24577861163227016 0.629746835443038 0.25140712945590993 0.620253164556962 0.2589118198874296 0.6160337552742616 0.2589118198874296 0.6128691983122363 0.26641651031894936 0.6086497890295358 0.2945590994371482 0.6002109704641351 0.32645403377110693 0.5991561181434599 0.3714821763602251 0.5949367088607594 0.3771106941838649 0.5949367088607594 0.38649155722326456 0.5886075949367089 0.399624765478424 0.5822784810126582 0.4202626641651032 0.5812236286919831 0.4352720450281426 0.5759493670886076 0.4521575984990619 0.5685654008438819 0.4896810506566604 0.5685654008438819 0.4971857410881801 0.5643459915611815 0.5103189493433395 0.5643459915611815 0.5234521575984991 0.5780590717299579 0.5347091932457786 0.5822784810126582 0.5422138836772983 0.5822784810126582 0.5553470919324578 0.5854430379746836 0.5590994371482176 0.5864978902953587 0.5666041275797373 0.5854430379746836 0.5834896810506567 0.5812236286919831 0.5909943714821764 0.5812236286919831 0.5966228893058161 0.5770042194092827 0.6041275797373359 0.569620253164557 0.6097560975609756 0.5654008438818565 0.6191369606003753 0.5590717299578059 0.651031894934334 0.5516877637130801 0.6735459662288931 0.54957805907173 0.6885553470919324 0.5432489451476793 0.7054409005628518 0.540084388185654 0.7373358348968105 0.5327004219409283 0.7636022514071295 0.5284810126582279 0.7692307692307693 0.5274261603375527 0.7786116322701688 0.5232067510548524 0.7823639774859287 0.5274261603375527 0.7898686679174484 0.5263713080168776 0.7917448405253283 0.5284810126582279 0.799249530956848 0.5253164556962026 0.8067542213883677 0.5263713080168776 0.8142589118198874 0.5221518987341772 0.8236397748592871 0.5221518987341772 0.8292682926829268 0.5147679324894515 0.8536585365853658 0.5137130801687764 0.8799249530956847 0.5158227848101266 0.8874296435272045 0.5084388185654009 0.9024390243902439 0.509493670886076 0.9099437148217636 0.5063291139240507 0.9155722326454033 0.5073839662447257 0.9212007504690432 0.5031645569620253 0.9324577861163227 0.5052742616033755 0.9418386491557224 0.5 0.9530956848030019 0.5010548523206751 0.9718574108818011 0.4947257383966245 0.9943714821763602 0.48523206751054854 0.99812382739212 0.46835443037974683 0.9943714821763602 0.4177215189873418 0.9943714821763602 0.4166666666666667 0.9812382739212008 0.4229957805907173 0.949343339587242 0.43037974683544306 0.926829268292683 0.4345991561181435 0.8930581613508443 0.4409282700421941 0.8686679174484052 0.44831223628691985 0.8086303939962477 0.4588607594936709 0.7579737335834896 0.4630801687763713 0.7467166979362101 0.4641350210970464 0.724202626641651 0.46835443037974683 0.7091932457786116 0.4704641350210971 0.6885553470919324 0.4767932489451477 0.6679174484052532 0.4767932489451477 0.6547842401500938 0.4831223628691983 0.6285178236397748 0.4831223628691983 0.6172607879924953 0.4873417721518987 0.5947467166979362 0.4936708860759494 0.574108818011257 0.48417721518987344 0.5590994371482176 0.4810126582278481 0.5422138836772983 0.48523206751054854 0.5347091932457786 0.49050632911392406 0.5046904315196998 0.4947257383966245 0.4971857410881801 0.5010548523206751 0.49343339587242024 0.5158227848101266 0.49343339587242024 0.5210970464135021 0.49530956848030017 0.5253164556962026 0.50093808630394 0.5305907172995781 0.49343339587242024 0.5316455696202531 0.4821763602251407 0.5348101265822784 0.47654784240150094 0.5358649789029536 0.4652908067542214 0.5390295358649789 0.45778611632270166 0.5421940928270043 0.42964352720450283 0.5527426160337553 0.38649155722326456 0.5527426160337553 0.3714821763602251 0.5559071729957806 0.3527204502814259 0.5590717299578059 0.3452157598499062 0.5590717299578059 0.33771106941838647 0.5654008438818565 0.324577861163227 0.5664556962025317 0.3076923076923077 0.5812236286919831 0.2401500938086304 0.5717299578059072 0.22326454033771106 0.5717299578059072 0.21575984990619138 0.5748945147679325 0.20825515947467166 0.580168776371308 0.20637898686679174 0.5938818565400844 0.2101313320825516
8 0.1940928270042194 0.00375234521575985 0.20780590717299577 0.01125703564727955 0.21940928270042195 0.024390243902439025 0.21729957805907174 0.03189493433395872 0.21729957805907174 0.03564727954971857 0.22046413502109705 0.039399624765478425 0.21940928270042195 0.0450281425891182 0.2120253164556962 0.058161350844277676 0.2120253164556962 0.06191369606003752 0.21518987341772153 0.06566604127579738 0.22046413502109705 0.06566604127579738 0.22151898734177214 0.06941838649155722 0.21729957805907174 0.07692307692307693 0.21940928270042195 0.08442776735459662 0.21308016877637131 0.09380863039399624 0.20569620253164558 0.09380863039399624 0.1877637130801688 0.10318949343339587 0.16877637130801687 0.12195121951219512 0.14978902953586498 0.1200750469043152 0.1308016877637131 0.1275797373358349 0.0938818565400844 0.15384615384615385 0.056962025316455694 0.15572232645403378 0.020042194092827006 0.1726078799249531 0.014767932489451477 0.1726078799249531 0.004219409282700422 0.1801125703564728 0 0.1801125703564728 0 0.12195121951219512 0.002109704641350211 0.12195121951219512 0.004219409282700422 0.11632270168855535 0.026371308016877638 0.10694183864915573 0.03270042194092827 0.09943714821763602 0.039029535864978905 0.09943714821763602 0.06645569620253164 0.08630393996247655 0.07172995780590717 0.08630393996247655 0.08966244725738397 0.07317073170731707 0.10970464135021098 0.0675422138836773 0.13924050632911392 0.0525328330206379 0.15822784810126583 0.05065666041275797 0.16772151898734178 0.04127579737335835 0.1751054852320675 0.04127579737335835 0.17932489451476794 0.03564727954971857 0.18037974683544303 0.024390243902439025 0.18354430379746836 0.020637898686679174 0.18354430379746836 0.013133208255159476 0.1930379746835443 0.00375234521575985
8 0.509493670886076 0.1651031894934334 0.5116033755274262 0.1669793621013133 0.509493670886076 0.18761726078799248 0.5221518987341772 0.1951219512195122 0.5559071729957806 0.24765478424015008 0.5654008438818565 0.2682926829268293 0.5664556962025317 0.2851782363977486 0.5643459915611815 0.28893058161350843 0.5643459915611815 0.3076923076923077 0.5622362869198312 0.3227016885553471 0.5443037974683544 0.36585365853658536 0.5443037974683544 0.3696060037523452 0.5485232067510548 0.3771106941838649 0.5485232067510548 0.3883677298311445 0.540084388185654 0.42401500938086306 0.5348101265822784 0.4277673545966229 0.5284810126582279 0.42213883677298314 0.5189873417721519 0.4202626641651032 0.5168776371308017 0.42401500938086306 0.5168776371308017 0.43151969981238275 0.5189873417721519 0.4333958724202627 0.5189873417721519 0.4371482176360225 0.5147679324894515 0.4427767354596623 0.5147679324894515 0.450281425891182 0.510548523206751 0.4521575984990619 0.5126582278481012 0.4540337711069418 0.5126582278481012 0.4596622889305816 0.5084388185654009 0.4652908067542214 0.5063291139240507 0.47842401500938087 0.5031645569620253 0.4821763602251407 0.4936708860759494 0.4821763602251407 0.48628691983122363 0.47842401500938087 0.48417721518987344 0.4727954971857411 0.48417721518987344 0.45778611632270166 0.4873417721518987 0.44840525328330205 0.49156118143459915 0.4427767354596623 0.4947257383966245 0.4427767354596623 0.4936708860759494 0.43902439024390244 0.5042194092827004 0.4333958724202627 0.5042194092827004 0.425891181988743 0.4989451476793249 0.41088180112570355 0.5126582278481012 0.3714821763602251 0.5116033755274262 0.3602251407129456 0.5052742616033755 0.3545966228893058 0.4989451476793249 0.3433395872420263 0.4936708860759494 0.324577861163227 0.47890295358649787 0.2964352720450281 0.4694092827004219 0.28893058161350843 0.4588607594936709 0.2682926829268293 0.4525316455696203 0.2607879924953096 0.4430379746835443 0.2401500938086304 0.4430379746835443 0.23639774859287055 0.4578059071729958 0.21388367729831145 0.47257383966244726 0.19699812382739212 0.4810126582278481 0.19136960600375236 0.48945147679324896 0.17636022514071295 0.49683544303797467 0.17636022514071295 0.5 0.17073170731707318 0.5084388185654009 0.1651031894934334
8 0.6392405063291139 0.5834896810506567 0.6466244725738397 0.5872420262664165 0.6476793248945147 0.5966228893058161 0.6413502109704642 0.6022514071294559 0.6371308016877637 0.6022514071294559 0.6339662447257384 0.6116322701688556 0.629746835443038 0.6547842401500938 0.6350210970464135 0.6641651031894934 0.6350210970464135 0.6697936210131332 0.6286919831223629 0.6829268292682927 0.6255274261603375 0.7091932457786116 0.619198312236287 0.7354596622889306 0.6128691983122363 0.7861163227016885 0.6118143459915611 0.8105065666041276 0.6065400843881856 0.8311444652908068 0.6065400843881856 0.8424015009380863 0.6023206751054853 0.8555347091932458 0.6012658227848101 0.8949343339587242 0.5970464135021097 0.9099437148217636 0.5981012658227848 0.9193245778611632 0.5938818565400844 0.926829268292683 0.5917721518987342 0.9512195121951219 0.5843881856540084 0.9868667917448405 0.5791139240506329 0.9943714821763602 0.5675105485232067 0.99812382739212 0.54957805907173 0.9943714821763602 0.5464135021097046 0.9774859287054409 0.5506329113924051 0.9681050656660413 0.54957805907173 0.9568480300187617 0.5548523206751055 0.9455909943714822 0.5580168776371308 0.9230769230769231 0.5622362869198312 0.9136960600375235 0.5611814345991561 0.900562851782364 0.5654008438818565 0.8836772983114447 0.5685654008438819 0.8536585365853658 0.5864978902953587 0.7579737335834896 0.5875527426160337 0.7542213883677298 0.5981012658227848 0.7542213883677298 0.6002109704641351 0.7504690431519699 0.5991561181434599 0.7448405253283302 0.5917721518987342 0.7467166979362101 0.5896624472573839 0.7429643527204502 0.5907172995780591 0.7204502814258912 0.5938818565400844 0.7110694183864915 0.5938818565400844 0.701688555347092 0.5981012658227848 0.6791744840525328 0.6086497890295358 0.6529080675422139 0.6086497890295358 0.6303939962476548 0.6118143459915611 0.6228893058161351 0.619198312236287 0.6210131332082551 0.6265822784810127 0.6097560975609756 0.6265822784810127 0.6060037523452158 0.619198312236287 0.5928705440900562 0.6118143459915611 0.5909943714821764 0.6107594936708861 0.5834896810506567 0.6149789029535865 0.5778611632270169 0.6381856540084389 0.5834896810506567
8 0.08860759493670886 0.5647279549718575 0.08966244725738397 0.574108818011257 0.08333333333333333 0.5909943714821764 0.08227848101265822 0.6041275797373359 0.07805907172995781 0.6116322701688556 0.07383966244725738 0.6322701688555347 0.07067510548523206 0.6360225140712945 0.06962025316455696 0.6454033771106942 0.06434599156118144 0.6566604127579737 0.04430379746835443 0.6697936210131332 0.03375527426160337 0.6810506566604128 0.023206751054852322 0.6848030018761726 0.0010548523206751054 0.699812382739212 0 0.6060037523452158 0.004219409282700422 0.6022514071294559 0.02531645569620253 0.5966228893058161 0.060126582278481014 0.5722326454033771 0.08755274261603375 0.5647279549718575
8 0.8027426160337553 0.01125703564727955 0.8470464135021097 0.01876172607879925 0.8554852320675106 0.028142589118198873 0.8565400843881856 0.03564727954971857 0.8639240506329114 0.0450281425891182 0.880801687763713 0.043151969981238276 0.8945147679324894 0.04878048780487805 0.9282700421940928 0.04690431519699812 0.9324894514767933 0.0525328330206379 0.9335443037974683 0.06941838649155722 0.9356540084388185 0.075046904315197 0.9356540084388185 0.08442776735459662 0.9282700421940928 0.0900562851782364 0.9061181434599156 0.09193245778611632 0.8428270042194093 0.11444652908067542 0.8164556962025317 0.11632270168855535 0.8027426160337553 0.12195121951219512 0.7816455696202531 0.1200750469043152 0.7689873417721519 0.12570356472795496 0.7658227848101266 0.1200750469043152 0.7616033755274262 0.1200750469043152 0.7584388185654009 0.12570356472795496 0.7457805907172996 0.1294559099437148 0.7383966244725738 0.1275797373358349 0.7310126582278481 0.1350844277673546 0.6772151898734177 0.1350844277673546 0.6666666666666666 0.13883677298311445 0.6613924050632911 0.14446529080675422 0.6223628691983122 0.15196998123827393 0.6128691983122363 0.16135084427767354 0.6012658227848101 0.1651031894934334 0.5907172995780591 0.1726078799249531 0.5717299578059072 0.17073170731707318 0.5685654008438819 0.17448405253283303 0.5643459915611815 0.17448405253283303 0.5559071729957806 0.1669793621013133 0.5527426160337553 0.15947467166979362 0.5527426160337553 0.15384615384615385 0.5432489451476793 0.14071294559099437 0.540084388185654 0.12195121951219512 0.560126582278481 0.09568480300187618 0.5812236286919831 0.07692307692307693 0.5886075949367089 0.075046904315197 0.5938818565400844 0.08067542213883677 0.6065400843881856 0.07879924953095685 0.6118143459915611 0.06941838649155722 0.609704641350211 0.03189493433395872 0.6139240506329114 0.024390243902439025 0.6265822784810127 0.024390243902439025 0.6360759493670886 0.020637898686679174 0.6518987341772152 0.0225140712945591 0.6603375527426161 0.01876172607879925 0.689873417721519 0.020637898686679174 0.7088607594936709 0.016885553470919325 0.7658227848101266 0.016885553470919325 0.8016877637130801 0.013133208255159476
8 0.8132911392405063 0.5459662288930581 0.8238396624472574 0.5590994371482176 0.8312236286919831 0.5609756097560976 0.8375527426160337 0.5572232645403377 0.8417721518987342 0.5590994371482176 0.8481012658227848 0.5478424015009381 0.8523206751054853 0.551594746716698 0.859704641350211 0.551594746716698 0.8681434599156118 0.5590994371482176 0.879746835443038 0.5590994371482176 0.8829113924050633 0.5534709193245778 0.9040084388185654 0.5590994371482176 0.9145569620253164 0.5572232645403377 0.919831223628692 0.5459662288930581 0.9335443037974683 0.5459662288930581 0.9409282700421941 0.5572232645403377 0.9493670886075949 0.5609756097560976 0.9535864978902954 0.5666041275797373 0.9578059071729957 0.5909943714821764 0.9578059071729957 0.624765478424015 0.9556962025316456 0.6454033771106942 0.9525316455696202 0.6529080675422139 0.939873417721519 0.6547842401500938 0.9345991561181435 0.6585365853658537 0.9272151898734177 0.6566604127579737 0.9177215189873418 0.6472795497185742 0.9061181434599156 0.6416510318949343 0.8850210970464135 0.6416510318949343 0.8660337552742616 0.6472795497185742 0.7890295358649789 0.6435272045028143 0.7837552742616034 0.6285178236397748 0.7816455696202531 0.5853658536585366 0.7732067510548524 0.5684803001876173 0.7721518987341772 0.5572232645403377 0.7774261603375527 0.5478424015009381 0.7932489451476793 0.5553470919324578 0.8048523206751055 0.5459662288930581 0.8122362869198312 0.5459662288930581