8 0.6361538461538462 0.5313807531380753 0.6438461538461538 0.5439330543933054 0.6476923076923077 0.5606694560669456 0.6546153846153846 0.5763598326359832 0.6546153846153846 0.5826359832635983 0.6592307692307692 0.5983263598326359 0.6653846153846154 0.6119246861924686 0.6723076923076923 0.647489539748954 0.6753846153846154 0.6537656903765691 0.676923076923077 0.6652719665271967 0.6746153846153846 0.6715481171548117 0.6638461538461539 0.6746861924686193 0.6569230769230769 0.6673640167364017 0.6538461538461539 0.6600418410041841 0.6538461538461539 0.6516736401673641 0.6461538461538462 0.6359832635983264 0.6469230769230769 0.6297071129707112 0.6523076923076923 0.6234309623430963 0.6530769230769231 0.6192468619246861 0.6484615384615384 0.6108786610878661 0.6469230769230769 0.6014644351464435 0.6361538461538462 0.5889121338912134 0.6330769230769231 0.5878661087866108 0.6246153846153846 0.5993723849372385 0.5953846153846154 0.6098326359832636 0.5884615384615385 0.6098326359832636 0.5853846153846154 0.602510460251046 0.5807692307692308 0.5983263598326359 0.5723076923076923 0.608786610878661 0.5438461538461539 0.6202928870292888 0.52 0.6244769874476988 0.4969230769230769 0.6338912133891214 0.4876923076923077 0.6349372384937239 0.46615384615384614 0.645397489539749 0.44461538461538463 0.6516736401673641 0.43538461538461537 0.6579497907949791 0.42846153846153845 0.6558577405857741 0.39615384615384613 0.6663179916317992 0.3507692307692308 0.6882845188284519 0.33692307692307694 0.6914225941422594 0.32769230769230767 0.6997907949790795 0.30923076923076925 0.700836820083682 0.30230769230769233 0.7060669456066946 0.3030769230769231 0.7102510460251046 0.3 0.7196652719665272 0.30153846153846153 0.7343096234309623 0.3 0.75 0.2876923076923077 0.75418410041841 0.28384615384615386 0.75418410041841 0.2792307692307692 0.74581589958159 0.27307692307692305 0.7123430962343096 0.2684615384615385 0.6997907949790795 0.25846153846153846 0.700836820083682 0.2523076923076923 0.7060669456066946 0.2523076923076923 0.7102510460251046 0.24461538461538462 0.7144351464435147 0.23846153846153847 0.6924686192468619 0.2376923076923077 0.6767782426778243 0.24461538461538462 0.6715481171548117 0.26 0.6673640167364017 0.2630769230769231 0.6642259414225942 0.26153846153846155 0.6370292887029289 0.25846153846153846 0.6276150627615062 0.25846153846153846 0.604602510460251 0.26153846153846155 0.6014644351464435 0.2723076923076923 0.6014644351464435 0.28 0.6171548117154811 0.2823076923076923 0.6328451882845189 0.28615384615384615 0.641213389121339 0.3153846153846154 0.6297071129707112 0.32769230769230767 0.6286610878661087 0.3353846153846154 0.6234309623430963 0.36923076923076925 0.6119246861924686 0.38846153846153847 0.6077405857740585 0.4084615384615385 0.5972803347280334 0.4623076923076923 0.5836820083682008 0.4846153846153846 0.5711297071129707 0.49615384615384617 0.5690376569037657 0.5069230769230769 0.5627615062761506 0.54 0.555439330543933 0.556923076923077 0.547071129707113 0.5707692307692308 0.5481171548117155 0.5738461538461539 0.5439330543933054 0.5753846153846154 0.5334728033472803 0.5838461538461538 0.5282426778242678 0.6038461538461538 0.5219665271966527 0.6153846153846154 0.5219665271966527 0.6192307692307693 0.5345188284518828 0.6292307692307693 0.5303347280334728 0.6353846153846154 0.5313807531380753
8 0.58 0.5449790794979079 0.5953846153846154 0.5596234309623431 0.5946153846153847 0.5669456066945606 0.5861538461538461 0.5690376569037657 0.5823076923076923 0.5805439330543933 0.5838461538461538 0.5889121338912134 0.5892307692307692 0.5920502092050209 0.5907692307692308 0.5962343096234309 0.5884615384615385 0.5972803347280334 0.5846153846153846 0.5920502092050209 0.5738461538461539 0.6077405857740585 0.5523076923076923 0.6150627615062761 0.5423076923076923 0.6213389121338913 0.5323076923076923 0.6213389121338913 0.48615384615384616 0.6359832635983264 0.4453846153846154 0.6516736401673641 0.43615384615384617 0.6579497907949791 0.42846153846153845 0.6558577405857741 0.40615384615384614 0.6631799163179917 0.38769230769230767 0.6705020920502092 0.38153846153846155 0.6757322175732218 0.35846153846153844 0.6830543933054394 0.3515384615384615 0.6882845188284519 0.3376923076923077 0.6914225941422594 0.32846153846153847 0.6997907949790795 0.3223076923076923 0.7018828451882845 0.30923076923076925 0.700836820083682 0.3046153846153846 0.7060669456066946 0.3007692307692308 0.7165271966527197 0.30153846153846153 0.74581589958159 0.3 0.7510460251046025 0.28923076923076924 0.75418410041841 0.2823076923076923 0.75418410041841 0.28076923076923077 0.7510460251046025 0.27307692307692305 0.7228033472803347 0.27307692307692305 0.7133891213389121 0.2684615384615385 0.700836820083682 0.25769230769230766 0.7018828451882845 0.2530769230769231 0.7060669456066946 0.25461538461538463 0.7102510460251046 0.25076923076923074 0.7092050209205021 0.24769230769230768 0.7154811715481172 0.24461538461538462 0.7154811715481172 0.23846153846153847 0.6935146443514645 0.23846153846153847 0.6767782426778243 0.2469230769230769 0.6705020920502092 0.26384615384615384 0.6642259414225942 0.26153846153846155 0.6537656903765691 0.2623076923076923 0.6401673640167364 0.25846153846153846 0.6265690376569037 0.26 0.6192468619246861 0.25846153846153846 0.604602510460251 0.26153846153846155 0.6014644351464435 0.27307692307692305 0.6035564853556485 0.2792307692307692 0.6150627615062761 0.28076923076923077 0.6307531380753139 0.28615384615384615 0.641213389121339 0.31461538461538463 0.6297071129707112 0.3261538461538461 0.6286610878661087 0.34615384615384615 0.6192468619246861 0.38846153846153847 0.6077405857740585 0.39384615384615385 0.602510460251046 0.4076923076923077 0.5972803347280334 0.46153846153846156 0.5836820083682008 0.5069230769230769 0.5617154811715481 0.5223076923076924 0.5606694560669456 0.5407692307692308 0.555439330543933 0.556923076923077 0.547071129707113 0.5676923076923077 0.547071129707113 0.5753846153846154 0.5502092050209205 0.5761538461538461 0.5460251046025104 0.5792307692307692 0.5449790794979079
8 0.6523076923076923 0.012552301255230125 0.6607692307692308 0.02092050209205021 0.6638461538461539 0.028242677824267783 0.6607692307692308 0.05230125523012552 0.6615384615384615 0.06276150627615062 0.6546153846153846 0.06589958158995816 0.6507692307692308 0.05753138075313807 0.6453846153846153 0.06276150627615062 0.6453846153846153 0.06589958158995816 0.6530769230769231 0.07426778242677824 0.6546153846153846 0.0794979079497908 0.6592307692307692 0.08054393305439331 0.6607692307692308 0.07845188284518828 0.6630769230769231 0.09100418410041841 0.6715384615384615 0.10146443514644352 0.68 0.1192468619246862 0.703076923076923 0.14748953974895398 0.7223076923076923 0.1799163179916318 0.7553846153846154 0.22489539748953974 0.7661538461538462 0.23640167364016737 0.7838461538461539 0.26569037656903766 0.8 0.28661087866108786 0.803076923076923 0.2939330543933054 0.8038461538461539 0.3106694560669456 0.8076923076923077 0.3200836820083682 0.8361538461538461 0.3378661087866109 0.8392307692307692 0.34518828451882844 0.8392307692307692 0.3577405857740586 0.8415384615384616 0.3619246861924686 0.8484615384615385 0.35355648535564854 0.8553846153846154 0.35251046025104604 0.8769230769230769 0.38284518828451886 0.8784615384615385 0.3901673640167364 0.8684615384615385 0.40794979079497906 0.8684615384615385 0.4110878661087866 0.8730769230769231 0.41736401673640167 0.87 0.42887029288702927 0.8630769230769231 0.4361924686192469 0.8507692307692307 0.4309623430962343 0.8415384615384616 0.44142259414225943 0.8376923076923077 0.44142259414225943 0.8315384615384616 0.4351464435146444 0.8115384615384615 0.40690376569037656 0.8115384615384615 0.401673640167364 0.8184615384615385 0.3901673640167364 0.8061538461538461 0.38493723849372385 0.7938461538461539 0.3692468619246862 0.7623076923076924 0.3138075313807531 0.76 0.3064853556485356 0.7261538461538461 0.2730125523012552 0.7146153846153847 0.2583682008368201 0.7107692307692308 0.24790794979079497 0.6923076923076923 0.22071129707112971 0.6538461538461539 0.1705020920502092 0.6346153846153846 0.14225941422594143 0.63 0.13179916317991633 0.6123076923076923 0.1087866108786611 0.5853846153846154 0.13179916317991633 0.5738461538461539 0.1192468619246862 0.5723076923076923 0.11506276150627615 0.5738461538461539 0.10460251046025104 0.5953846153846154 0.07322175732217573 0.5953846153846154 0.06903765690376569 0.5884615384615385 0.058577405857740586 0.5846153846153846 0.05753138075313807 0.5784615384615385 0.06171548117154812 0.5738461538461539 0.0596234309623431 0.5776923076923077 0.049163179916317995 0.5869230769230769 0.038702928870292884 0.5884615384615385 0.03138075313807531 0.5992307692307692 0.01882845188284519 0.6123076923076923 0.013598326359832637 0.6153846153846154 0.021966527196652718 0.6230769230769231 0.028242677824267783 0.6230769230769231 0.03765690376569038 0.6261538461538462 0.036610878661087864 0.6430769230769231 0.011506276150627616 0.6484615384615384 0.010460251046025104 0.6515384615384615 0.012552301255230125
8 0.24307692307692308 0.547071129707113 0.2453846153846154 0.549163179916318 0.2569230769230769 0.5836820083682008 0.2623076923076923 0.5868200836820083 0.32076923076923075 0.5606694560669456 0.35846153846153844 0.549163179916318 0.39384615384615385 0.5324267782426778 0.47307692307692306 0.5115062761506276 0.5038461538461538 0.5083682008368201 0.5084615384615384 0.5439330543933054 0.49923076923076926 0.5523012552301255 0.48615384615384616 0.5543933054393305 0.4584615384615385 0.5648535564853556 0.4015384615384615 0.5899581589958159 0.39384615384615385 0.5962343096234309 0.39 0.5951882845188284 0.3869230769230769 0.5983263598326359 0.3669230769230769 0.604602510460251 0.3476923076923077 0.6161087866108786 0.2946153846153846 0.6349372384937239 0.2853846153846154 0.6328451882845189 0.27692307692307694 0.6056485355648535 0.27307692307692305 0.600418410041841 0.2623076923076923 0.5993723849372385 0.25769230769230766 0.6056485355648535 0.2561538461538462 0.6213389121338913 0.26 0.6359832635983264 0.26 0.6642259414225942 0.25076923076923074 0.6652719665271967 0.23923076923076922 0.649581589958159 0.2323076923076923 0.6485355648535565 0.22923076923076924 0.649581589958159 0.22692307692307692 0.6548117154811716 0.22692307692307692 0.6694560669456067 0.22538461538461538 0.6715481171548117 0.22 0.6705020920502092 0.2169230769230769 0.6621338912133892 0.20846153846153845 0.6276150627615062 0.2053846153846154 0.6056485355648535 0.20846153846153845 0.6014644351464435 0.21153846153846154 0.602510460251046 0.21769230769230768 0.6161087866108786 0.23461538461538461 0.6119246861924686 0.2323076923076923 0.5899581589958159 0.2246153846153846 0.5585774058577406 0.22538461538461538 0.553347280334728 0.22923076923076924 0.549163179916318 0.2376923076923077 0.5460251046025104 0.2423076923076923 0.547071129707113
8 0.6192307692307693 0.4696652719665272 0.6269230769230769 0.4707112970711297 0.6284615384615385 0.47594142259414224 0.6269230769230769 0.48221757322175735 0.6276923076923077 0.49267782426778245 0.6307692307692307 0.49476987447698745 0.6369230769230769 0.49267782426778245 0.64 0.497907949790795 0.6576923076923077 0.4874476987447699 0.6623076923076923 0.4905857740585774 0.6684615384615384 0.4874476987447699 0.6707692307692308 0.49476987447698745 0.6853846153846154 0.48640167364016734 0.6915384615384615 0.4874476987447699 0.7092307692307692 0.502092050209205 0.7238461538461538 0.5104602510460251 0.7376923076923076 0.5146443514644351 0.7507692307692307 0.5240585774058577 0.7576923076923077 0.5251046025104602 0.7615384615384615 0.5303347280334728 0.79 0.549163179916318 0.84 0.5742677824267782 0.8453846153846154 0.5847280334728033 0.8484615384615385 0.5774058577405857 0.85 0.5826359832635983 0.8653846153846154 0.5941422594142259 0.9423076923076923 0.641213389121339 0.95 0.6338912133891214 0.9592307692307692 0.6108786610878661 0.9638461538461538 0.604602510460251 0.9692307692307692 0.604602510460251 0.9807692307692307 0.6119246861924686 0.9815384615384616 0.6234309623430963 0.9676923076923077 0.6715481171548117 0.9838461538461538 0.6820083682008368 0.99 0.6673640167364017 0.9961538461538462 0.6663179916317992 0.9992307692307693 0.6684100418410042 0.9769230769230769 0.7343096234309623 0.9730769230769231 0.7353556485355649 0.9684615384615385 0.7301255230125523 0.9723076923076923 0.7196652719665272 0.9684615384615385 0.7123430962343096 0.9615384615384616 0.7081589958158996 0.9561538461538461 0.7081589958158996 0.9515384615384616 0.7154811715481172 0.9392307692307692 0.75 0.9353846153846154 0.7531380753138075 0.9276923076923077 0.7510460251046025 0.9207692307692308 0.7468619246861925 0.9184615384615384 0.7416317991631799 0.9276923076923077 0.7060669456066946 0.926923076923077 0.6976987447698745 0.9223076923076923 0.6924686192468619 0.8607692307692307 0.6610878661087866 0.7876923076923077 0.6129707112970711 0.7330769230769231 0.5815899581589958 0.693076923076923 0.553347280334728 0.67 0.5418410041841004 0.6661538461538462 0.5355648535564853 0.6646153846153846 0.5219665271966527 0.6546153846153846 0.50418410041841 0.6438461538461538 0.5188284518828452 0.64 0.5156903765690377 0.6423076923076924 0.5115062761506276 0.64 0.5083682008368201 0.63 0.5083682008368201 0.63 0.5156903765690377 0.6261538461538462 0.5146443514644351 0.6230769230769231 0.5177824267782427 0.6192307692307693 0.5146443514644351 0.6192307692307693 0.5073221757322176 0.6223076923076923 0.5031380753138075 0.6238461538461538 0.4905857740585774 0.6238461538461538 0.4874476987447699 0.6184615384615385 0.4801255230125523 0.6192307692307693 0.4707112970711297
8 0.28615384615384615 0.030334728033472803 0.28615384615384615 0.03347280334728033 0.26692307692307693 0.06171548117154812 0.2653846153846154 0.06694560669456066 0.24615384615384617 0.09414225941422594 0.24076923076923076 0.10774058577405858 0.23307692307692307 0.11610878661087866 0.22384615384615383 0.12238493723849372 0.19846153846153847 0.1307531380753138 0.11846153846153847 0.1694560669456067 0.09307692307692307 0.17782426778242677 0.09076923076923077 0.18200836820083682 0.09076923076923077 0.18828451882845187 0.09692307692307692 0.2196652719665272 0.09538461538461539 0.22384937238493724 0.08461538461538462 0.2290794979079498 0.07923076923076923 0.2290794979079498 0.07615384615384616 0.22594142259414227 0.06384615384615384 0.18410041841004185 0.052307692307692305 0.18723849372384938 0.04923076923076923 0.19142259414225943 0.05 0.20292887029288703 0.046153846153846156 0.20711297071129708 0.04230769230769231 0.20502092050209206 0.03769230769230769 0.19142259414225943 0.03230769230769231 0.18828451882845187 0.031538461538461536 0.17154811715481172 0.025384615384615384 0.14539748953974896 0.025384615384615384 0.13807531380753138 0.031538461538461536 0.13702928870292888 0.036153846153846154 0.14748953974895398 0.052307692307692305 0.1401673640167364 0.052307692307692305 0.1297071129707113 0.043076923076923075 0.09832635983263599 0.043076923076923075 0.09205020920502092 0.046153846153846156 0.08786610878661087 0.055384615384615386 0.08368200836820083 0.06384615384615384 0.08577405857740586 0.07230769230769231 0.10146443514644352 0.07230769230769231 0.11297071129707113 0.07769230769230769 0.1192468619246862 0.10384615384615385 0.1108786610878661 0.15538461538461537 0.08368200836820083 0.17846153846153845 0.07426778242677824 0.19076923076923077 0.07217573221757322 0.22692307692307692 0.053347280334728034 0.2853846153846154 0.030334728033472803
8 0.2846153846153846 0.032426778242677826 0.27153846153846156 0.056485355648535567 0.2323076923076923 0.11610878661087866 0.1176923076923077 0.1694560669456067 0.09307692307692307 0.17782426778242677 0.09076923076923077 0.18723849372384938 0.09692307692307692 0.21234309623430964 0.09538461538461539 0.22384937238493724 0.08538461538461538 0.2290794979079498 0.07846153846153846 0.2290794979079498 0.07384615384615385 0.2196652719665272 0.06384615384615384 0.18410041841004185 0.05153846153846154 0.18828451882845187 0.04923076923076923 0.19142259414225943 0.04923076923076923 0.20502092050209206 0.043076923076923075 0.20606694560669456 0.03769230769230769 0.19142259414225943 0.03230769230769231 0.18723849372384938 0.03076923076923077 0.16631799163179917 0.024615384615384615 0.1401673640167364 0.03 0.13598326359832635 0.03769230769230769 0.14539748953974896 0.05 0.14225941422594143 0.052307692307692305 0.13912133891213388 0.052307692307692305 0.1297071129707113 0.043076923076923075 0.09832635983263599 0.043076923076923075 0.09205020920502092 0.045384615384615384 0.08786610878661087 0.05384615384615385 0.08368200836820083 0.06307692307692307 0.08472803347280335 0.07307692307692308 0.10355648535564854 0.07230769230769231 0.11297071129707113 0.07769230769230769 0.1202928870292887 0.08153846153846153 0.11715481171548117 0.10461538461538461 0.1108786610878661 0.15615384615384614 0.08368200836820083 0.18 0.07426778242677824 0.19076923076923077 0.07322175732217573 0.2276923076923077 0.053347280334728034 0.2353846153846154 0.05230125523012552 0.2623076923076923 0.038702928870292884 0.28384615384615386 0.03138075313807531
8 0.22538461538461538 0.6767782426778243 0.23846153846153847 0.6976987447698745 0.24461538461538462 0.7175732217573222 0.26384615384615384 0.7123430962343096 0.2692307692307692 0.7133891213389121 0.27307692307692305 0.7196652719665272 0.2784615384615385 0.74581589958159 0.28307692307692306 0.7562761506276151 0.2792307692307692 0.7615062761506276 0.2623076923076923 0.7719665271966527 0.2692307692307692 0.8085774058577406 0.2692307692307692 0.8169456066945606 0.26615384615384613 0.8211297071129707 0.2553846153846154 0.8263598326359832 0.24769230769230768 0.8221757322175732 0.2353846153846154 0.7845188284518828 0.23153846153846153 0.7792887029288703 0.22 0.7845188284518828 0.21769230769230768 0.7887029288702929 0.21846153846153846 0.8023012552301255 0.2169230769230769 0.8043933054393305 0.21153846153846154 0.803347280334728 0.19153846153846155 0.7405857740585774 0.19230769230769232 0.7353556485355649 0.19615384615384615 0.7353556485355649 0.20307692307692307 0.7447698744769874 0.20692307692307693 0.74581589958159 0.22 0.7364016736401674 0.20846153846153845 0.698744769874477 0.2076923076923077 0.6851464435146444 0.2153846153846154 0.6778242677824268 0.2246153846153846 0.6767782426778243
8 0.51 0.7332635983263598 0.5161538461538462 0.7343096234309623 0.5253846153846153 0.7269874476987448 0.5292307692307693 0.7269874476987448 0.5315384615384615 0.7426778242677824 0.53 0.7751046025104602 0.5284615384615384 0.7771966527196653 0.4946153846153846 0.8002092050209205 0.46076923076923076 0.8158995815899581 0.45 0.8253138075313807 0.4146153846153846 0.8420502092050209 0.3923076923076923 0.856694560669456 0.38 0.8577405857740585 0.3638461538461538 0.8692468619246861 0.36153846153846153 0.8692468619246861 0.35923076923076924 0.8650627615062761 0.35615384615384615 0.8713389121338913 0.3523076923076923 0.8713389121338913 0.3415384615384615 0.8786610878661087 0.32076923076923075 0.8797071129707112 0.3192307692307692 0.8880753138075314 0.3230769230769231 0.9037656903765691 0.31461538461538463 0.9048117154811716 0.3 0.9037656903765691 0.29384615384615387 0.891213389121339 0.2853846153846154 0.893305439330544 0.26692307692307693 0.9048117154811716 0.26076923076923075 0.9037656903765691 0.25769230769230766 0.897489539748954 0.24846153846153846 0.8556485355648535 0.25461538461538463 0.852510460251046 0.26153846153846155 0.8671548117154811 0.2676923076923077 0.8671548117154811 0.2846153846153846 0.858786610878661 0.2723076923076923 0.8127615062761506 0.2723076923076923 0.803347280334728 0.27615384615384614 0.7960251046025104 0.28384615384615386 0.7939330543933054 0.2915384615384615 0.7960251046025104 0.2946153846153846 0.8085774058577406 0.30615384615384617 0.8357740585774058 0.31076923076923074 0.8378661087866108 0.31384615384615383 0.8336820083682008 0.32153846153846155 0.8315899581589958 0.3253846153846154 0.8274058577405857 0.3484615384615385 0.8232217573221757 0.37153846153846154 0.8075313807531381 0.38 0.797071129707113 0.40384615384615385 0.7824267782426778 0.4076923076923077 0.7824267782426778 0.4169230769230769 0.7761506276150628 0.42923076923076925 0.7740585774058577 0.48846153846153845 0.7384937238493724 0.5092307692307693 0.7332635983263598
8 0.08615384615384615 0.37656903765690375 0.09 0.3797071129707113 0.09153846153846154 0.38702928870292885 0.08 0.4006276150627615 0.08384615384615385 0.4110878661087866 0.11615384615384615 0.4006276150627615 0.12692307692307692 0.40376569037656906 0.13076923076923078 0.4131799163179916 0.13076923076923078 0.42887029288702927 0.1276923076923077 0.4330543933054393 0.10384615384615385 0.4476987447698745 0.10307692307692308 0.45397489539748953 0.10923076923076923 0.4780334728033473 0.11692307692307692 0.5292887029288703 0.12846153846153846 0.5742677824267782 0.1276923076923077 0.5805439330543933 0.14 0.6234309623430963 0.1453846153846154 0.6610878661087866 0.15384615384615385 0.6882845188284519 0.15846153846153846 0.7165271966527197 0.17923076923076922 0.801255230125523 0.18153846153846154 0.8158995815899581 0.18076923076923077 0.8242677824267782 0.1930769230769231 0.8284518828451883 0.20307692307692307 0.8734309623430963 0.20307692307692307 0.8807531380753139 0.18769230769230769 0.8922594142259415 0.18307692307692308 0.9016736401673641 0.15538461538461537 0.9037656903765691 0.14923076923076922 0.9037656903765691 0.14615384615384616 0.9006276150627615 0.13538461538461538 0.8577405857740585 0.13538461538461538 0.8514644351464435 0.1423076923076923 0.8441422594142259 0.1423076923076923 0.8399581589958159 0.13692307692307693 0.8284518828451883 0.12846153846153846 0.7928870292887029 0.12538461538461537 0.7646443514644351 0.11923076923076924 0.7332635983263598 0.11153846153846154 0.700836820083682 0.10538461538461538 0.6841004184100419 0.09692307692307692 0.6370292887029289 0.08461538461538462 0.5889121338912134 0.08307692307692308 0.5742677824267782 0.07 0.5261506276150628 0.06307692307692307 0.48221757322175735 0.057692307692307696 0.4696652719665272 0.036923076923076927 0.47594142259414224 0.026923076923076925 0.47384937238493724 0.022307692307692306 0.4686192468619247 0.02 0.4571129707112971 0.02 0.448744769874477 0.023846153846153847 0.4424686192468619 0.03230769230769231 0.4393305439330544 0.05692307692307692 0.4215481171548117 0.05692307692307692 0.41527196652719667 0.05384615384615385 0.40794979079497906 0.043076923076923075 0.4089958158995816 0.04 0.40690376569037656 0.038461538461538464 0.3985355648535565 0.04153846153846154 0.39330543933054396 0.05846153846153846 0.38284518828451886 0.08538461538461538 0.37656903765690375
8 0.5223076923076924 0.399581589958159 0.5261538461538462 0.4027196652719665 0.5292307692307693 0.4100418410041841 0.5307692307692308 0.42782426778242677 0.5346153846153846 0.4341004184100418 0.5353846153846153 0.44037656903765693 0.5384615384615384 0.4393305439330544 0.5376923076923077 0.4351464435146444 0.5392307692307692 0.4330543933054393 0.5392307692307692 0.4424686192468619 0.5430769230769231 0.4497907949790795 0.5484615384615384 0.4341004184100418 0.5538461538461539 0.4320083682008368 0.56 0.4445606694560669 0.573076923076923 0.4424686192468619 0.5776923076923077 0.448744769874477 0.5792307692307692 0.4571129707112971 0.5884615384615385 0.47384937238493724 0.5946153846153847 0.4675732217573222 0.5953846153846154 0.47175732217573224 0.5953846153846154 0.4874476987447699 0.5915384615384616 0.48430962343096234 0.5892307692307692 0.4895397489539749 0.59 0.5115062761506276 0.5884615384615385 0.5156903765690377 0.56 0.5292887029288703 0.5538461538461539 0.5292887029288703 0.5492307692307692 0.5219665271966527 0.5476923076923077 0.5146443514644351 0.5430769230769231 0.5094142259414226 0.5376923076923077 0.5428870292887029 0.5361538461538462 0.547071129707113 0.5292307692307693 0.5523012552301255 0.5192307692307693 0.555439330543933 0.5146153846153846 0.553347280334728 0.5115384615384615 0.5460251046025104 0.51 0.5251046025104602 0.5061538461538462 0.5073221757322176 0.5030769230769231 0.5031380753138075 0.4976923076923077 0.5031380753138075 0.49153846153846154 0.5073221757322176 0.4469230769230769 0.5094142259414226 0.43923076923076926 0.5167364016736402 0.3476923076923077 0.5230125523012552 0.3038461538461538 0.5345188284518828 0.23692307692307693 0.5439330543933054 0.22692307692307692 0.5460251046025104 0.22076923076923077 0.5575313807531381 0.18692307692307691 0.5627615062761506 0.17846153846153845 0.5596234309623431 0.17307692307692307 0.5418410041841004 0.16846153846153847 0.5345188284518828 0.1676923076923077 0.5282426778242678 0.1723076923076923 0.4916317991631799 0.17846153846153845 0.48326359832635984 0.21307692307692308 0.4780334728033473 0.22230769230769232 0.4811715481171548 0.25461538461538463 0.4811715481171548 0.26692307692307693 0.4769874476987448 0.29384615384615387 0.4769874476987448 0.33153846153846156 0.47280334728033474 0.3792307692307692 0.46234309623430964 0.4307692307692308 0.4571129707112971 0.4523076923076923 0.448744769874477 0.46692307692307694 0.448744769874477 0.47307692307692306 0.4435146443514644 0.48 0.4445606694560669 0.48384615384615387 0.4372384937238494 0.4907692307692308 0.446652719665272 0.49538461538461537 0.446652719665272 0.4976923076923077 0.4424686192468619 0.4969230769230769 0.4351464435146444 0.5030769230769231 0.4351464435146444 0.5030769230769231 0.41422594142259417 0.5053846153846154 0.40481171548117156 0.5215384615384615 0.399581589958159
8 0.4430769230769231 0.0700836820083682 0.4676923076923077 0.08786610878661087 0.4753846153846154 0.10146443514644352 0.47384615384615386 0.10669456066945607 0.45153846153846156 0.11610878661087866 0.4238461538461539 0.13702928870292888 0.40692307692307694 0.1412133891213389 0.3892307692307692 0.1506276150627615 0.3638461538461538 0.17259414225941422 0.33384615384615385 0.1809623430962343 0.33 0.18723849372384938 0.33076923076923076 0.19560669456066945 0.32461538461538464 0.19874476987447698 0.32 0.19874476987447698 0.3169230769230769 0.19560669456066945 0.3130769230769231 0.1997907949790795 0.3176923076923077 0.200836820083682 0.3176923076923077 0.20292887029288703 0.3130769230769231 0.20292887029288703 0.31 0.1997907949790795 0.3046153846153846 0.20397489539748953 0.29384615384615387 0.1997907949790795 0.28615384615384615 0.19142259414225943 0.28 0.19560669456066945 0.2746153846153846 0.19142259414225943 0.2746153846153846 0.17782426778242677 0.2815384615384615 0.17154811715481172 0.2792307692307692 0.1705020920502092 0.2792307692307692 0.1589958158995816 0.2753846153846154 0.15271966527196654 0.2753846153846154 0.14748953974895398 0.2792307692307692 0.1412133891213389 0.2853846153846154 0.13912133891213388 0.29 0.13284518828451883 0.3 0.12656903765690378 0.3076923076923077 0.1307531380753138 0.31076923076923074 0.12552301255230125 0.31461538461538463 0.12866108786610878 0.3169230769230769 0.12447698744769875 0.32384615384615384 0.12552301255230125 0.3330769230769231 0.1192468619246862 0.3423076923076923 0.11820083682008369 0.35615384615384615 0.1087866108786611 0.40615384615384614 0.08472803347280335 0.41923076923076924 0.0794979079497908 0.4276923076923077 0.0794979079497908 0.4423076923076923 0.0700836820083682
8 0.5015384615384615 0.32426778242677823 0.51 0.32426778242677823 0.5115384615384615 0.3263598326359833 0.5161538461538462 0.32426778242677823 0.5184615384615384 0.3263598326359833 0.5276923076923077 0.37343096234309625 0.5353846153846153 0.37343096234309625 0.5430769230769231 0.3598326359832636 0.5461538461538461 0.36401673640167365 0.55 0.3587866108786611 0.5546153846153846 0.399581589958159 0.5546153846153846 0.4225941422594142 0.553076923076923 0.4246861924686193 0.5484615384615384 0.4246861924686193 0.5338461538461539 0.4131799163179916 0.5246153846153846 0.3985355648535565 0.5115384615384615 0.3985355648535565 0.5023076923076923 0.40690376569037656 0.5 0.4225941422594142 0.4946153846153846 0.42782426778242677 0.46307692307692305 0.42677824267782427 0.4530769230769231 0.4382845188284519 0.4461538461538462 0.4330543933054393 0.42538461538461536 0.4393305439330544 0.4146153846153846 0.4382845188284519 0.39384615384615385 0.4435146443514644 0.35846153846153844 0.4456066945606695 0.3415384615384615 0.45083682008368203 0.3046153846153846 0.45502092050209203 0.27384615384615385 0.46234309623430964 0.2684615384615385 0.4665271966527197 0.2630769230769231 0.46338912133891214 0.24923076923076923 0.46338912133891214 0.23461538461538461 0.4675732217573222 0.21846153846153846 0.46548117154811713 0.21 0.4769874476987448 0.1753846153846154 0.48326359832635984 0.17 0.4801255230125523 0.16615384615384615 0.46443514644351463 0.16 0.4592050209205021 0.15615384615384614 0.446652719665272 0.1576923076923077 0.4351464435146444 0.16 0.4351464435146444 0.16307692307692306 0.4299163179916318 0.16384615384615384 0.4100418410041841 0.17153846153846153 0.40376569037656906 0.19692307692307692 0.399581589958159 0.20615384615384616 0.399581589958159 0.2123076923076923 0.40376569037656906 0.30230769230769233 0.399581589958159 0.31384615384615383 0.39539748953974896 0.3630769230769231 0.3880753138075314 0.38076923076923075 0.38284518828451886 0.4023076923076923 0.38284518828451886 0.45153846153846156 0.3723849372384937 0.4684615384615385 0.3723849372384937 0.4969230769230769 0.36715481171548114 0.49923076923076926 0.36297071129707115 0.49846153846153846 0.34518828451882844 0.5015384615384615 0.3253138075313807
8 0.5384615384615384 0.19874476987447698 0.5507692307692308 0.20815899581589958 0.5523076923076923 0.2175732217573222 0.5553846153846154 0.22280334728033474 0.556923076923077 0.23744769874476987 0.553076923076923 0.24581589958158995 0.5384615384615384 0.25418410041841005 0.5338461538461539 0.2604602510460251 0.4776923076923077 0.27510460251046026 0.39692307692307693 0.3054393305439331 0.39076923076923076 0.30962343096234307 0.3869230769230769 0.32426778242677823 0.38076923076923075 0.32426778242677823 0.37461538461538463 0.3179916317991632 0.36230769230769233 0.3190376569037657 0.2823076923076923 0.3472803347280335 0.28 0.350418410041841 0.28 0.3912133891213389 0.2692307692307692 0.39644351464435146 0.2623076923076923 0.39539748953974896 0.2592307692307692 0.3912133891213389 0.2530769230769231 0.35355648535564854 0.25 0.3472803347280335 0.23384615384615384 0.350418410041841 0.23153846153846153 0.35355648535564854 0.2323076923076923 0.3692468619246862 0.23076923076923078 0.3713389121338912 0.22538461538461538 0.3692468619246862 0.22 0.3493723849372385 0.21615384615384614 0.32426778242677823 0.21615384615384614 0.3043933054393305 0.22 0.3054393305439331 0.22076923076923077 0.3138075313807531 0.22384615384615383 0.3169456066945607 0.2423076923076923 0.3117154811715481 0.24461538461538462 0.3075313807531381 0.24307692307692308 0.2897489539748954 0.2376923076923077 0.26673640167364016 0.2376923076923077 0.25627615062761505 0.24076923076923076 0.25 0.2530769230769231 0.24790794979079497 0.25769230769230766 0.2510460251046025 0.2676923076923077 0.28556485355648537 0.27307692307692305 0.28661087866108786 0.3076923076923077 0.27405857740585776 0.3176923076923077 0.26778242677824265 0.3292307692307692 0.26569037656903766 0.35307692307692307 0.26778242677824265 0.36538461538461536 0.25732217573221755 0.39 0.25 0.40307692307692305 0.24267782426778242 0.43846153846153846 0.23326359832635984 0.4623076923076923 0.22280334728033474 0.47384615384615386 0.2217573221757322 0.49615384615384617 0.2102510460251046 0.5107692307692308 0.20815899581589958 0.5261538461538462 0.200836820083682 0.5376923076923077 0.19874476987447698
8 0.30923076923076925 0 0.3376923076923077 0 0.35923076923076924 0.029288702928870293 0.3523076923076923 0.03138075313807531 0.3453846153846154 0.0397489539748954 0.33076923076923076 0.060669456066945605 0.32769230769230767 0.06903765690376569 0.3161538461538462 0.0794979079497908 0.3007692307692308 0.100418410041841 0.28692307692307695 0.12656903765690378 0.2653846153846154 0.15585774058577406 0.2569230769230769 0.17782426778242677 0.23076923076923078 0.21234309623430964 0.22384615384615383 0.2280334728033473 0.20076923076923076 0.25523012552301255 0.1930769230769231 0.2698744769874477 0.17615384615384616 0.2928870292887029 0.1776923076923077 0.3002092050209205 0.18153846153846154 0.3023012552301255 0.18153846153846154 0.3054393305439331 0.1776923076923077 0.3054393305439331 0.17615384615384616 0.3127615062761506 0.17615384615384616 0.33158995815899583 0.18076923076923077 0.3410041841004184 0.18153846153846154 0.35355648535564854 0.1723076923076923 0.3692468619246862 0.1646153846153846 0.3692468619246862 0.13692307692307693 0.3399581589958159 0.1276923076923077 0.35564853556485354 0.13307692307692306 0.36610878661087864 0.13076923076923078 0.37343096234309625 0.12153846153846154 0.3702928870292887 0.10538461538461538 0.35251046025104604 0.09076923076923077 0.33263598326359833 0.08923076923076922 0.3274058577405858 0.09153846153846154 0.32217573221757323 0.09615384615384616 0.32217573221757323 0.10230769230769231 0.3274058577405858 0.11307692307692307 0.3169456066945607 0.11461538461538462 0.3127615062761506 0.09153846153846154 0.2834728033472803 0.0876923076923077 0.27510460251046026 0.08846153846153847 0.26464435146443516 0.09846153846153846 0.2510460251046025 0.10538461538461538 0.25313807531380755 0.12461538461538461 0.2730125523012552 0.13 0.2730125523012552 0.18461538461538463 0.19246861924686193 0.19846153846153847 0.1684100418410042 0.2123076923076923 0.1506276150627615 0.2230769230769231 0.1297071129707113 0.24153846153846154 0.1087866108786611 0.2469230769230769 0.09518828451882845 0.30923076923076925 0.0010460251046025104
8 0.54 0.6380753138075314 0.5407692307692308 0.6527196652719666 0.5376923076923077 0.6652719665271967 0.5330769230769231 0.6715481171548117 0.5292307692307693 0.6715481171548117 0.5230769230769231 0.6610878661087866 0.5169230769230769 0.6610878661087866 0.51 0.6715481171548117 0.5084615384615384 0.6861924686192469 0.5030769230769231 0.7039748953974896 0.4653846153846154 0.7290794979079498 0.4523076923076923 0.7322175732217573 0.44 0.7426778242677824 0.4307692307692308 0.7468619246861925 0.42230769230769233 0.7583682008368201 0.4107692307692308 0.7677824267782427 0.3930769230769231 0.7792887029288703 0.3830769230769231 0.7824267782426778 0.36615384615384616 0.7792887029288703 0.35923076923076924 0.7667364016736402 0.3515384615384615 0.7688284518828452 0.3507692307692308 0.7615062761506276 0.35615384615384615 0.7583682008368201 0.3576923076923077 0.7332635983263598 0.36538461538461536 0.7228033472803347 0.39615384615384613 0.7060669456066946 0.41384615384615386 0.700836820083682 0.4276923076923077 0.6924686192468619 0.4430769230769231 0.6872384937238494 0.4576923076923077 0.6767782426778243 0.47 0.6736401673640168 0.5023076923076923 0.6548117154811716 0.5261538461538462 0.6464435146443515 0.5392307692307692 0.6380753138075314
8 0.5515384615384615 0.25418410041841005 0.5576923076923077 0.2615062761506276 0.5584615384615385 0.2698744769874477 0.5723076923076923 0.2897489539748954 0.6092307692307692 0.2709205020920502 0.63 0.26778242677824265 0.6538461538461539 0.2939330543933054 0.6653846153846154 0.303347280334728 0.6646153846153846 0.30857740585774057 0.6569230769230769 0.3158995815899582 0.6407692307692308 0.32112970711297073 0.5861538461538461 0.3472803347280335 0.5853846153846154 0.35564853556485354 0.5923076923076923 0.3880753138075314 0.5892307692307692 0.39435146443514646 0.5784615384615385 0.3985355648535565 0.573076923076923 0.39748953974895396 0.5676923076923077 0.3901673640167364 0.56 0.3587866108786611 0.556923076923077 0.35355648535564854 0.5446153846153846 0.3514644351464435 0.5361538461538462 0.3682008368200837 0.5284615384615384 0.3514644351464435 0.5230769230769231 0.3274058577405858 0.5238461538461539 0.3200836820083682 0.5269230769230769 0.3169456066945607 0.5446153846153846 0.3127615062761506 0.5523076923076923 0.303347280334728 0.55 0.29811715481171547 0.5476923076923077 0.3023012552301255 0.5461538461538461 0.301255230125523 0.5415384615384615 0.28556485355648537 0.5384615384615384 0.26464435146443516 0.54 0.2583682008368201 0.5507692307692308 0.25418410041841005
8 0.39384615384615385 0.6746861924686193 0.39615384615384613 0.6778242677824268 0.3946153846153846 0.6820083682008368 0.39615384615384613 0.6851464435146444 0.3869230769230769 0.6893305439330544 0.38384615384615384 0.6956066945606695 0.37461538461538463 0.6976987447698745 0.35307692307692307 0.7154811715481172 0.3446153846153846 0.7154811715481172 0.3423076923076923 0.7186192468619247 0.33076923076923076 0.7165271966527197 0.33153846153846156 0.7248953974895398 0.3384615384615385 0.7248953974895398 0.3415384615384615 0.7207112970711297 0.3446153846153846 0.7248953974895398 0.3484615384615385 0.7238493723849372 0.3523076923076923 0.7290794979079498 0.3553846153846154 0.7395397489539749 0.36923076923076925 0.7207112970711297 0.4153846153846154 0.700836820083682 0.4907692307692308 0.6610878661087866 0.5146153846153846 0.6527196652719666 0.5161538461538462 0.6537656903765691 0.5153846153846153 0.6589958158995816 0.5092307692307693 0.6715481171548117 0.5061538461538462 0.694560669456067 0.5023076923076923 0.7039748953974896 0.4907692307692308 0.7092050209205021 0.47307692307692306 0.7238493723849372 0.4492307692307692 0.7332635983263598 0.43923076923076926 0.7416317991631799 0.4307692307692308 0.7447698744769874 0.4246153846153846 0.75 0.4207692307692308 0.7583682008368201 0.39615384615384613 0.7771966527196653 0.38384615384615384 0.7824267782426778 0.37 0.7813807531380753 0.37153846153846154 0.8023012552301255 0.3676923076923077 0.8064853556485355 0.36153846153846153 0.8064853556485355 0.3553846153846154 0.8138075313807531 0.34384615384615386 0.8158995815899581 0.3415384615384615 0.8211297071129707 0.33615384615384614 0.8200836820083682 0.33153846153846156 0.8138075313807531 0.32461538461538464 0.797071129707113 0.3176923076923077 0.799163179916318 0.3123076923076923 0.7960251046025104 0.3069230769230769 0.7834728033472803 0.3069230769230769 0.7771966527196653 0.31384615384615383 0.7667364016736402 0.31384615384615383 0.7573221757322176 0.31 0.7395397489539749 0.30230769230769233 0.7259414225941423 0.3038461538461538 0.7123430962343096 0.3069230769230769 0.7071129707112971 0.31384615384615383 0.7081589958158996 0.3261538461538461 0.702928870292887 0.3330769230769231 0.702928870292887 0.3415384615384615 0.6956066945606695 0.3484615384615385 0.696652719665272 0.35 0.6924686192468619 0.35307692307692307 0.6924686192468619 0.3607692307692308 0.6851464435146444 0.3776923076923077 0.6788702928870293 0.3830769230769231 0.6799163179916318 0.38769230769230767 0.6746861924686193 0.3930769230769231 0.6746861924686193
8 0.9992307692307693 0.21234309623430964 0.9992307692307693 0.3619246861924686 0.9946153846153846 0.35564853556485354 0.9892307692307692 0.32217573221757323 0.9846153846153847 0.3127615062761506 0.9815384615384616 0.32112970711297073 0.9776923076923076 0.32426778242677823 0.8592307692307692 0.3493723849372385 0.8438461538461538 0.3472803347280335 0.8346153846153846 0.3305439330543933 0.823076923076923 0.3274058577405858 0.8176923076923077 0.3200836820083682 0.8153846153846154 0.303347280334728 0.813076923076923 0.29916317991631797 0.8138461538461539 0.29602510460251047 0.8238461538461539 0.2928870292887029 0.8276923076923077 0.29497907949790797 0.8376923076923077 0.2897489539748954 0.8684615384615385 0.28556485355648537 0.9561538461538461 0.26569037656903766 0.9769230769230769 0.26464435146443516 0.98 0.2583682008368201 0.9792307692307692 0.22489539748953974 0.9807692307692307 0.2175732217573222 0.99 0.21234309623430964 0.9984615384615385 0.21234309623430964
8 0.5638461538461539 0.6276150627615062 0.5723076923076923 0.6370292887029289 0.5746153846153846 0.6589958158995816 0.57 0.6684100418410042 0.5738461538461539 0.6715481171548117 0.6169230769230769 0.6788702928870293 0.6230769230769231 0.6820083682008368 0.6261538461538462 0.6799163179916318 0.63 0.6830543933054394 0.6876923076923077 0.6861924686192469 0.7238461538461538 0.698744769874477 0.7461538461538462 0.698744769874477 0.7515384615384615 0.702928870292887 0.7684615384615384 0.702928870292887 0.7815384615384615 0.7060669456066946 0.816923076923077 0.7196652719665272 0.8469230769230769 0.7259414225941423 0.8515384615384616 0.7290794979079498 0.8592307692307692 0.7217573221757322 0.8969230769230769 0.7280334728033473 0.9023076923076923 0.7332635983263598 0.9092307692307692 0.7761506276150628 0.9076923076923077 0.7824267782426778 0.9007692307692308 0.7887029288702929 0.8946153846153846 0.8064853556485355 0.8907692307692308 0.8085774058577406 0.8523076923076923 0.801255230125523 0.8476923076923077 0.7887029288702929 0.8161538461538461 0.7855648535564853 0.7723076923076924 0.7740585774058577 0.7507692307692307 0.7719665271966527 0.713076923076923 0.7604602510460251 0.6815384615384615 0.7656903765690377 0.6361538461538462 0.7489539748953975 0.6207692307692307 0.7447698744769874 0.6023076923076923 0.7447698744769874 0.5969230769230769 0.7405857740585774 0.5769230769230769 0.7364016736401674 0.57 0.7364016736401674 0.5653846153846154 0.7405857740585774 0.5615384615384615 0.7531380753138075 0.5607692307692308 0.7677824267782427 0.553076923076923 0.7782426778242678 0.5353846153846153 0.7761506276150628 0.5330769230769231 0.7719665271966527 0.5353846153846153 0.7489539748953975 0.5330769230769231 0.7311715481171548 0.5346153846153846 0.7196652719665272 0.5315384615384615 0.7154811715481172 0.5253846153846153 0.7133891213389121 0.5184615384615384 0.7290794979079498 0.5153846153846153 0.7311715481171548 0.5115384615384615 0.7301255230125523 0.5084615384615384 0.7228033472803347 0.5076923076923077 0.7018828451882845 0.5107692307692308 0.6767782426778243 0.5161538461538462 0.6631799163179917 0.52 0.6600418410041841 0.5230769230769231 0.6589958158995816 0.5307692307692308 0.6642259414225942 0.5384615384615384 0.6631799163179917 0.5430769230769231 0.6516736401673641 0.5423076923076923 0.645397489539749 0.5453846153846154 0.6401673640167364 0.5461538461538461 0.6286610878661087 0.55 0.6234309623430963 0.5638461538461539 0.6223849372384938 0.563076923076923 0.6276150627615062
8 0.07076923076923076 0 0.17692307692307693 0 0.1776923076923077 0.0020920502092050207 0.18076923076923077 0 0.2276923076923077 0 0.21923076923076923 0.005230125523012552 0.19846153846153847 0.011506276150627616 0.17692307692307693 0.014644351464435146 0.14615384615384616 0.02405857740585774 0.13307692307692306 0.02510460251046025 0.12923076923076923 0.021966527196652718 0.12692307692307692 0.02615062761506276 0.12692307692307692 0.032426778242677826 0.13307692307692306 0.04184100418410042 0.13076923076923078 0.06799163179916318 0.1176923076923077 0.07322175732217573 0.11153846153846154 0.07217573221757322 0.10923076923076923 0.06903765690376569 0.10153846153846154 0.028242677824267783 0.09846153846153846 0.02301255230125523 0.08692307692307692 0.02615062761506276 0.08461538461538462 0.029288702928870293 0.08461538461538462 0.04288702928870293 0.07769230769230769 0.04288702928870293 0.07076923076923076 0.011506276150627616 0.07076923076923076 0.0010460251046025104
8 0.7269230769230769 0.7677824267782427 0.7338461538461538 0.7824267782426778 0.7369230769230769 0.7845188284518828 0.7415384615384616 0.7824267782426778 0.7446153846153846 0.7855648535564853 0.7476923076923077 0.7949790794979079 0.7469230769230769 0.8064853556485355 0.7415384615384616 0.8169456066945606 0.7415384615384616 0.8336820083682008 0.7346153846153847 0.8399581589958159 0.7038461538461539 0.8535564853556485 0.7007692307692308 0.852510460251046 0.6953846153846154 0.8420502092050209 0.6861538461538461 0.852510460251046 0.6676923076923077 0.856694560669456 0.6423076923076924 0.8682008368200836 0.6307692307692307 0.8786610878661087 0.6007692307692307 0.8870292887029289 0.556923076923077 0.9048117154811716 0.4707692307692308 0.9058577405857741 0.41307692307692306 0.9048117154811716 0.4107692307692308 0.9037656903765691 0.4207692307692308 0.8964435146443515 0.44076923076923075 0.8891213389121339 0.4746153846153846 0.8713389121338913 0.48384615384615387 0.8702928870292888 0.5015384615384615 0.8608786610878661 0.5123076923076924 0.858786610878661 0.5323076923076923 0.8483263598326359 0.5392307692307692 0.8472803347280334 0.5723076923076923 0.8305439330543933 0.5807692307692308 0.8294979079497908 0.6030769230769231 0.8200836820083682 0.6453846153846153 0.799163179916318 0.6538461538461539 0.7981171548117155 0.6715384615384615 0.7897489539748954 0.6823076923076923 0.7907949790794979 0.6846153846153846 0.7761506276150628 0.6915384615384615 0.7709205020920502 0.7084615384615385 0.7656903765690377 0.7261538461538461 0.7677824267782427
8 0.40692307692307694 0 0.44846153846153847 0 0.4492307692307692 0.0020920502092050207 0.4592307692307692 0.0041841004184100415 0.4646153846153846 0 0.4776923076923077 0 0.47692307692307695 0.008368200836820083 0.47307692307692306 0.015690376569037656 0.47 0.014644351464435146 0.4684615384615385 0.016736401673640166 0.46923076923076923 0.0198744769874477 0.47692307692307695 0.02405857740585774 0.49846153846153846 0.04497907949790795 0.5015384615384615 0.04497907949790795 0.5115384615384615 0.06171548117154812 0.5261538461538462 0.07635983263598327 0.5307692307692308 0.08577405857740586 0.5438461538461539 0.10146443514644352 0.6061538461538462 0.1589958158995816 0.64 0.19874476987447698 0.6584615384615384 0.21548117154811716 0.6707692307692308 0.23221757322175732 0.6846153846153846 0.24267782426778242 0.6884615384615385 0.2489539748953975 0.6923076923076923 0.26359832635983266 0.6961538461538461 0.2583682008368201 0.7023076923076923 0.25523012552301255 0.7269230769230769 0.27719665271966526 0.7323076923076923 0.28661087866108786 0.7253846153846154 0.3054393305439331 0.7253846153846154 0.3106694560669456 0.7307692307692307 0.3169456066945607 0.73 0.32217573221757323 0.7269230769230769 0.3294979079497908 0.7238461538461538 0.33158995815899583 0.7092307692307692 0.3305439330543933 0.703076923076923 0.32426778242677823 0.703076923076923 0.3200836820083682 0.6976923076923077 0.3106694560669456 0.6853846153846154 0.3075313807531381 0.6838461538461539 0.3023012552301255 0.6784615384615384 0.3023012552301255 0.6776923076923077 0.3043933054393305 0.68 0.3064853556485356 0.6776923076923077 0.3075313807531381 0.6707692307692308 0.3075313807531381 0.6730769230769231 0.3002092050209205 0.6715384615384615 0.29497907949790797 0.6630769230769231 0.29707112970711297 0.6546153846153846 0.2918410041841004 0.6176923076923077 0.2489539748953975 0.6092307692307692 0.24267782426778242 0.6023076923076923 0.23221757322175732 0.5684615384615385 0.1997907949790795 0.5607692307692308 0.1893305439330544 0.5523076923076923 0.18410041841004185 0.5376923076923077 0.16213389121338911 0.5276923076923077 0.15481171548117154 0.5123076923076924 0.13493723849372385 0.49846153846153846 0.12343096234309624 0.47615384615384615 0.09832635983263599 0.47307692307692306 0.09205020920502092 0.46307692307692305 0.08158995815899582 0.45615384615384613 0.07845188284518828 0.44384615384615383 0.06380753138075314 0.4423076923076923 0.06276150627615062 0.43538461538461537 0.07217573221757322 0.42615384615384616 0.07740585774058577 0.4176923076923077 0.07740585774058577 0.41384615384615386 0.07426778242677824 0.40692307692307694 0.06485355648535565 0.40692307692307694 0.053347280334728034 0.42 0.021966527196652718 0.41846153846153844 0.0198744769874477 0.4107692307692308 0.02301255230125523 0.40307692307692305 0.021966527196652718 0.4015384615384615 0.016736401673640166 0.40307692307692305 0.006276150627615063 0.40692307692307694 0.0010460251046025104
8 0.5115384615384615 0.14330543933054393 0.5346153846153846 0.16108786610878661 0.5430769230769231 0.17154811715481172 0.5453846153846154 0.1799163179916318 0.5415384615384615 0.18514644351464435 0.5276923076923077 0.1903765690376569 0.49923076923076926 0.19560669456066945 0.48846153846153845 0.20292887029288703 0.46153846153846156 0.2112970711297071 0.43923076923076926 0.22384937238493724 0.4207692307692308 0.2280334728033473 0.4015384615384615 0.23640167364016737 0.39692307692307693 0.23744769874476987 0.3861538461538462 0.23221757322175732 0.3830769230769231 0.24581589958158995 0.37461538461538463 0.24790794979079497 0.36923076923076925 0.2405857740585774 0.3646153846153846 0.24372384937238495 0.35923076923076924 0.24267782426778242 0.35615384615384615 0.24790794979079497 0.35615384615384615 0.25418410041841005 0.35 0.2583682008368201 0.3446153846153846 0.25523012552301255 0.3415384615384615 0.24372384937238495 0.3346153846153846 0.24476987447698745 0.33153846153846156 0.24163179916317992 0.3261538461538461 0.22698744769874477 0.3269230769230769 0.2175732217573222 0.33615384615384614 0.20920502092050208 0.33615384615384614 0.20292887029288703 0.3323076923076923 0.19246861924686193 0.3330769230769231 0.18514644351464435 0.33615384615384614 0.18200836820083682 0.35384615384615387 0.17782426778242677 0.3669230769230769 0.17154811715481172 0.38769230769230767 0.17364016736401675 0.4230769230769231 0.16631799163179917 0.43923076923076926 0.15690376569037656 0.4592307692307692 0.15376569037656904 0.46307692307692305 0.14958158995815898 0.4930769230769231 0.13912133891213388 0.5023076923076923 0.13807531380753138 0.5107692307692308 0.14330543933054393
8 0.6207692307692307 0.3682008368200837 0.6484615384615384 0.3797071129707113 0.6515384615384615 0.38598326359832635 0.6507692307692308 0.39644351464435146 0.6523076923076923 0.3985355648535565 0.6615384615384615 0.39539748953974896 0.6707692307692308 0.39644351464435146 0.6953846153846154 0.4089958158995816 0.71 0.4110878661087866 0.7438461538461538 0.42573221757322177 0.7546153846153846 0.42782426778242677 0.7684615384615384 0.4382845188284519 0.7984615384615384 0.45083682008368203 0.8192307692307692 0.45292887029288703 0.8292307692307692 0.4592050209205021 0.8623076923076923 0.4686192468619247 0.87 0.47489539748953974 0.8823076923076923 0.4769874476987448 0.9007692307692308 0.4874476987447699 0.9346153846153846 0.5 0.936923076923077 0.497907949790795 0.943076923076923 0.47280334728033474 0.9492307692307692 0.46234309623430964 0.9653846153846154 0.46338912133891214 0.9676923076923077 0.4665271966527197 0.9676923076923077 0.4790794979079498 0.9623076923076923 0.5073221757322176 0.963076923076923 0.5125523012552301 0.9661538461538461 0.5167364016736402 0.98 0.5188284518828452 0.9838461538461538 0.5219665271966527 0.99 0.5156903765690377 0.9946153846153846 0.5167364016736402 0.9953846153846154 0.5271966527196653 0.9923076923076923 0.5449790794979079 0.9830769230769231 0.5815899581589958 0.9784615384615385 0.5889121338912134 0.9746153846153847 0.5878661087866108 0.9753846153846154 0.5774058577405857 0.9730769230769231 0.5721757322175732 0.953076923076923 0.5617154811715481 0.9476923076923077 0.5721757322175732 0.9415384615384615 0.6056485355648535 0.9376923076923077 0.6108786610878661 0.9253846153846154 0.608786610878661 0.92 0.6035564853556485 0.9238461538461539 0.5721757322175732 0.9230769230769231 0.5617154811715481 0.9207692307692308 0.5575313807531381 0.8784615384615385 0.5439330543933054 0.86 0.5345188284518828 0.8153846153846154 0.5188284518828452 0.6892307692307692 0.4675732217573222 0.6676923076923077 0.46234309623430964 0.6515384615384615 0.45188284518828453 0.6492307692307693 0.45188284518828453 0.6461538461538462 0.4571129707112971 0.6507692307692308 0.46129707112970714 0.6615384615384615 0.46443514644351463 0.6684615384615384 0.47280334728033474 0.6646153846153846 0.4769874476987448 0.6646153846153846 0.48221757322175735 0.6684615384615384 0.4874476987447699 0.6676923076923077 0.4905857740585774 0.6646153846153846 0.4916317991631799 0.6646153846153846 0.497907949790795 0.6607692307692308 0.50418410041841 0.6615384615384615 0.5083682008368201 0.6584615384615384 0.5146443514644351 0.6576923076923077 0.5303347280334728 0.6546153846153846 0.5366108786610879 0.65 0.5387029288702929 0.6384615384615384 0.5261506276150628 0.6261538461538462 0.5219665271966527 0.6223076923076923 0.5177824267782427 0.6223076923076923 0.5146443514644351 0.6253846153846154 0.5125523012552301 0.6253846153846154 0.50418410041841 0.6284615384615385 0.5010460251046025 0.6284615384615385 0.4905857740585774 0.6338461538461538 0.4884937238493724 0.6323076923076923 0.4811715481171548 0.63 0.4801255230125523 0.63 0.47384937238493724 0.6369230769230769 0.4560669456066946 0.63 0.45397489539748953 0.6207692307692307 0.446652719665272 0.6023076923076923 0.44037656903765693 0.6007692307692307 0.4341004184100418 0.6023076923076923 0.4299163179916318 0.6092307692307692 0.4361924686192469 0.6123076923076923 0.4330543933054393 0.6146153846153846 0.4382845188284519 0.6238461538461538 0.4351464435146444 0.6261538461538462 0.4393305439330544 0.6292307692307693 0.4393305439330544 0.6392307692307693 0.42782426778242677 0.6330769230769231 0.4246861924686193 0.6330769230769231 0.4205020920502092 0.6276923076923077 0.41841004184100417 0.6269230769230769 0.4131799163179916 0.6223076923076923 0.41422594142259417 0.6246153846153846 0.41736401673640167 0.6230769230769231 0.4225941422594142 0.6153846153846154 0.41841004184100417 0.6130769230769231 0.4246861924686193 0.6092307692307692 0.4236401673640167 0.6053846153846154 0.4131799163179916 0.6023076923076923 0.42782426778242677 0.6015384615384616 0.41841004184100417 0.5930769230769231 0.4110878661087866 0.5923076923076923 0.40481171548117156 0.5961538461538461 0.3901673640167364 0.6053846153846154 0.3912133891213389 0.6146153846153846 0.3692468619246862 0.62 0.3682008368200837