8 0.639344262295082 0.07777777777777778 0.6475409836065574 0.07777777777777778 0.6475409836065574 0.08333333333333333 0.6516393442622951 0.08888888888888889 0.6598360655737705 0.07777777777777778 0.6598360655737705 0.07222222222222222 0.6680327868852459 0.06111111111111111 0.6762295081967213 0.06111111111111111 0.680327868852459 0.05555555555555555 0.7008196721311475 0.05555555555555555 0.7049180327868853 0.06111111111111111 0.7131147540983607 0.06111111111111111 0.7213114754098361 0.07222222222222222 0.7213114754098361 0.07777777777777778 0.7254098360655737 0.08333333333333333 0.7254098360655737 0.08888888888888889 0.7295081967213115 0.09444444444444444 0.7295081967213115 0.12222222222222222 0.7254098360655737 0.12777777777777777 0.7254098360655737 0.13333333333333333 0.7172131147540983 0.15 0.7131147540983607 0.15 0.7008196721311475 0.16111111111111112 0.6967213114754098 0.15555555555555556 0.6926229508196722 0.15555555555555556 0.6885245901639344 0.16111111111111112 0.6762295081967213 0.16111111111111112 0.6721311475409836 0.16666666666666666 0.6598360655737705 0.16666666666666666 0.6516393442622951 0.17777777777777778 0.6434426229508197 0.17777777777777778 0.639344262295082 0.18333333333333332 0.6311475409836066 0.18333333333333332 0.6270491803278688 0.18888888888888888 0.6188524590163934 0.18888888888888888 0.6147540983606558 0.19444444444444445 0.6024590163934426 0.19444444444444445 0.5983606557377049 0.18888888888888888 0.5942622950819673 0.18888888888888888 0.5819672131147541 0.17777777777777778 0.5901639344262295 0.17777777777777778 0.5983606557377049 0.16666666666666666 0.5901639344262295 0.15555555555555556 0.5860655737704918 0.15555555555555556 0.5901639344262295 0.15 0.5942622950819673 0.15555555555555556 0.5983606557377049 0.15555555555555556 0.6024590163934426 0.16111111111111112 0.6065573770491803 0.16111111111111112 0.610655737704918 0.15555555555555556 0.610655737704918 0.13333333333333333 0.6147540983606558 0.12777777777777777 0.6147540983606558 0.12222222222222222 0.6188524590163934 0.11666666666666667 0.6188524590163934 0.1111111111111111 0.6311475409836066 0.09444444444444444 0.6352459016393442 0.09444444444444444 0.639344262295082 0.08888888888888889 0.639344262295082 0.08333333333333333
8 0.05327868852459016 0.2611111111111111 0.08196721311475409 0.2611111111111111 0.09016393442622951 0.2722222222222222 0.0942622950819672 0.2722222222222222 0.0942622950819672 0.3 0.09016393442622951 0.3055555555555556 0.09016393442622951 0.3111111111111111 0.0860655737704918 0.31666666666666665 0.0860655737704918 0.32222222222222224 0.06147540983606557 0.35555555555555557 0.06147540983606557 0.36666666666666664 0.05737704918032787 0.37222222222222223 0.05737704918032787 0.38333333333333336 0.05327868852459016 0.3888888888888889 0.05327868852459016 0.39444444444444443 0.04918032786885246 0.4 0.04918032786885246 0.40555555555555556 0.040983606557377046 0.4166666666666667 0.040983606557377046 0.4222222222222222 0.03278688524590164 0.4388888888888889 0.03278688524590164 0.45 0.028688524590163935 0.45555555555555555 0.028688524590163935 0.4666666666666667 0.02459016393442623 0.4722222222222222 0.02459016393442623 0.4777777777777778 0.020491803278688523 0.48333333333333334 0.020491803278688523 0.4888888888888889 0.01639344262295082 0.49444444444444446 0.01639344262295082 0.5 0.012295081967213115 0.5055555555555555 0.012295081967213115 0.5111111111111111 0.00819672131147541 0.5166666666666667 0.00819672131147541 0.5277777777777778 0.004098360655737705 0.5333333333333333 0 0.5333333333333333 0 0.48333333333333334 0.004098360655737705 0.4777777777777778 0.004098360655737705 0.4666666666666667 0 0.46111111111111114 0 0.43333333333333335 0.004098360655737705 0.42777777777777776 0.004098360655737705 0.4222222222222222 0 0.4166666666666667 0 0.38333333333333336 0.004098360655737705 0.37777777777777777 0.004098360655737705 0.37222222222222223 0.00819672131147541 0.37222222222222223 0.01639344262295082 0.3611111111111111 0.01639344262295082 0.35555555555555557 0.03278688524590164 0.3333333333333333 0.03278688524590164 0.31666666666666665 0.040983606557377046 0.3 0.040983606557377046 0.28888888888888886 0.05327868852459016 0.2722222222222222 0.05327868852459016 0.26666666666666666
8 0.6229508196721312 0.39444444444444443 0.6352459016393442 0.4111111111111111 0.6352459016393442 0.4166666666666667 0.6311475409836066 0.4222222222222222 0.6311475409836066 0.42777777777777776 0.6229508196721312 0.4388888888888889 0.6188524590163934 0.4388888888888889 0.5983606557377049 0.4666666666666667 0.5983606557377049 0.4722222222222222 0.5901639344262295 0.48333333333333334 0.5901639344262295 0.4888888888888889 0.5819672131147541 0.5055555555555555 0.5819672131147541 0.5166666666666667 0.569672131147541 0.5333333333333333 0.569672131147541 0.5388888888888889 0.5573770491803278 0.5555555555555556 0.5573770491803278 0.5611111111111111 0.5491803278688525 0.5722222222222222 0.5491803278688525 0.5777777777777777 0.5368852459016393 0.5944444444444444 0.5368852459016393 0.6 0.5245901639344263 0.6166666666666667 0.5245901639344263 0.6222222222222222 0.5122950819672131 0.6388888888888888 0.5122950819672131 0.6444444444444445 0.5081967213114754 0.65 0.5081967213114754 0.6555555555555556 0.5040983606557377 0.6555555555555556 0.5 0.6611111111111111 0.4959016393442623 0.6555555555555556 0.4918032786885246 0.6555555555555556 0.4918032786885246 0.6388888888888888 0.4959016393442623 0.6333333333333333 0.4959016393442623 0.6222222222222222 0.5 0.6166666666666667 0.5 0.6111111111111112 0.5040983606557377 0.6055555555555555 0.5040983606557377 0.6 0.5081967213114754 0.5944444444444444 0.5081967213114754 0.5888888888888889 0.5122950819672131 0.5833333333333334 0.5122950819672131 0.5777777777777777 0.5163934426229508 0.5722222222222222 0.5163934426229508 0.5666666666666667 0.5204918032786885 0.5611111111111111 0.5204918032786885 0.5555555555555556 0.5409836065573771 0.5277777777777778 0.5409836065573771 0.5222222222222223 0.5532786885245902 0.5055555555555555 0.5532786885245902 0.5 0.5655737704918032 0.48333333333333334 0.5655737704918032 0.4777777777777778 0.569672131147541 0.4777777777777778 0.5737704918032787 0.4722222222222222 0.5737704918032787 0.4666666666666667 0.5778688524590164 0.46111111111111114 0.5778688524590164 0.45555555555555555 0.5983606557377049 0.42777777777777776 0.5983606557377049 0.4222222222222222 0.6065573770491803 0.4111111111111111 0.6065573770491803 0.40555555555555556 0.6147540983606558 0.39444444444444443 0.6188524590163934 0.39444444444444443
8 0.7581967213114754 0.35 0.7622950819672131 0.35555555555555557 0.7704918032786885 0.35555555555555557 0.7745901639344263 0.3611111111111111 0.7786885245901639 0.3611111111111111 0.7868852459016393 0.37222222222222223 0.7909836065573771 0.37222222222222223 0.7950819672131147 0.37777777777777777 0.7991803278688525 0.37777777777777777 0.8032786885245902 0.38333333333333336 0.8073770491803278 0.38333333333333336 0.8114754098360656 0.3888888888888889 0.8155737704918032 0.3888888888888889 0.8278688524590164 0.4 0.8401639344262295 0.38333333333333336 0.8483606557377049 0.38333333333333336 0.8483606557377049 0.39444444444444443 0.8401639344262295 0.40555555555555556 0.8401639344262295 0.4166666666666667 0.8319672131147541 0.42777777777777776 0.8319672131147541 0.43333333333333335 0.8278688524590164 0.43333333333333335 0.8237704918032787 0.4388888888888889 0.819672131147541 0.4388888888888889 0.8114754098360656 0.42777777777777776 0.8073770491803278 0.42777777777777776 0.8032786885245902 0.4222222222222222 0.7909836065573771 0.4222222222222222 0.7827868852459017 0.4111111111111111 0.7745901639344263 0.4111111111111111 0.7704918032786885 0.40555555555555556 0.7581967213114754 0.40555555555555556 0.7540983606557377 0.4 0.7418032786885246 0.4 0.7336065573770492 0.3888888888888889 0.7336065573770492 0.37777777777777777 0.7377049180327869 0.37222222222222223 0.7377049180327869 0.36666666666666664 0.7459016393442623 0.35555555555555557 0.7540983606557377 0.35555555555555557
8 0.15163934426229508 0.42777777777777776 0.1557377049180328 0.43333333333333335 0.1557377049180328 0.4388888888888889 0.16393442622950818 0.45555555555555555 0.16393442622950818 0.48333333333333334 0.1680327868852459 0.4888888888888889 0.1680327868852459 0.5111111111111111 0.1721311475409836 0.5166666666666667 0.1721311475409836 0.55 0.1680327868852459 0.5555555555555556 0.1680327868852459 0.5611111111111111 0.1598360655737705 0.5777777777777777 0.1598360655737705 0.5944444444444444 0.1557377049180328 0.6 0.1557377049180328 0.6166666666666667 0.1598360655737705 0.6222222222222222 0.15163934426229508 0.6388888888888888 0.15163934426229508 0.65 0.14344262295081966 0.6611111111111111 0.14344262295081966 0.6666666666666666 0.13934426229508196 0.6722222222222223 0.13934426229508196 0.6777777777777778 0.15163934426229508 0.6944444444444444 0.15163934426229508 0.7111111111111111 0.14754098360655737 0.7166666666666667 0.14754098360655737 0.7222222222222222 0.13934426229508196 0.7333333333333333 0.13524590163934427 0.7333333333333333 0.13114754098360656 0.7388888888888889 0.12295081967213115 0.7388888888888889 0.11885245901639344 0.7444444444444445 0.11475409836065574 0.7444444444444445 0.11065573770491803 0.7388888888888889 0.10245901639344263 0.7388888888888889 0.09836065573770492 0.7333333333333333 0.0942622950819672 0.7333333333333333 0.08196721311475409 0.7166666666666667 0.08196721311475409 0.6888888888888889 0.0942622950819672 0.6722222222222223 0.0942622950819672 0.6666666666666666 0.0860655737704918 0.6555555555555556 0.0860655737704918 0.6444444444444445 0.08196721311475409 0.6388888888888888 0.08196721311475409 0.6222222222222222 0.0860655737704918 0.6166666666666667 0.0860655737704918 0.6111111111111112 0.09016393442622951 0.6055555555555555 0.09016393442622951 0.6 0.10245901639344263 0.5833333333333334 0.10655737704918032 0.5833333333333334 0.11475409836065574 0.5666666666666667 0.11475409836065574 0.5555555555555556 0.11885245901639344 0.55 0.11885245901639344 0.5333333333333333 0.12295081967213115 0.5277777777777778 0.12295081967213115 0.5111111111111111 0.12704918032786885 0.5055555555555555 0.12704918032786885 0.4888888888888889 0.13114754098360656 0.48333333333333334 0.13114754098360656 0.46111111111111114 0.13524590163934427 0.45555555555555555 0.13524590163934427 0.45 0.14754098360655737 0.43333333333333335
8 0.2786885245901639 0.32222222222222224 0.2827868852459016 0.32222222222222224 0.3073770491803279 0.35555555555555557 0.3073770491803279 0.36666666666666664 0.3155737704918033 0.37777777777777777 0.3155737704918033 0.38333333333333336 0.319672131147541 0.3888888888888889 0.319672131147541 0.39444444444444443 0.3237704918032787 0.4 0.3237704918032787 0.40555555555555556 0.32786885245901637 0.4111111111111111 0.32786885245901637 0.4166666666666667 0.3319672131147541 0.4222222222222222 0.3401639344262295 0.4222222222222222 0.3483606557377049 0.43333333333333335 0.3483606557377049 0.4388888888888889 0.35655737704918034 0.45 0.35655737704918034 0.45555555555555555 0.36065573770491804 0.46111111111111114 0.36065573770491804 0.4722222222222222 0.36475409836065575 0.4777777777777778 0.36475409836065575 0.48333333333333334 0.36885245901639346 0.4888888888888889 0.36885245901639346 0.49444444444444446 0.3770491803278688 0.5055555555555555 0.3770491803278688 0.5111111111111111 0.38524590163934425 0.5277777777777778 0.38524590163934425 0.5388888888888889 0.39344262295081966 0.55 0.39344262295081966 0.5555555555555556 0.4057377049180328 0.5722222222222222 0.4057377049180328 0.5777777777777777 0.4139344262295082 0.5888888888888889 0.4139344262295082 0.5944444444444444 0.4180327868852459 0.6 0.4180327868852459 0.6055555555555555 0.430327868852459 0.6222222222222222 0.430327868852459 0.6277777777777778 0.4344262295081967 0.6333333333333333 0.4344262295081967 0.6388888888888888 0.4385245901639344 0.6444444444444445 0.4385245901639344 0.65 0.4426229508196721 0.6555555555555556 0.4426229508196721 0.6611111111111111 0.44672131147540983 0.6666666666666666 0.44672131147540983 0.6722222222222223 0.45081967213114754 0.6777777777777778 0.45081967213114754 0.6888888888888889 0.45491803278688525 0.6944444444444444 0.45491803278688525 0.7 0.4672131147540984 0.7166666666666667 0.4672131147540984 0.7277777777777777 0.4713114754098361 0.7333333333333333 0.4713114754098361 0.7444444444444445 0.47540983606557374 0.75 0.47540983606557374 0.7555555555555555 0.48360655737704916 0.7666666666666667 0.48360655737704916 0.7722222222222223 0.48770491803278687 0.7777777777777778 0.48770491803278687 0.7833333333333333 0.4959016393442623 0.8 0.4959016393442623 0.8055555555555556 0.4918032786885246 0.8111111111111111 0.4713114754098361 0.8111111111111111 0.46311475409836067 0.8 0.46311475409836067 0.7944444444444444 0.45901639344262296 0.7888888888888889 0.45901639344262296 0.7833333333333333 0.45081967213114754 0.7722222222222223 0.45081967213114754 0.7666666666666667 0.4344262295081967 0.7444444444444445 0.4344262295081967 0.7388888888888889 0.4262295081967213 0.7222222222222222 0.4262295081967213 0.7111111111111111 0.4139344262295082 0.6944444444444444 0.4139344262295082 0.6888888888888889 0.4057377049180328 0.6777777777777778 0.4057377049180328 0.6722222222222223 0.3975409836065574 0.6611111111111111 0.3975409836065574 0.65 0.39344262295081966 0.6444444444444445 0.39344262295081966 0.6388888888888888 0.38524590163934425 0.6277777777777778 0.38524590163934425 0.6222222222222222 0.3770491803278688 0.6111111111111112 0.3770491803278688 0.6055555555555555 0.3729508196721312 0.6 0.3729508196721312 0.5944444444444444 0.36885245901639346 0.5888888888888889 0.36885245901639346 0.5833333333333334 0.36065573770491804 0.5722222222222222 0.36065573770491804 0.5666666666666667 0.35655737704918034 0.5611111111111111 0.35655737704918034 0.5555555555555556 0.3524590163934426 0.55 0.3524590163934426 0.5444444444444444 0.3442622950819672 0.5333333333333333 0.3442622950819672 0.5277777777777778 0.3401639344262295 0.5222222222222223 0.3401639344262295 0.5166666666666667 0.3360655737704918 0.5111111111111111 0.3360655737704918 0.5055555555555555 0.3319672131147541 0.5 0.3319672131147541 0.49444444444444446 0.319672131147541 0.4777777777777778 0.319672131147541 0.4722222222222222 0.3155737704918033 0.4666666666666667 0.3155737704918033 0.45 0.3114754098360656 0.4444444444444444 0.3114754098360656 0.42777777777777776 0.3073770491803279 0.4222222222222222 0.3073770491803279 0.4111111111111111 0.29918032786885246 0.4 0.29918032786885246 0.39444444444444443 0.29508196721311475 0.3888888888888889 0.29508196721311475 0.38333333333333336 0.29098360655737704 0.37777777777777777 0.29098360655737704 0.37222222222222223 0.2827868852459016 0.3611111111111111 0.2827868852459016 0.35555555555555557 0.2786885245901639 0.35 0.2786885245901639 0.3277777777777778
8 0.6516393442622951 0.4 0.6557377049180327 0.4 0.6680327868852459 0.3888888888888889 0.6885245901639344 0.3888888888888889 0.6926229508196722 0.39444444444444443 0.6926229508196722 0.4 0.6967213114754098 0.40555555555555556 0.6967213114754098 0.4111111111111111 0.7008196721311475 0.4166666666666667 0.7008196721311475 0.4222222222222222 0.7090163934426229 0.43333333333333335 0.7090163934426229 0.4388888888888889 0.7131147540983607 0.4444444444444444 0.7131147540983607 0.45 0.7295081967213115 0.4722222222222222 0.7295081967213115 0.48333333333333334 0.7336065573770492 0.4888888888888889 0.7336065573770492 0.49444444444444446 0.7377049180327869 0.5 0.7377049180327869 0.5055555555555555 0.7459016393442623 0.5166666666666667 0.7459016393442623 0.5222222222222223 0.75 0.5277777777777778 0.75 0.5333333333333333 0.7581967213114754 0.5444444444444444 0.7581967213114754 0.55 0.7622950819672131 0.5555555555555556 0.7622950819672131 0.5611111111111111 0.7663934426229508 0.5666666666666667 0.7663934426229508 0.5722222222222222 0.7704918032786885 0.5777777777777777 0.7704918032786885 0.5833333333333334 0.7745901639344263 0.5888888888888889 0.7745901639344263 0.5944444444444444 0.7827868852459017 0.6055555555555555 0.7827868852459017 0.6166666666666667 0.7868852459016393 0.6222222222222222 0.7868852459016393 0.6277777777777778 0.7909836065573771 0.6333333333333333 0.7909836065573771 0.6388888888888888 0.7950819672131147 0.6444444444444445 0.7950819672131147 0.65 0.8032786885245902 0.6611111111111111 0.8032786885245902 0.6722222222222223 0.8073770491803278 0.6777777777777778 0.8073770491803278 0.6833333333333333 0.8155737704918032 0.6944444444444444 0.8155737704918032 0.7 0.8237704918032787 0.7166666666666667 0.8237704918032787 0.7333333333333333 0.8278688524590164 0.7388888888888889 0.8278688524590164 0.7555555555555555 0.8319672131147541 0.7611111111111111 0.8319672131147541 0.7722222222222223 0.8360655737704918 0.7777777777777778 0.8360655737704918 0.7833333333333333 0.8442622950819673 0.7944444444444444 0.8442622950819673 0.8 0.8483606557377049 0.8055555555555556 0.8483606557377049 0.8111111111111111 0.8524590163934426 0.8166666666666667 0.8524590163934426 0.8222222222222222 0.860655737704918 0.8333333333333334 0.860655737704918 0.8388888888888889 0.8565573770491803 0.8444444444444444 0.8524590163934426 0.8444444444444444 0.8401639344262295 0.8555555555555555 0.8319672131147541 0.8555555555555555 0.8278688524590164 0.8611111111111112 0.8237704918032787 0.8611111111111112 0.8237704918032787 0.8444444444444444 0.8155737704918032 0.8333333333333334 0.8155737704918032 0.8277777777777777 0.8114754098360656 0.8222222222222222 0.8114754098360656 0.8166666666666667 0.8073770491803278 0.8111111111111111 0.8073770491803278 0.8055555555555556 0.8032786885245902 0.8 0.8032786885245902 0.7944444444444444 0.7991803278688525 0.7888888888888889 0.7950819672131147 0.7888888888888889 0.7868852459016393 0.7777777777777778 0.7827868852459017 0.7777777777777778 0.7827868852459017 0.7722222222222223 0.7704918032786885 0.7611111111111111 0.7704918032786885 0.75 0.7622950819672131 0.7388888888888889 0.7622950819672131 0.7333333333333333 0.7581967213114754 0.7277777777777777 0.7581967213114754 0.7222222222222222 0.7540983606557377 0.7166666666666667 0.7540983606557377 0.7111111111111111 0.7459016393442623 0.7 0.7459016393442623 0.6944444444444444 0.7418032786885246 0.6888888888888889 0.7418032786885246 0.6833333333333333 0.7295081967213115 0.6666666666666666 0.7295081967213115 0.6611111111111111 0.7254098360655737 0.6555555555555556 0.7254098360655737 0.65 0.7213114754098361 0.6444444444444445 0.7213114754098361 0.6388888888888888 0.7172131147540983 0.6333333333333333 0.7172131147540983 0.6277777777777778 0.7131147540983607 0.6222222222222222 0.7131147540983607 0.6166666666666667 0.7049180327868853 0.6055555555555555 0.7049180327868853 0.6 0.7008196721311475 0.5944444444444444 0.7008196721311475 0.5888888888888889 0.6967213114754098 0.5833333333333334 0.6967213114754098 0.5777777777777777 0.6926229508196722 0.5722222222222222 0.6926229508196722 0.5666666666666667 0.6885245901639344 0.5611111111111111 0.6885245901639344 0.5555555555555556 0.680327868852459 0.5444444444444444 0.680327868852459 0.5388888888888889 0.6721311475409836 0.5277777777777778 0.6721311475409836 0.5111111111111111 0.6680327868852459 0.5055555555555555 0.6680327868852459 0.48333333333333334 0.6639344262295082 0.4777777777777778 0.6639344262295082 0.46111111111111114 0.6434426229508197 0.43333333333333335 0.6434426229508197 0.4166666666666667 0.6516393442622951 0.40555555555555556
8 0.6024590163934426 0.3055555555555556 0.6065573770491803 0.3111111111111111 0.610655737704918 0.3111111111111111 0.610655737704918 0.32222222222222224 0.6147540983606558 0.3277777777777778 0.6147540983606558 0.3333333333333333 0.6270491803278688 0.35 0.6270491803278688 0.3611111111111111 0.6229508196721312 0.36666666666666664 0.6229508196721312 0.37777777777777777 0.6147540983606558 0.37777777777777777 0.610655737704918 0.38333333333333336 0.5983606557377049 0.38333333333333336 0.5942622950819673 0.3888888888888889 0.5614754098360656 0.3888888888888889 0.5573770491803278 0.39444444444444443 0.5327868852459017 0.39444444444444443 0.5286885245901639 0.4 0.5163934426229508 0.4 0.5122950819672131 0.39444444444444443 0.5081967213114754 0.4 0.4959016393442623 0.4 0.4918032786885246 0.40555555555555556 0.47540983606557374 0.40555555555555556 0.4713114754098361 0.4111111111111111 0.45901639344262296 0.4111111111111111 0.45491803278688525 0.4166666666666667 0.42213114754098363 0.4166666666666667 0.42213114754098363 0.40555555555555556 0.4180327868852459 0.4 0.4180327868852459 0.34444444444444444 0.42213114754098363 0.3388888888888889 0.4426229508196721 0.3388888888888889 0.44672131147540983 0.3333333333333333 0.47540983606557374 0.3333333333333333 0.47950819672131145 0.3277777777777778 0.4959016393442623 0.3277777777777778 0.5 0.3333333333333333 0.5040983606557377 0.3333333333333333 0.5122950819672131 0.32222222222222224 0.5163934426229508 0.32222222222222224 0.5204918032786885 0.31666666666666665 0.5368852459016393 0.31666666666666665 0.5409836065573771 0.3111111111111111 0.5737704918032787 0.3111111111111111 0.5778688524590164 0.3055555555555556 0.5983606557377049 0.3055555555555556
8 0.4180327868852459 0.044444444444444446 0.4180327868852459 0.07222222222222222 0.42213114754098363 0.07777777777777778 0.42213114754098363 0.08888888888888889 0.4139344262295082 0.08888888888888889 0.4016393442622951 0.07777777777777778 0.38934426229508196 0.09444444444444444 0.39344262295081966 0.1 0.3975409836065574 0.1 0.3975409836065574 0.10555555555555556 0.4057377049180328 0.11666666666666667 0.4139344262295082 0.10555555555555556 0.4139344262295082 0.12222222222222222 0.4098360655737705 0.12777777777777777 0.4098360655737705 0.17777777777777778 0.4057377049180328 0.18333333333333332 0.4057377049180328 0.2111111111111111 0.4016393442622951 0.21666666666666667 0.4016393442622951 0.25555555555555554 0.3975409836065574 0.2611111111111111 0.3975409836065574 0.29444444444444445 0.39344262295081966 0.3 0.39344262295081966 0.34444444444444444 0.38524590163934425 0.35555555555555557 0.36475409836065575 0.35555555555555557 0.36475409836065575 0.31666666666666665 0.36885245901639346 0.3111111111111111 0.36885245901639346 0.2611111111111111 0.3729508196721312 0.25555555555555554 0.3729508196721312 0.2222222222222222 0.3770491803278688 0.21666666666666667 0.3770491803278688 0.17222222222222222 0.38114754098360654 0.16666666666666666 0.38114754098360654 0.1388888888888889 0.38524590163934425 0.13333333333333333 0.38114754098360654 0.12777777777777777 0.38114754098360654 0.10555555555555556 0.38524590163934425 0.1 0.38524590163934425 0.08333333333333333 0.38934426229508196 0.07777777777777778 0.38934426229508196 0.06666666666666667 0.39344262295081966 0.06111111111111111 0.39344262295081966 0.044444444444444446 0.3975409836065574 0.03888888888888889 0.4016393442622951 0.03888888888888889 0.4057377049180328 0.044444444444444446 0.4139344262295082 0.044444444444444446
8 0.09016393442622951 0.3888888888888889 0.10245901639344263 0.4 0.10245901639344263 0.4388888888888889 0.0942622950819672 0.45555555555555555 0.0942622950819672 0.5 0.09016393442622951 0.5055555555555555 0.09016393442622951 0.5111111111111111 0.08196721311475409 0.5277777777777778 0.0860655737704918 0.5333333333333333 0.08196721311475409 0.5388888888888889 0.08196721311475409 0.5611111111111111 0.0778688524590164 0.5666666666666667 0.0778688524590164 0.6055555555555555 0.07377049180327869 0.6111111111111112 0.07377049180327869 0.6222222222222222 0.06967213114754098 0.6277777777777778 0.06967213114754098 0.6388888888888888 0.07377049180327869 0.6444444444444445 0.07377049180327869 0.6666666666666666 0.0778688524590164 0.6722222222222223 0.0778688524590164 0.6777777777777778 0.07377049180327869 0.6833333333333333 0.07377049180327869 0.6944444444444444 0.06967213114754098 0.7 0.06967213114754098 0.7111111111111111 0.06557377049180328 0.7166666666666667 0.06557377049180328 0.7222222222222222 0.05737704918032787 0.7333333333333333 0.05737704918032787 0.75 0.05327868852459016 0.7555555555555555 0.04918032786885246 0.7555555555555555 0.036885245901639344 0.7722222222222223 0.03278688524590164 0.7722222222222223 0.028688524590163935 0.7777777777777778 0.01639344262295082 0.7666666666666667 0 0.7666666666666667 0 0.65 0.004098360655737705 0.6444444444444445 0 0.6388888888888888 0 0.6277777777777778 0.004098360655737705 0.6222222222222222 0.004098360655737705 0.5944444444444444 0.00819672131147541 0.5888888888888889 0.00819672131147541 0.5833333333333334 0.004098360655737705 0.5777777777777777 0.004098360655737705 0.5555555555555556 0.00819672131147541 0.55 0.00819672131147541 0.5444444444444444 0.020491803278688523 0.5277777777777778 0.020491803278688523 0.5166666666666667 0.028688524590163935 0.5 0.028688524590163935 0.48333333333333334 0.03278688524590164 0.4777777777777778 0.03278688524590164 0.4666666666666667 0.040983606557377046 0.45555555555555555 0.040983606557377046 0.43333333333333335 0.045081967213114756 0.42777777777777776 0.045081967213114756 0.4222222222222222 0.04918032786885246 0.4222222222222222 0.05327868852459016 0.4166666666666667 0.05327868852459016 0.4111111111111111 0.05737704918032787 0.40555555555555556 0.05737704918032787 0.4 0.06557377049180328 0.3888888888888889 0.0860655737704918 0.3888888888888889
8 0.21311475409836064 0.6055555555555555 0.21721311475409835 0.6111111111111112 0.21721311475409835 0.6333333333333333 0.21311475409836064 0.6388888888888888 0.21311475409836064 0.6555555555555556 0.21721311475409835 0.6611111111111111 0.21721311475409835 0.6722222222222223 0.20901639344262296 0.6833333333333333 0.20491803278688525 0.6833333333333333 0.20081967213114754 0.6888888888888889 0.19672131147540983 0.6888888888888889 0.19262295081967212 0.6833333333333333 0.1762295081967213 0.6833333333333333 0.1721311475409836 0.6888888888888889 0.1721311475409836 0.7333333333333333 0.1762295081967213 0.7388888888888889 0.1721311475409836 0.7444444444444445 0.1721311475409836 0.7555555555555555 0.16393442622950818 0.7666666666666667 0.16393442622950818 0.7722222222222223 0.1680327868852459 0.7777777777777778 0.16393442622950818 0.7833333333333333 0.16393442622950818 0.7888888888888889 0.1680327868852459 0.7944444444444444 0.16393442622950818 0.8 0.14754098360655737 0.8 0.14344262295081966 0.7944444444444444 0.13524590163934427 0.7944444444444444 0.12704918032786885 0.7833333333333333 0.12295081967213115 0.7833333333333333 0.11475409836065574 0.7722222222222223 0.11065573770491803 0.7722222222222223 0.11065573770491803 0.7666666666666667 0.10655737704918032 0.7611111111111111 0.11065573770491803 0.7555555555555555 0.12295081967213115 0.7555555555555555 0.13114754098360656 0.7444444444444445 0.13524590163934427 0.7444444444444445 0.15163934426229508 0.7222222222222222 0.15163934426229508 0.7166666666666667 0.1598360655737705 0.7055555555555556 0.1598360655737705 0.7 0.16393442622950818 0.6944444444444444 0.16393442622950818 0.6777777777777778 0.1598360655737705 0.6722222222222223 0.1598360655737705 0.6444444444444445 0.16393442622950818 0.6388888888888888 0.16393442622950818 0.6333333333333333 0.1721311475409836 0.6222222222222222 0.19262295081967212 0.6222222222222222 0.19672131147540983 0.6166666666666667 0.20081967213114754 0.6166666666666667 0.20491803278688525 0.6111111111111112 0.20901639344262296 0.6111111111111112
8 0.3770491803278688 0.6277777777777778 0.38934426229508196 0.6444444444444445 0.38934426229508196 0.6611111111111111 0.39344262295081966 0.6666666666666666 0.39344262295081966 0.6777777777777778 0.38934426229508196 0.6833333333333333 0.38524590163934425 0.6833333333333333 0.3729508196721312 0.6944444444444444 0.3524590163934426 0.6944444444444444 0.3401639344262295 0.7055555555555556 0.32786885245901637 0.7055555555555556 0.3237704918032787 0.7111111111111111 0.3155737704918033 0.7111111111111111 0.30327868852459017 0.7222222222222222 0.2786885245901639 0.7222222222222222 0.27459016393442626 0.7277777777777777 0.2540983606557377 0.7277777777777777 0.25 0.7333333333333333 0.22950819672131148 0.7333333333333333 0.22540983606557377 0.7388888888888889 0.21721311475409835 0.7388888888888889 0.19672131147540983 0.7666666666666667 0.19262295081967212 0.7666666666666667 0.1885245901639344 0.7611111111111111 0.1885245901639344 0.7555555555555555 0.18032786885245902 0.7388888888888889 0.18032786885245902 0.6888888888888889 0.1885245901639344 0.6888888888888889 0.19672131147540983 0.7 0.20081967213114754 0.7 0.20491803278688525 0.6944444444444444 0.21721311475409835 0.6944444444444444 0.22950819672131148 0.6833333333333333 0.23770491803278687 0.6833333333333333 0.25 0.6722222222222223 0.26229508196721313 0.6722222222222223 0.27049180327868855 0.6611111111111111 0.2786885245901639 0.6611111111111111 0.2827868852459016 0.6555555555555556 0.29098360655737704 0.6555555555555556 0.29508196721311475 0.65 0.3073770491803279 0.65 0.3114754098360656 0.6444444444444445 0.319672131147541 0.6444444444444445 0.3237704918032787 0.6388888888888888 0.3319672131147541 0.6388888888888888 0.3360655737704918 0.6333333333333333 0.3483606557377049 0.6333333333333333 0.3524590163934426 0.6277777777777778 0.3729508196721312 0.6277777777777778
8 0.22131147540983606 0.3611111111111111 0.22131147540983606 0.35555555555555557 0.21721311475409835 0.35 0.21311475409836064 0.35 0.20901639344262296 0.35555555555555557 0.21311475409836064 0.3611111111111111 0.21311475409836064 0.36666666666666664 0.20901639344262296 0.37222222222222223 0.19672131147540983 0.35555555555555557 0.19672131147540983 0.3388888888888889 0.19262295081967212 0.3333333333333333 0.19262295081967212 0.3277777777777778 0.19672131147540983 0.32222222222222224 0.19262295081967212 0.31666666666666665 0.19262295081967212 0.3 0.1885245901639344 0.29444444444444445 0.1885245901639344 0.2833333333333333 0.18442622950819673 0.2777777777777778 0.18442622950819673 0.26666666666666666 0.18032786885245902 0.2611111111111111 0.18032786885245902 0.25 0.1762295081967213 0.24444444444444444 0.1762295081967213 0.23333333333333334 0.1721311475409836 0.22777777777777777 0.1721311475409836 0.2222222222222222 0.16393442622950818 0.20555555555555555 0.16393442622950818 0.19444444444444445 0.1598360655737705 0.18888888888888888 0.1598360655737705 0.17777777777777778 0.14754098360655737 0.16111111111111112 0.14754098360655737 0.15 0.14344262295081966 0.14444444444444443 0.14344262295081966 0.1111111111111111 0.14754098360655737 0.10555555555555556 0.15163934426229508 0.10555555555555556 0.1598360655737705 0.11666666666666667 0.1598360655737705 0.12222222222222222 0.16393442622950818 0.12777777777777777 0.16393442622950818 0.13333333333333333 0.1680327868852459 0.1388888888888889 0.1680327868852459 0.14444444444444443 0.1762295081967213 0.15555555555555556 0.1762295081967213 0.16111111111111112 0.18442622950819673 0.17222222222222222 0.18442622950819673 0.17777777777777778 0.1885245901639344 0.18333333333333332 0.1885245901639344 0.18888888888888888 0.19672131147540983 0.20555555555555555 0.19672131147540983 0.2222222222222222 0.20491803278688525 0.23333333333333334 0.20491803278688525 0.2388888888888889 0.20901639344262296 0.24444444444444444 0.20901639344262296 0.25555555555555554 0.21311475409836064 0.2611111111111111 0.21311475409836064 0.2722222222222222 0.22131147540983606 0.28888888888888886 0.22131147540983606 0.3 0.22540983606557377 0.3055555555555556 0.22540983606557377 0.31666666666666665 0.2336065573770492 0.3333333333333333 0.2336065573770492 0.35 0.23770491803278687 0.35555555555555557 0.23770491803278687 0.37222222222222223 0.2336065573770492 0.37777777777777777 0.21721311475409835 0.37777777777777777 0.22950819672131148 0.36666666666666664 0.22540983606557377 0.3611111111111111
8 0.16393442622950818 0.25 0.1680327868852459 0.25555555555555554 0.1721311475409836 0.25555555555555554 0.1721311475409836 0.26666666666666666 0.1762295081967213 0.2722222222222222 0.1762295081967213 0.2833333333333333 0.18442622950819673 0.3 0.18442622950819673 0.3333333333333333 0.1885245901639344 0.3388888888888889 0.1885245901639344 0.35555555555555557 0.19262295081967212 0.3611111111111111 0.19262295081967212 0.36666666666666664 0.20901639344262296 0.3888888888888889 0.20901639344262296 0.39444444444444443 0.21721311475409835 0.4111111111111111 0.21721311475409835 0.42777777777777776 0.22131147540983606 0.43333333333333335 0.22131147540983606 0.4388888888888889 0.22950819672131148 0.45555555555555555 0.22950819672131148 0.4722222222222222 0.2336065573770492 0.4777777777777778 0.2336065573770492 0.4888888888888889 0.23770491803278687 0.49444444444444446 0.23770491803278687 0.5 0.24180327868852458 0.5055555555555555 0.24180327868852458 0.5111111111111111 0.2459016393442623 0.5166666666666667 0.2459016393442623 0.5222222222222223 0.2540983606557377 0.5333333333333333 0.27459016393442626 0.5333333333333333 0.27459016393442626 0.5444444444444444 0.27049180327868855 0.55 0.27049180327868855 0.5555555555555556 0.27049180327868855 0.55 0.26639344262295084 0.5444444444444444 0.26229508196721313 0.55 0.26229508196721313 0.5555555555555556 0.2581967213114754 0.55 0.2540983606557377 0.55 0.25 0.5555555555555556 0.25 0.5611111111111111 0.2540983606557377 0.5666666666666667 0.2540983606557377 0.5833333333333334 0.2581967213114754 0.5888888888888889 0.2581967213114754 0.6055555555555555 0.26639344262295084 0.6166666666666667 0.27459016393442626 0.6166666666666667 0.2786885245901639 0.6222222222222222 0.2786885245901639 0.6444444444444445 0.26639344262295084 0.6444444444444445 0.26229508196721313 0.65 0.23770491803278687 0.65 0.2336065573770492 0.6555555555555556 0.22131147540983606 0.6555555555555556 0.22131147540983606 0.6333333333333333 0.22540983606557377 0.6277777777777778 0.22540983606557377 0.6222222222222222 0.22131147540983606 0.6166666666666667 0.22131147540983606 0.6055555555555555 0.20901639344262296 0.5888888888888889 0.20901639344262296 0.5833333333333334 0.20491803278688525 0.5777777777777777 0.20081967213114754 0.5833333333333334 0.20081967213114754 0.5944444444444444 0.19672131147540983 0.6 0.20081967213114754 0.6055555555555555 0.1885245901639344 0.5944444444444444 0.18442622950819673 0.6 0.1680327868852459 0.6 0.1680327868852459 0.5888888888888889 0.1762295081967213 0.5777777777777777 0.18032786885245902 0.5777777777777777 0.19262295081967212 0.5611111111111111 0.19262295081967212 0.5555555555555556 0.1885245901639344 0.55 0.1885245901639344 0.5444444444444444 0.18442622950819673 0.5388888888888889 0.18442622950819673 0.5277777777777778 0.18032786885245902 0.5222222222222223 0.18032786885245902 0.5055555555555555 0.1762295081967213 0.5 0.1762295081967213 0.4888888888888889 0.1721311475409836 0.48333333333333334 0.1721311475409836 0.4722222222222222 0.1680327868852459 0.4666666666666667 0.1680327868852459 0.45 0.16393442622950818 0.4444444444444444 0.16393442622950818 0.4388888888888889 0.1598360655737705 0.43333333333333335 0.1598360655737705 0.42777777777777776 0.15163934426229508 0.4111111111111111 0.15163934426229508 0.4 0.14754098360655737 0.39444444444444443 0.14754098360655737 0.38333333333333336 0.14344262295081966 0.37777777777777777 0.14344262295081966 0.3611111111111111 0.13934426229508196 0.35555555555555557 0.13934426229508196 0.3388888888888889 0.13524590163934427 0.3333333333333333 0.13524590163934427 0.3277777777777778 0.13114754098360656 0.32222222222222224 0.13114754098360656 0.3111111111111111 0.12295081967213115 0.29444444444444445 0.12295081967213115 0.26666666666666666 0.13114754098360656 0.25555555555555554 0.13524590163934427 0.25555555555555554 0.13934426229508196 0.25 0.1598360655737705 0.25
8 0.5040983606557377 0.15555555555555556 0.5081967213114754 0.16111111111111112 0.5122950819672131 0.16111111111111112 0.5122950819672131 0.16666666666666666 0.5163934426229508 0.17222222222222222 0.5163934426229508 0.18333333333333332 0.5204918032786885 0.18888888888888888 0.5204918032786885 0.22777777777777777 0.5163934426229508 0.23333333333333334 0.5163934426229508 0.2388888888888889 0.5 0.2388888888888889 0.4918032786885246 0.22777777777777777 0.47540983606557374 0.22777777777777777 0.4713114754098361 0.23333333333333334 0.4426229508196721 0.23333333333333334 0.4385245901639344 0.2388888888888889 0.4344262295081967 0.2388888888888889 0.4262295081967213 0.25 0.4016393442622951 0.25 0.4016393442622951 0.2388888888888889 0.4057377049180328 0.23333333333333334 0.4057377049180328 0.2222222222222222 0.4098360655737705 0.21666666666666667 0.4098360655737705 0.18888888888888888 0.4139344262295082 0.18333333333333332 0.4344262295081967 0.18333333333333332 0.4385245901639344 0.18888888888888888 0.4426229508196721 0.18333333333333332 0.4713114754098361 0.18333333333333332 0.47540983606557374 0.17777777777777778 0.48360655737704916 0.17777777777777778 0.4918032786885246 0.16666666666666666 0.4918032786885246 0.16111111111111112 0.4959016393442623 0.15555555555555556 0.5 0.15555555555555556
8 0.1721311475409836 0.6222222222222222 0.19672131147540983 0.6222222222222222 0.20081967213114754 0.6166666666666667 0.20491803278688525 0.6166666666666667 0.20901639344262296 0.6111111111111112 0.21311475409836064 0.6111111111111112 0.21311475409836064 0.6166666666666667 0.21721311475409835 0.6222222222222222 0.21721311475409835 0.6333333333333333 0.21311475409836064 0.6388888888888888 0.21311475409836064 0.6444444444444445 0.20901639344262296 0.65 0.20901639344262296 0.6555555555555556 0.21721311475409835 0.6666666666666666 0.21311475409836064 0.6722222222222223 0.21311475409836064 0.6777777777777778 0.20901639344262296 0.6777777777777778 0.20491803278688525 0.6833333333333333 0.1885245901639344 0.6833333333333333 0.18442622950819673 0.6777777777777778 0.18032786885245902 0.6777777777777778 0.1680327868852459 0.6944444444444444 0.1680327868852459 0.7 0.1721311475409836 0.7055555555555556 0.1721311475409836 0.7333333333333333 0.1762295081967213 0.7388888888888889 0.1721311475409836 0.7444444444444445 0.1721311475409836 0.7555555555555555 0.1680327868852459 0.7611111111111111 0.1680327868852459 0.7777777777777778 0.16393442622950818 0.7833333333333333 0.1680327868852459 0.7888888888888889 0.1680327868852459 0.8 0.16393442622950818 0.8 0.1598360655737705 0.8055555555555556 0.1557377049180328 0.8055555555555556 0.15163934426229508 0.8 0.14344262295081966 0.8 0.13934426229508196 0.7944444444444444 0.13524590163934427 0.7944444444444444 0.13114754098360656 0.7888888888888889 0.12704918032786885 0.7888888888888889 0.11885245901639344 0.7777777777777778 0.11475409836065574 0.7777777777777778 0.10655737704918032 0.7666666666666667 0.10655737704918032 0.7611111111111111 0.11065573770491803 0.7555555555555555 0.12295081967213115 0.7555555555555555 0.13524590163934427 0.7388888888888889 0.13934426229508196 0.7388888888888889 0.15163934426229508 0.7222222222222222 0.15163934426229508 0.7166666666666667 0.1598360655737705 0.7055555555555556 0.16393442622950818 0.7055555555555556 0.1680327868852459 0.7 0.1680327868852459 0.6944444444444444 0.1762295081967213 0.6833333333333333 0.1762295081967213 0.6777777777777778 0.16393442622950818 0.6666666666666666 0.16393442622950818 0.6388888888888888 0.1721311475409836 0.6277777777777778
8 0.1680327868852459 0.11666666666666667 0.20081967213114754 0.11666666666666667 0.20491803278688525 0.12222222222222222 0.22131147540983606 0.12222222222222222 0.22540983606557377 0.11666666666666667 0.25 0.11666666666666667 0.2540983606557377 0.12222222222222222 0.27049180327868855 0.12222222222222222 0.27459016393442626 0.12777777777777777 0.29918032786885246 0.12777777777777777 0.30327868852459017 0.13333333333333333 0.319672131147541 0.13333333333333333 0.3237704918032787 0.1388888888888889 0.3401639344262295 0.1388888888888889 0.3442622950819672 0.14444444444444443 0.3524590163934426 0.14444444444444443 0.35655737704918034 0.15 0.36475409836065575 0.15 0.36885245901639346 0.15555555555555556 0.3729508196721312 0.15555555555555556 0.3729508196721312 0.17222222222222222 0.36885245901639346 0.17777777777777778 0.3483606557377049 0.17777777777777778 0.3442622950819672 0.18333333333333332 0.3114754098360656 0.18333333333333332 0.3073770491803279 0.18888888888888888 0.28688524590163933 0.18888888888888888 0.2827868852459016 0.18333333333333332 0.2581967213114754 0.18333333333333332 0.2540983606557377 0.17777777777777778 0.23770491803278687 0.17777777777777778 0.2336065573770492 0.17222222222222222 0.22131147540983606 0.17222222222222222 0.21721311475409835 0.16666666666666666 0.20081967213114754 0.16666666666666666 0.19672131147540983 0.16111111111111112 0.19262295081967212 0.16111111111111112 0.1885245901639344 0.15555555555555556 0.18442622950819673 0.15555555555555556 0.1762295081967213 0.14444444444444443 0.1762295081967213 0.1388888888888889 0.1680327868852459 0.12777777777777777 0.1680327868852459 0.12222222222222222
8 0.6475409836065574 0.6388888888888888 0.6475409836065574 0.6444444444444445 0.6557377049180327 0.6555555555555556 0.6557377049180327 0.6833333333333333 0.639344262295082 0.6833333333333333 0.6270491803278688 0.6944444444444444 0.610655737704918 0.6944444444444444 0.6065573770491803 0.7 0.5983606557377049 0.7 0.5942622950819673 0.7055555555555556 0.5778688524590164 0.7055555555555556 0.5737704918032787 0.7111111111111111 0.5737704918032787 0.7166666666666667 0.569672131147541 0.7166666666666667 0.5655737704918032 0.7222222222222222 0.5614754098360656 0.7166666666666667 0.5573770491803278 0.7222222222222222 0.5491803278688525 0.7222222222222222 0.5450819672131147 0.7277777777777777 0.5 0.7277777777777777 0.48770491803278687 0.7111111111111111 0.47950819672131145 0.7111111111111111 0.47540983606557374 0.7055555555555556 0.4672131147540984 0.7055555555555556 0.45901639344262296 0.6888888888888889 0.45901639344262296 0.6722222222222223 0.46311475409836067 0.6722222222222223 0.4672131147540984 0.6666666666666666 0.47950819672131145 0.6666666666666666 0.48360655737704916 0.6611111111111111 0.48770491803278687 0.6666666666666666 0.5122950819672131 0.6666666666666666 0.5163934426229508 0.6611111111111111 0.5327868852459017 0.6611111111111111 0.5368852459016393 0.6555555555555556 0.5532786885245902 0.6555555555555556 0.5573770491803278 0.65 0.5655737704918032 0.65 0.569672131147541 0.6555555555555556 0.5737704918032787 0.6555555555555556 0.5778688524590164 0.65 0.5983606557377049 0.65 0.6024590163934426 0.6444444444444445 0.6188524590163934 0.6444444444444445 0.6229508196721312 0.6388888888888888 0.6434426229508197 0.6388888888888888
8 0.7049180327868853 0.6722222222222223 0.7090163934426229 0.6666666666666666 0.7213114754098361 0.6666666666666666 0.7336065573770492 0.6833333333333333 0.7377049180327869 0.6833333333333333 0.7377049180327869 0.6888888888888889 0.7418032786885246 0.6944444444444444 0.7418032786885246 0.7055555555555556 0.75 0.7166666666666667 0.75 0.7277777777777777 0.7540983606557377 0.7333333333333333 0.75 0.7333333333333333 0.7459016393442623 0.7388888888888889 0.7377049180327869 0.7388888888888889 0.7336065573770492 0.7444444444444445 0.7254098360655737 0.7444444444444445 0.7213114754098361 0.75 0.7131147540983607 0.75 0.7090163934426229 0.7555555555555555 0.7008196721311475 0.7555555555555555 0.6967213114754098 0.7611111111111111 0.6926229508196722 0.7611111111111111 0.680327868852459 0.7722222222222223 0.6721311475409836 0.7722222222222223 0.6598360655737705 0.7888888888888889 0.6352459016393442 0.7888888888888889 0.6311475409836066 0.7944444444444444 0.6188524590163934 0.7944444444444444 0.6147540983606558 0.8 0.6065573770491803 0.8 0.6024590163934426 0.8055555555555556 0.5942622950819673 0.8055555555555556 0.5901639344262295 0.8111111111111111 0.569672131147541 0.8111111111111111 0.5573770491803278 0.8222222222222222 0.5450819672131147 0.8222222222222222 0.5409836065573771 0.8277777777777777 0.5245901639344263 0.8277777777777777 0.5204918032786885 0.8333333333333334 0.5163934426229508 0.8277777777777777 0.5163934426229508 0.8111111111111111 0.5122950819672131 0.8055555555555556 0.5122950819672131 0.7944444444444444 0.5040983606557377 0.7833333333333333 0.5040983606557377 0.7666666666666667 0.5081967213114754 0.7611111111111111 0.5081967213114754 0.7555555555555555 0.5122950819672131 0.7555555555555555 0.5163934426229508 0.75 0.5204918032786885 0.75 0.5286885245901639 0.7388888888888889 0.5327868852459017 0.7388888888888889 0.5450819672131147 0.7277777777777777 0.5614754098360656 0.7277777777777777 0.5655737704918032 0.7222222222222222 0.569672131147541 0.7222222222222222 0.5819672131147541 0.7111111111111111 0.5983606557377049 0.7111111111111111 0.6024590163934426 0.7055555555555556 0.6147540983606558 0.7055555555555556 0.6188524590163934 0.7 0.6311475409836066 0.7 0.6352459016393442 0.6944444444444444 0.6434426229508197 0.6944444444444444 0.6475409836065574 0.6888888888888889 0.6557377049180327 0.6888888888888889 0.6598360655737705 0.6833333333333333 0.6721311475409836 0.6833333333333333 0.6762295081967213 0.6777777777777778 0.7008196721311475 0.6777777777777778
8 0.6352459016393442 0.5333333333333333 0.6516393442622951 0.5555555555555556 0.6516393442622951 0.5611111111111111 0.6598360655737705 0.5777777777777777 0.6598360655737705 0.5944444444444444 0.6721311475409836 0.6111111111111112 0.6721311475409836 0.6166666666666667 0.6967213114754098 0.65 0.6967213114754098 0.6555555555555556 0.6844262295081968 0.6666666666666666 0.6639344262295082 0.6666666666666666 0.6639344262295082 0.6611111111111111 0.6557377049180327 0.65 0.6557377049180327 0.6444444444444445 0.6434426229508197 0.6277777777777778 0.639344262295082 0.6277777777777778 0.6352459016393442 0.6222222222222222 0.6188524590163934 0.6222222222222222 0.6147540983606558 0.6166666666666667 0.610655737704918 0.6166666666666667 0.6065573770491803 0.6111111111111112 0.6024590163934426 0.6111111111111112 0.5860655737704918 0.5888888888888889 0.5860655737704918 0.5833333333333334 0.5737704918032787 0.5666666666666667 0.5737704918032787 0.5611111111111111 0.569672131147541 0.5555555555555556 0.569672131147541 0.55 0.5737704918032787 0.5444444444444444 0.5737704918032787 0.5388888888888889 0.5819672131147541 0.5277777777777778 0.6270491803278688 0.5277777777777778 0.6311475409836066 0.5333333333333333
8 0.7418032786885246 0.24444444444444444 0.7418032786885246 0.2388888888888889 0.7377049180327869 0.23333333333333334 0.7295081967213115 0.23333333333333334 0.7254098360655737 0.2388888888888889 0.7131147540983607 0.2388888888888889 0.7090163934426229 0.24444444444444444 0.6926229508196722 0.24444444444444444 0.6844262295081968 0.25555555555555554 0.680327868852459 0.25555555555555554 0.6680327868852459 0.26666666666666666 0.6598360655737705 0.26666666666666666 0.6557377049180327 0.2722222222222222 0.6475409836065574 0.2722222222222222 0.6434426229508197 0.2777777777777778 0.6270491803278688 0.2777777777777778 0.6229508196721312 0.2722222222222222 0.6188524590163934 0.2722222222222222 0.6147540983606558 0.26666666666666666 0.6147540983606558 0.2611111111111111 0.6065573770491803 0.25 0.6024590163934426 0.25555555555555554 0.6024590163934426 0.26666666666666666 0.610655737704918 0.2777777777777778 0.6024590163934426 0.28888888888888886 0.5901639344262295 0.28888888888888886 0.5860655737704918 0.29444444444444445 0.5737704918032787 0.29444444444444445 0.569672131147541 0.3 0.5532786885245902 0.3 0.5491803278688525 0.3055555555555556 0.5286885245901639 0.3055555555555556 0.5245901639344263 0.3111111111111111 0.5163934426229508 0.3111111111111111 0.5040983606557377 0.32222222222222224 0.5 0.31666666666666665 0.47950819672131145 0.31666666666666665 0.47540983606557374 0.32222222222222224 0.4262295081967213 0.32222222222222224 0.4262295081967213 0.3055555555555556 0.42213114754098363 0.3 0.42213114754098363 0.29444444444444445 0.4262295081967213 0.28888888888888886 0.4262295081967213 0.2833333333333333 0.44672131147540983 0.2833333333333333 0.45491803278688525 0.29444444444444445 0.46311475409836067 0.29444444444444445 0.4713114754098361 0.2833333333333333 0.47540983606557374 0.2833333333333333 0.48360655737704916 0.2722222222222222 0.48360655737704916 0.26666666666666666 0.48770491803278687 0.26666666666666666 0.4918032786885246 0.2611111111111111 0.5 0.2611111111111111 0.5040983606557377 0.25555555555555554 0.5163934426229508 0.25555555555555554 0.5204918032786885 0.25 0.5327868852459017 0.25 0.5368852459016393 0.24444444444444444 0.5450819672131147 0.24444444444444444 0.5491803278688525 0.2388888888888889 0.5614754098360656 0.2388888888888889 0.5655737704918032 0.23333333333333334 0.5778688524590164 0.23333333333333334 0.5819672131147541 0.22777777777777777 0.5942622950819673 0.22777777777777777 0.5983606557377049 0.2222222222222222 0.610655737704918 0.2222222222222222 0.6147540983606558 0.21666666666666667 0.6229508196721312 0.21666666666666667 0.6270491803278688 0.2111111111111111 0.6434426229508197 0.2111111111111111 0.6475409836065574 0.20555555555555555 0.6680327868852459 0.20555555555555555 0.6721311475409836 0.2111111111111111 0.6762295081967213 0.20555555555555555 0.6885245901639344 0.20555555555555555 0.6926229508196722 0.2 0.7049180327868853 0.2 0.7090163934426229 0.19444444444444445 0.7213114754098361 0.19444444444444445 0.7254098360655737 0.18888888888888888 0.7295081967213115 0.18888888888888888 0.7377049180327869 0.2 0.7377049180327869 0.21666666666666667 0.7459016393442623 0.22777777777777777 0.7459016393442623 0.24444444444444444
8 0.9467213114754098 0.43333333333333335 0.9508196721311475 0.4388888888888889 0.9508196721311475 0.4722222222222222 0.9385245901639344 0.48333333333333334 0.8770491803278688 0.48333333333333334 0.8729508196721312 0.4888888888888889 0.8688524590163934 0.4888888888888889 0.860655737704918 0.5055555555555555 0.8401639344262295 0.5055555555555555 0.8401639344262295 0.5 0.8319672131147541 0.4888888888888889 0.8073770491803278 0.4888888888888889 0.7991803278688525 0.5 0.7991803278688525 0.5166666666666667 0.7950819672131147 0.5166666666666667 0.7991803278688525 0.5111111111111111 0.7950819672131147 0.5055555555555555 0.7950819672131147 0.5 0.7868852459016393 0.4888888888888889 0.7786885245901639 0.5 0.7745901639344263 0.5 0.7622950819672131 0.5111111111111111 0.7581967213114754 0.5055555555555555 0.7540983606557377 0.5111111111111111 0.7377049180327869 0.4888888888888889 0.7377049180327869 0.4777777777777778 0.7295081967213115 0.46111111111111114 0.7295081967213115 0.45555555555555555 0.7336065573770492 0.45 0.7336065573770492 0.4388888888888889 0.7704918032786885 0.4388888888888889 0.7745901639344263 0.4444444444444444 0.7868852459016393 0.4444444444444444 0.7909836065573771 0.4388888888888889 0.7950819672131147 0.4444444444444444 0.8278688524590164 0.4444444444444444 0.8360655737704918 0.43333333333333335 0.8360655737704918 0.42777777777777776 0.8401639344262295 0.4222222222222222 0.8442622950819673 0.4222222222222222 0.8565573770491803 0.4388888888888889 0.9098360655737705 0.4388888888888889 0.9139344262295082 0.43333333333333335 0.9426229508196722 0.43333333333333335