8 0.8269230769230769 0.17259414225941422 0.84 0.17468619246861924 0.8423076923076923 0.17782426778242677 0.8415384615384616 0.18200836820083682 0.8361538461538461 0.18828451882845187 0.8361538461538461 0.21652719665271966 0.8384615384615385 0.2280334728033473 0.8376923076923077 0.24372384937238495 0.8430769230769231 0.28661087866108786 0.8438461538461538 0.3158995815899582 0.85 0.3786610878661088 0.8407692307692308 0.39330543933054396 0.8430769230769231 0.41527196652719667 0.8407692307692308 0.4246861924686193 0.8346153846153846 0.4246861924686193 0.8292307692307692 0.39539748953974896 0.8223076923076923 0.3912133891213389 0.8184615384615385 0.38284518828451886 0.8161538461538461 0.3514644351464435 0.81 0.30962343096234307 0.8092307692307692 0.2834728033472803 0.803076923076923 0.22071129707112971 0.8046153846153846 0.20188284518828453 0.8023076923076923 0.19665271966527198 0.8015384615384615 0.18514644351464435 0.8038461538461539 0.1788702928870293 0.8092307692307692 0.17364016736401675 0.8061538461538461 0.14853556485355648 0.8076923076923077 0.13702928870292888 0.8146153846153846 0.13284518828451883 0.8215384615384616 0.13284518828451883 0.8238461538461539 0.13598326359832635 0.8261538461538461 0.17259414225941422
8 0.2684615384615385 0.5167364016736402 0.36923076923076925 0.5209205020920502 0.38076923076923075 0.5198744769874477 0.3861538461538462 0.5167364016736402 0.3992307692307692 0.5324267782426778 0.4076923076923077 0.5355648535564853 0.4115384615384615 0.5418410041841004 0.4107692307692308 0.5449790794979079 0.4084615384615385 0.5407949790794979 0.40076923076923077 0.5387029288702929 0.3992307692307692 0.547071129707113 0.39615384615384613 0.549163179916318 0.3861538461538462 0.549163179916318 0.3792307692307692 0.5418410041841004 0.34692307692307695 0.5428870292887029 0.3192307692307692 0.5387029288702929 0.28692307692307695 0.5407949790794979 0.2653846153846154 0.5366108786610879 0.24769230769230768 0.5376569037656904 0.24461538461538462 0.5366108786610879 0.2423076923076923 0.5313807531380753 0.2423076923076923 0.5261506276150628 0.2453846153846154 0.5198744769874477 0.26153846153846155 0.5156903765690377 0.2676923076923077 0.5167364016736402
8 0.11153846153846154 0.16108786610878661 0.12 0.1684100418410042 0.12230769230769231 0.1788702928870293 0.10307692307692308 0.3064853556485356 0.09769230769230769 0.33158995815899583 0.09307692307692307 0.3399581589958159 0.09 0.37343096234309625 0.08615384615384615 0.38702928870292885 0.08384615384615385 0.3912133891213389 0.07076923076923076 0.3985355648535565 0.06307692307692307 0.3985355648535565 0.052307692307692305 0.3922594142259414 0.05846153846153846 0.38284518828451886 0.06384615384615384 0.36297071129707115 0.06692307692307692 0.3368200836820084 0.07230769230769231 0.3169456066945607 0.08076923076923077 0.2615062761506276 0.09153846153846154 0.2102510460251046 0.09230769230769231 0.19351464435146443 0.10153846153846154 0.18410041841004185 0.10615384615384615 0.16422594142259414 0.11076923076923077 0.16108786610878661
8 0.30615384615384617 0.348326359832636 0.3223076923076923 0.36715481171548114 0.32769230769230767 0.3786610878661088 0.3523076923076923 0.41422594142259417 0.35615384615384615 0.4236401673640167 0.38 0.4602510460251046 0.3861538461538462 0.47384937238493724 0.3853846153846154 0.4905857740585774 0.3953846153846154 0.49372384937238495 0.4053846153846154 0.5104602510460251 0.4169230769230769 0.5355648535564853 0.41846153846153844 0.5449790794979079 0.4169230769230769 0.547071129707113 0.4115384615384615 0.5449790794979079 0.4053846153846154 0.5366108786610879 0.39384615384615385 0.5271966527196653 0.38 0.5083682008368201 0.38153846153846155 0.50418410041841 0.38 0.49581589958158995 0.36846153846153845 0.49581589958158995 0.3638461538461538 0.4916317991631799 0.3515384615384615 0.4665271966527197 0.3376923076923077 0.4497907949790795 0.3323076923076923 0.4372384937238494 0.31076923076923074 0.40690376569037656 0.28 0.35460251046025104 0.27384615384615385 0.3410041841004184 0.27384615384615385 0.33263598326359833 0.2823076923076923 0.3200836820083682 0.29307692307692307 0.3138075313807531 0.3 0.3138075313807531 0.3007692307692308 0.3158995815899582 0.29846153846153844 0.33577405857740583 0.30538461538461537 0.348326359832636
8 0.7707692307692308 0.3577405857740586 0.7769230769230769 0.3608786610878661 0.7823076923076923 0.3682008368200837 0.7730769230769231 0.39330543933054396 0.7753846153846153 0.399581589958159 0.7746153846153846 0.40376569037656906 0.7546153846153846 0.45292887029288703 0.7453846153846154 0.4686192468619247 0.7361538461538462 0.4916317991631799 0.7238461538461538 0.5324267782426778 0.71 0.5627615062761506 0.6984615384615385 0.5732217573221757 0.6784615384615384 0.6276150627615062 0.6738461538461539 0.6338912133891214 0.6684615384615384 0.6548117154811716 0.6592307692307692 0.6652719665271967 0.6569230769230769 0.6746861924686193 0.65 0.6820083682008368 0.6523076923076923 0.6872384937238494 0.6469230769230769 0.7018828451882845 0.6392307692307693 0.7102510460251046 0.6369230769230769 0.7102510460251046 0.6353846153846154 0.7060669456066946 0.6376923076923077 0.6861924686192469 0.6492307692307693 0.6600418410041841 0.6561538461538462 0.6359832635983264 0.6676923076923077 0.6119246861924686 0.6746153846153846 0.5826359832635983 0.6846153846153846 0.5638075313807531 0.6846153846153846 0.5481171548117155 0.6915384615384615 0.5240585774058577 0.713076923076923 0.47280334728033474 0.7169230769230769 0.4560669456066946 0.7238461538461538 0.4382845188284519 0.7353846153846154 0.41631799163179917 0.7476923076923077 0.38284518828451886 0.7546153846153846 0.3786610878661088 0.7623076923076924 0.3577405857740586 0.77 0.3577405857740586
8 0.41923076923076924 0.3514644351464435 0.43 0.3577405857740586 0.5269230769230769 0.3891213389121339 0.5330769230769231 0.39330543933054396 0.5461538461538461 0.39435146443514646 0.563076923076923 0.40376569037656906 0.5661538461538461 0.41422594142259417 0.5707692307692308 0.4194560669456067 0.573076923076923 0.41422594142259417 0.5784615384615385 0.4131799163179916 0.6123076923076923 0.4309623430962343 0.6146153846153846 0.4341004184100418 0.6146153846153846 0.4393305439330544 0.6092307692307692 0.4435146443514644 0.5723076923076923 0.4382845188284519 0.5676923076923077 0.42887029288702927 0.5553846153846154 0.4372384937238494 0.5246153846153846 0.4299163179916318 0.5115384615384615 0.4225941422594142 0.5038461538461538 0.4236401673640167 0.47692307692307695 0.4110878661087866 0.46076923076923076 0.40794979079497906 0.4146153846153846 0.3901673640167364 0.40615384615384614 0.3786610878661088 0.39384615384615385 0.3723849372384937 0.38769230769230767 0.3723849372384937 0.3830769230769231 0.36610878661087864 0.3823076923076923 0.3587866108786611 0.3869230769230769 0.35355648535564854 0.4076923076923077 0.35669456066945604 0.4146153846153846 0.3514644351464435 0.41846153846153844 0.3514644351464435
8 0.3638461538461538 0.09205020920502092 0.3830769230769231 0.10460251046025104 0.39076923076923076 0.09414225941422594 0.39384615384615385 0.09937238493723849 0.41615384615384615 0.11297071129707113 0.44153846153846155 0.12238493723849372 0.4907692307692308 0.14958158995815898 0.49846153846153846 0.1506276150627615 0.5092307692307693 0.15690376569037656 0.5146153846153846 0.16317991631799164 0.5292307692307693 0.16736401673640167 0.5330769230769231 0.1893305439330544 0.5223076923076924 0.20188284518828453 0.5084615384615384 0.19665271966527198 0.4876923076923077 0.18410041841004185 0.47307692307692306 0.18200836820083682 0.46692307692307694 0.17468619246861924 0.44769230769230767 0.16317991631799164 0.4423076923076923 0.16422594142259414 0.4146153846153846 0.15271966527196654 0.40307692307692305 0.14330543933054393 0.38076923076923075 0.13284518828451883 0.37538461538461537 0.12238493723849372 0.3646153846153846 0.11715481171548117 0.3523076923076923 0.11506276150627615 0.3484615384615385 0.1087866108786611 0.3515384615384615 0.09518828451882845 0.35846153846153844 0.09100418410041841 0.3630769230769231 0.09205020920502092
8 0.14153846153846153 0.4665271966527197 0.16846153846153847 0.47280334728033474 0.17076923076923076 0.4811715481171548 0.16692307692307692 0.4895397489539749 0.15846153846153846 0.5543933054393305 0.15461538461538463 0.5669456066945606 0.15538461538461537 0.5774058577405857 0.1523076923076923 0.5857740585774058 0.15461538461538463 0.600418410041841 0.14692307692307693 0.6684100418410042 0.14461538461538462 0.6757322175732218 0.1346153846153846 0.6861924686192469 0.13692307692307693 0.6997907949790795 0.12461538461538461 0.7918410041841004 0.12538461538461537 0.8043933054393305 0.12153846153846154 0.8451882845188284 0.11307692307692307 0.9006276150627615 0.11 0.9037656903765691 0.10076923076923076 0.9027196652719666 0.09846153846153846 0.895397489539749 0.11538461538461539 0.7374476987447699 0.1176923076923077 0.6956066945606695 0.12384615384615384 0.6893305439330544 0.12384615384615384 0.6841004184100419 0.11615384615384615 0.6715481171548117 0.12153846153846154 0.5951882845188284 0.13615384615384615 0.49686192468619245 0.1376923076923077 0.4790794979079498 0.13615384615384615 0.4675732217573222 0.14076923076923076 0.4665271966527197
8 0.1853846153846154 0.1694560669456067 0.19230769230769232 0.17154811715481172 0.2 0.18410041841004185 0.21 0.19142259414225943 0.27615384615384614 0.22280334728033474 0.2876923076923077 0.23221757322175732 0.29307692307692307 0.23326359832635984 0.3230769230769231 0.2510460251046025 0.3261538461538461 0.2615062761506276 0.3253846153846154 0.2719665271966527 0.3176923076923077 0.2813807531380753 0.31 0.2824267782426778 0.2723076923076923 0.2594142259414226 0.24153846153846154 0.24476987447698745 0.2353846153846154 0.22698744769874477 0.22692307692307692 0.2217573221757322 0.21846153846153846 0.22698744769874477 0.20461538461538462 0.22698744769874477 0.19384615384615383 0.2217573221757322 0.1853846153846154 0.22280334728033474 0.17846153846153845 0.22698744769874477 0.17461538461538462 0.22280334728033474 0.1723076923076923 0.18828451882845187 0.1776923076923077 0.17468619246861924 0.18153846153846154 0.1705020920502092 0.18461538461538463 0.1705020920502092
8 0.42538461538461536 0.04602510460251046 0.42846153846153845 0.051255230125523014 0.47 0.08158995815899582 0.47615384615384615 0.09205020920502092 0.48538461538461536 0.09518828451882845 0.49153846153846154 0.10564853556485355 0.5023076923076923 0.1087866108786611 0.5138461538461538 0.11610878661087866 0.5176923076923077 0.12133891213389121 0.5223076923076924 0.12133891213389121 0.5330769230769231 0.1297071129707113 0.5361538461538462 0.13702928870292888 0.536923076923077 0.1506276150627615 0.5323076923076923 0.1579497907949791 0.5253846153846153 0.16213389121338911 0.5161538461538462 0.16108786610878661 0.4976923076923077 0.14853556485355648 0.4907692307692308 0.13702928870292888 0.4623076923076923 0.1192468619246862 0.4469230769230769 0.10251046025104603 0.4330769230769231 0.09623430962343096 0.4269230769230769 0.08786610878661087 0.41307692307692306 0.07740585774058577 0.4076923076923077 0.07635983263598327 0.4015384615384615 0.08054393305439331 0.39692307692307693 0.08054393305439331 0.39384615384615385 0.07531380753138076 0.3953846153846154 0.053347280334728034 0.39384615384615385 0.0502092050209205 0.38846153846153847 0.0502092050209205 0.38384615384615384 0.04602510460251046 0.3861538461538462 0.03765690376569038 0.39615384615384613 0.029288702928870293 0.4046153846153846 0.029288702928870293 0.40923076923076923 0.02405857740585774 0.4153846153846154 0.021966527196652718 0.42153846153846153 0.029288702928870293 0.4207692307692308 0.04288702928870293 0.4246153846153846 0.04602510460251046
8 0.8323076923076923 0.5355648535564853 0.8376923076923077 0.5397489539748954 0.8415384615384616 0.549163179916318 0.8453846153846154 0.5596234309623431 0.8461538461538461 0.5711297071129707 0.8176923076923077 0.5763598326359832 0.8153846153846154 0.5805439330543933 0.8184615384615385 0.5930962343096234 0.8161538461538461 0.6014644351464435 0.8123076923076923 0.6014644351464435 0.8061538461538461 0.5951882845188284 0.7861538461538462 0.5972803347280334 0.7123076923076923 0.6338912133891214 0.6992307692307692 0.643305439330544 0.6946153846153846 0.643305439330544 0.6884615384615385 0.649581589958159 0.6746153846153846 0.6569037656903766 0.6715384615384615 0.6569037656903766 0.67 0.6537656903765691 0.6723076923076923 0.6401673640167364 0.6838461538461539 0.6150627615062761 0.6961538461538461 0.6035564853556485 0.7223076923076923 0.5941422594142259 0.74 0.5826359832635983 0.7607692307692308 0.5753138075313807 0.7723076923076924 0.5658995815899581 0.79 0.5585774058577406 0.7953846153846154 0.553347280334728 0.7961538461538461 0.5418410041841004 0.8015384615384615 0.5428870292887029 0.8076923076923077 0.5523012552301255 0.8107692307692308 0.553347280334728 0.8146153846153846 0.551255230125523 0.8238461538461539 0.5387029288702929 0.8315384615384616 0.5355648535564853
8 0.2592307692307692 0.07426778242677824 0.2653846153846154 0.07740585774058577 0.26692307692307693 0.08158995815899582 0.2653846153846154 0.09100418410041841 0.2623076923076923 0.09309623430962342 0.2153846153846154 0.09728033472803348 0.12923076923076923 0.09728033472803348 0.12538461538461537 0.09937238493723849 0.11923076923076924 0.09937238493723849 0.11615384615384615 0.09414225941422594 0.11538461538461539 0.08472803347280335 0.11846153846153847 0.07740585774058577 0.13153846153846155 0.07531380753138076 0.17692307692307693 0.07740585774058577 0.25846153846153846 0.07426778242677824
8 0.5084615384615384 0.6202928870292888 0.5338461538461539 0.6391213389121339 0.5638461538461539 0.6569037656903766 0.6046153846153847 0.6903765690376569 0.6161538461538462 0.6956066945606695 0.6269230769230769 0.7039748953974896 0.6323076923076923 0.7175732217573222 0.6546153846153846 0.7301255230125523 0.6707692307692308 0.7447698744769874 0.7046153846153846 0.7688284518828452 0.7146153846153847 0.7792887029288703 0.7353846153846154 0.7928870292887029 0.7407692307692307 0.799163179916318 0.7407692307692307 0.805439330543933 0.7346153846153847 0.8106694560669456 0.7269230769230769 0.8064853556485355 0.7176923076923077 0.7960251046025104 0.6861538461538461 0.7761506276150628 0.6707692307692308 0.7635983263598326 0.64 0.747907949790795 0.6253846153846154 0.7343096234309623 0.6161538461538462 0.7374476987447699 0.5130769230769231 0.6652719665271967 0.5023076923076923 0.6621338912133892 0.49153846153846154 0.6516736401673641 0.4869230769230769 0.6558577405857741 0.48615384615384616 0.6506276150627615 0.49153846153846154 0.647489539748954 0.4930769230769231 0.6391213389121339 0.5007692307692307 0.6234309623430963 0.5076923076923077 0.6202928870292888
8 0.2723076923076923 0.6213389121338913 0.2723076923076923 0.6265690376569037 0.27615384615384614 0.6297071129707112 0.2776923076923077 0.645397489539749 0.28615384615384615 0.6600418410041841 0.28615384615384615 0.6673640167364017 0.2746153846153846 0.6903765690376569 0.2723076923076923 0.698744769874477 0.2723076923076923 0.7092050209205021 0.26615384615384613 0.7092050209205021 0.26 0.7186192468619247 0.2569230769230769 0.7301255230125523 0.2423076923076923 0.7635983263598326 0.23846153846153847 0.7782426778242678 0.23153846153846153 0.7834728033472803 0.22538461538461538 0.7949790794979079 0.2246153846153846 0.8064853556485355 0.2169230769230769 0.8075313807531381 0.20923076923076922 0.803347280334728 0.19923076923076924 0.7918410041841004 0.19846153846153847 0.7845188284518828 0.20307692307692307 0.7792887029288703 0.2076923076923077 0.75418410041841 0.23307692307692307 0.7071129707112971 0.24307692307692308 0.6851464435146444 0.25 0.6631799163179917 0.26461538461538464 0.6391213389121339 0.2653846153846154 0.6297071129707112 0.27 0.6265690376569037 0.27153846153846156 0.6223849372384938
8 0.7546153846153846 0.4560669456066946 0.7584615384615384 0.47280334728033474 0.7623076923076924 0.5073221757322176 0.7646153846153846 0.5115062761506276 0.7753846153846153 0.5146443514644351 0.7607692307692308 0.5345188284518828 0.7615384615384615 0.5481171548117155 0.7661538461538462 0.5606694560669456 0.7661538461538462 0.5658995815899581 0.7553846153846154 0.5742677824267782 0.7407692307692307 0.5732217573221757 0.7376923076923076 0.5679916317991632 0.7353846153846154 0.5428870292887029 0.7276923076923076 0.5324267782426778 0.7330769230769231 0.5230125523012552 0.7353846153846154 0.497907949790795 0.7461538461538462 0.47384937238493724 0.7476923076923077 0.46548117154811713 0.7538461538461538 0.4571129707112971