8 0.18875 0.03745318352059925 0.1925 0.04307116104868914 0.1925 0.06554307116104868 0.19625 0.07677902621722846 0.195 0.09176029962546817 0.19875 0.09737827715355805 0.19375 0.10674157303370786 0.19625 0.13670411985018727 0.195 0.17415730337078653 0.19625 0.18164794007490637 0.2025 0.19288389513108614 0.2025 0.20037453183520598 0.20625 0.2153558052434457 0.21375 0.27902621722846443 0.21375 0.2958801498127341 0.2225 0.35580524344569286 0.22375 0.3970037453183521 0.2275 0.4101123595505618 0.23 0.44569288389513106 0.235 0.47191011235955055 0.23375 0.4812734082397004 0.2375 0.49063670411985016 0.2375 0.5074906367041199 0.2425 0.5318352059925093 0.2425 0.5449438202247191 0.245 0.5580524344569289 0.24375 0.5674157303370787 0.25 0.5805243445692884 0.2525 0.6179775280898876 0.255 0.6235955056179775 0.255 0.6329588014981273 0.25875 0.6423220973782772 0.25875 0.6554307116104869 0.265 0.6910112359550562 0.265 0.7247191011235955 0.26625 0.7453183520599251 0.26875 0.7546816479400749 0.2675 0.8033707865168539 0.27125 0.8071161048689138 0.27 0.8089887640449438 0.27125 0.8146067415730337 0.2675 0.8164794007490637 0.2675 0.8220973782771536 0.27125 0.8333333333333334 0.27 0.8352059925093633 0.27125 0.8576779026217228 0.26 0.8651685393258427 0.2475 0.8689138576779026 0.24125 0.8782771535580525 0.24125 0.8838951310861424 0.24375 0.8876404494382022 0.2525 0.8857677902621723 0.2625 0.8876404494382022 0.26375 0.897003745318352 0.26 0.900749063670412 0.2525 0.900749063670412 0.24375 0.898876404494382 0.24125 0.8951310861423221 0.2375 0.897003745318352 0.2325 0.8951310861423221 0.2325 0.8838951310861424 0.23375 0.8801498127340824 0.23875 0.8820224719101124 0.24 0.8726591760299626 0.2375 0.8689138576779026 0.23875 0.8595505617977528 0.23625 0.8558052434456929 0.2375 0.8352059925093633 0.235 0.8277153558052435 0.2275 0.8202247191011236 0.2275 0.8164794007490637 0.23 0.8146067415730337 0.23375 0.8164794007490637 0.23625 0.8089887640449438 0.23375 0.8033707865168539 0.235 0.795880149812734 0.23375 0.7921348314606742 0.23625 0.7846441947565543 0.23375 0.7621722846441947 0.2375 0.7528089887640449 0.235 0.7265917602996255 0.23125 0.7153558052434457 0.2325 0.6947565543071161 0.235 0.6891385767790262 0.2325 0.6853932584269663 0.23375 0.6779026217228464 0.23 0.6685393258426966 0.23125 0.6591760299625468 0.22625 0.6329588014981273 0.22875 0.6292134831460674 0.22875 0.6235955056179775 0.23125 0.6217228464419475 0.23125 0.6161048689138576 0.22375 0.6048689138576779 0.22625 0.601123595505618 0.2275 0.5880149812734082 0.225 0.5842696629213483 0.22375 0.5617977528089888 0.225 0.48314606741573035 0.22125 0.4737827715355805 0.2225 0.46254681647940077 0.21625 0.45880149812734083 0.21875 0.45318352059925093 0.21875 0.4419475655430712 0.215 0.43820224719101125 0.21375 0.43258426966292135 0.215 0.4250936329588015 0.2125 0.42134831460674155 0.2075 0.4288389513108614 0.2075 0.43820224719101125 0.205 0.43820224719101125 0.20375 0.4232209737827715 0.19625 0.42134831460674155 0.195 0.4250936329588015 0.2 0.4344569288389513 0.19625 0.4400749063670412 0.1975 0.44756554307116103 0.19625 0.45880149812734083 0.19125 0.4606741573033708 0.18875 0.45318352059925093 0.19125 0.44756554307116103 0.19125 0.4400749063670412 0.18875 0.43258426966292135 0.18875 0.40823970037453183 0.19125 0.4044943820224719 0.19125 0.38764044943820225 0.18875 0.3838951310861423 0.18875 0.37453183520599254 0.19125 0.36704119850187267 0.18875 0.3595505617977528 0.1875 0.32209737827715357 0.185 0.30337078651685395 0.18625 0.25842696629213485 0.18375 0.24157303370786518 0.185 0.2303370786516854 0.175 0.2153558052434457 0.175 0.20599250936329588 0.18125 0.18726591760299627 0.18125 0.1441947565543071 0.18375 0.11235955056179775 0.1825 0.09550561797752809 0.185 0.08052434456928839 0.18375 0.05056179775280899 0.185 0.04119850187265917 0.1875 0.03932584269662921
8 0.89375 0 0.9 0 0.90375 0.011235955056179775 0.9025 0.013108614232209739 0.90375 0.06928838951310862 0.90125 0.07677902621722846 0.90125 0.10486891385767791 0.8975 0.1104868913857678 0.9 0.12172284644194757 0.9 0.1348314606741573 0.90375 0.1441947565543071 0.9025 0.16666666666666666 0.8975 0.17790262172284643 0.8975 0.19101123595505617 0.90375 0.20973782771535582 0.9025 0.2303370786516854 0.90375 0.23220973782771537 0.9025 0.24344569288389514 0.90375 0.24531835205992508 0.9025 0.27340823970037453 0.90375 0.31273408239700373 0.9 0.3295880149812734 0.9 0.3408239700374532 0.8975 0.34269662921348315 0.89875 0.352059925093633 0.8975 0.35580524344569286 0.9 0.36329588014981273 0.8975 0.36704119850187267 0.89375 0.3857677902621723 0.89625 0.3913857677902622 0.89875 0.3895131086142322 0.9 0.37453183520599254 0.9 0.3857677902621723 0.90375 0.39325842696629215 0.89875 0.4044943820224719 0.89875 0.4101123595505618 0.9025 0.41947565543071164 0.90125 0.4232209737827715 0.9025 0.449438202247191 0.9 0.45692883895131087 0.9 0.4681647940074906 0.90125 0.5131086142322098 0.90375 0.5243445692883895 0.90375 0.5749063670411985 0.89625 0.5767790262172284 0.89375 0.5730337078651685 0.88625 0.5393258426966292 0.88625 0.5299625468164794 0.8825 0.5187265917602997 0.8825 0.5056179775280899 0.87875 0.4868913857677903 0.87625 0.48314606741573035 0.875 0.4606741573033708 0.86875 0.4363295880149813 0.8775 0.41947565543071164 0.87375 0.4157303370786517 0.86875 0.41760299625468167 0.87125 0.4157303370786517 0.87 0.41198501872659177 0.8625 0.41385767790262173 0.85875 0.4101123595505618 0.86 0.40636704119850187 0.8575 0.3838951310861423 0.86125 0.37640449438202245 0.85625 0.36891385767790263 0.855 0.35767790262172283 0.8525 0.3539325842696629 0.85125 0.3389513108614232 0.84875 0.3352059925093633 0.84875 0.32397003745318353 0.84625 0.31835205992509363 0.8475 0.3089887640449438 0.85125 0.301498127340824 0.85 0.28277153558052437 0.8525 0.2752808988764045 0.8525 0.2640449438202247 0.855 0.25280898876404495 0.85375 0.2397003745318352 0.855 0.2247191011235955 0.85625 0.21910112359550563 0.85875 0.21910112359550563 0.85625 0.22284644194756553 0.85875 0.2303370786516854 0.86375 0.2209737827715356 0.86375 0.20786516853932585 0.8575 0.20224719101123595 0.86375 0.1947565543071161 0.8625 0.1891385767790262 0.85875 0.1891385767790262 0.86625 0.18164794007490637 0.86125 0.17790262172284643 0.86125 0.17228464419475656 0.86625 0.16853932584269662 0.8675 0.15730337078651685 0.87125 0.16104868913857678 0.87625 0.15917602996254682 0.88 0.16104868913857678 0.88375 0.15730337078651685 0.87875 0.15168539325842698 0.8625 0.1441947565543071 0.85875 0.13295880149812733 0.85875 0.1198501872659176 0.8625 0.11235955056179775 0.85625 0.0898876404494382 0.855 0.07116104868913857 0.85875 0.06928838951310862 0.865 0.07303370786516854 0.86875 0.06741573033707865 0.86625 0.06367041198501873 0.85625 0.06179775280898876 0.8525 0.056179775280898875 0.855 0.04307116104868914 0.85 0.035580524344569285 0.84875 0.003745318352059925 0.85125 0 0.87 0.0056179775280898875 0.89375 0.0018726591760299626
8 0.49375 0.3202247191011236 0.505 0.32397003745318353 0.5175 0.3352059925093633 0.52 0.3651685393258427 0.52 0.37640449438202245 0.5175 0.3857677902621723 0.51875 0.3895131086142322 0.51625 0.398876404494382 0.515 0.4344569288389513 0.51625 0.45318352059925093 0.51375 0.47752808988764045 0.51375 0.5037453183520599 0.51125 0.5187265917602997 0.5125 0.5599250936329588 0.50875 0.5767790262172284 0.50875 0.5898876404494382 0.5075 0.5917602996254682 0.50625 0.5898876404494382 0.50625 0.5730337078651685 0.50125 0.5599250936329588 0.5025 0.5430711610486891 0.5 0.5355805243445693 0.5025 0.5318352059925093 0.5025 0.5262172284644194 0.49875 0.5112359550561798 0.5 0.5093632958801498 0.49875 0.47191011235955055 0.49625 0.46629213483146065 0.49625 0.42696629213483145 0.49375 0.42134831460674155 0.4925 0.398876404494382 0.49375 0.36891385767790263 0.4925 0.3445692883895131 0.495 0.3295880149812734 0.49375 0.32209737827715357
8 0.72375 0.05056179775280899 0.73 0.056179775280898875 0.7275 0.0599250936329588 0.72875 0.06928838951310862 0.7275 0.13670411985018727 0.73 0.1704119850187266 0.72875 0.25842696629213485 0.73125 0.299625468164794 0.73 0.30711610486891383 0.7325 0.3970037453183521 0.7325 0.4232209737827715 0.73 0.4344569288389513 0.71 0.42134831460674155 0.69875 0.4101123595505618 0.685 0.3951310861423221 0.6775 0.3782771535580524 0.67875 0.3707865168539326 0.68125 0.37640449438202245 0.6875 0.36329588014981273 0.68625 0.34831460674157305 0.68875 0.3408239700374532 0.6875 0.31647940074906367 0.68875 0.2902621722846442 0.69125 0.2846441947565543 0.68875 0.25842696629213485 0.69125 0.24531835205992508 0.69375 0.20224719101123595 0.69125 0.19288389513108614 0.69375 0.16666666666666666 0.69125 0.1198501872659176 0.69375 0.10486891385767791 0.695 0.06928838951310862 0.69625 0.06179775280898876 0.7 0.05805243445692884 0.71125 0.052434456928838954 0.7225 0.05056179775280899
8 0.7925 0 0.81625 0 0.81875 0.024344569288389514 0.8175 0.04119850187265917 0.82 0.05056179775280899 0.81875 0.1254681647940075 0.81375 0.1254681647940075 0.81 0.1198501872659176 0.80625 0.09176029962546817 0.79625 0.04868913857677903 0.795 0.028089887640449437 0.79125 0.0149812734082397 0.7925 0.0018726591760299626
8 0.955 0.13295880149812733 0.9575 0.1404494382022472 0.96 0.1853932584269663 0.96375 0.20411985018726592 0.965 0.22284644194756553 0.96375 0.250936329588015 0.9675 0.2846441947565543 0.97 0.2883895131086142 0.97 0.3202247191011236 0.97375 0.3464419475655431 0.975 0.398876404494382 0.97875 0.42134831460674155 0.9775 0.4363295880149813 0.98 0.44569288389513106 0.98 0.46441947565543074 0.9825 0.48314606741573035 0.98375 0.548689138576779 0.98625 0.5674157303370787 0.98625 0.5955056179775281 0.98875 0.6086142322097379 0.9875 0.6310861423220974 0.99 0.6722846441947565 0.9875 0.6779026217228464 0.9925 0.6872659176029963 0.99 0.6947565543071161 0.98 0.6928838951310862 0.9775 0.6853932584269663 0.97375 0.6966292134831461 0.96625 0.6947565543071161 0.95625 0.6966292134831461 0.95 0.6928838951310862 0.945 0.6947565543071161 0.94375 0.6872659176029963 0.93875 0.6816479400749064 0.9475 0.6741573033707865 0.95 0.6554307116104869 0.94875 0.6086142322097379 0.95 0.5374531835205992 0.9475 0.45880149812734083 0.94875 0.3445692883895131 0.9475 0.3389513108614232 0.95 0.250936329588015 0.94875 0.24906367041198502 0.95 0.24531835205992508 0.94875 0.19288389513108614 0.9525 0.1797752808988764 0.94875 0.1704119850187266 0.94875 0.14232209737827714 0.95125 0.14232209737827714 0.955 0.1348314606741573
8 0.85875 0.8670411985018727 0.87125 0.8651685393258427 0.8775 0.8595505617977528 0.88875 0.8558052434456929 0.89875 0.8576779026217228 0.90125 0.8632958801498127 0.90125 0.8782771535580525 0.90625 0.8838951310861424 0.91125 0.8838951310861424 0.9125 0.8932584269662921 0.90875 0.900749063670412 0.90125 0.897003745318352 0.8975 0.897003745318352 0.895 0.900749063670412 0.89375 0.9138576779026217 0.8975 0.9943820224719101 0.89375 0.9962546816479401 0.875 0.9943820224719101 0.8725 0.9906367041198502 0.87375 0.9812734082397003 0.87125 0.9756554307116105 0.87 0.947565543071161 0.86625 0.9456928838951311 0.87 0.9419475655430711 0.86875 0.9363295880149812 0.87 0.9213483146067416 0.86625 0.9176029962546817 0.8675 0.9138576779026217 0.86 0.9119850187265918 0.85625 0.9194756554307116 0.84875 0.9194756554307116 0.845 0.9101123595505618 0.83875 0.9082397003745318 0.8425 0.897003745318352 0.84625 0.8932584269662921 0.84625 0.8895131086142322 0.8575 0.8857677902621723 0.85875 0.8689138576779026
8 0.7275 0 0.765 0 0.77125 0.011235955056179775 0.7675 0.03745318352059925 0.7675 0.05056179775280899 0.77 0.0599250936329588 0.76875 0.07116104868913857 0.77 0.09925093632958802 0.7675 0.10486891385767791 0.77 0.14232209737827714 0.7675 0.15355805243445692 0.77 0.15730337078651685 0.77125 0.1891385767790262 0.77 0.21722846441947566 0.7725 0.22284644194756553 0.77 0.2340823970037453 0.77125 0.250936329588015 0.76875 0.2565543071161049 0.77 0.26591760299625467 0.76875 0.3146067415730337 0.77125 0.33146067415730335 0.77 0.33707865168539325 0.77125 0.36142322097378277 0.76875 0.36891385767790263 0.77125 0.37640449438202245 0.77 0.3951310861423221 0.775 0.4550561797752809 0.775 0.47191011235955055 0.76875 0.4737827715355805 0.745 0.45131086142322097 0.73375 0.4363295880149813 0.73375 0.3857677902621723 0.7325 0.3838951310861423 0.73375 0.31647940074906367 0.73125 0.301498127340824 0.7325 0.27902621722846443 0.73 0.24719101123595505 0.73125 0.23595505617977527 0.73 0.15168539325842698 0.73125 0.149812734082397 0.72875 0.13857677902621723 0.73 0.13108614232209737 0.72875 0.07865168539325842 0.73 0.05805243445692884 0.73625 0.04681647940074907 0.73875 0.035580524344569285 0.7375 0.0299625468164794 0.73 0.020599250936329586 0.72625 0.009363295880149813 0.7275 0.0018726591760299626
8 0.41 0.2397003745318352 0.435 0.26217228464419473 0.4375 0.2696629213483146 0.43875 0.31273408239700373 0.435 0.350187265917603 0.43625 0.40262172284644193 0.43375 0.4157303370786517 0.4325 0.4419475655430712 0.43375 0.4794007490636704 0.43125 0.5056179775280899 0.43125 0.5224719101123596 0.43375 0.5280898876404494 0.43125 0.5337078651685393 0.4325 0.5374531835205992 0.43125 0.5692883895131086 0.42875 0.5730337078651685 0.43 0.5767790262172284 0.42875 0.5805243445692884 0.43 0.6217228464419475 0.4275 0.6292134831460674 0.42875 0.6310861423220974 0.4275 0.6460674157303371 0.42875 0.6910112359550562 0.42625 0.700374531835206 0.4275 0.7359550561797753 0.425 0.7471910112359551 0.425 0.7584269662921348 0.43 0.7640449438202247 0.42375 0.7696629213483146 0.42375 0.8333333333333334 0.4225 0.8352059925093633 0.42375 0.8445692883895131 0.42125 0.8670411985018727 0.4225 0.8764044943820225 0.42125 0.9400749063670412 0.42375 0.9456928838951311 0.42375 0.9550561797752809 0.415 0.9569288389513109 0.4125 0.9606741573033708 0.41375 0.9700374531835206 0.4125 0.9906367041198502 0.4075 0.99812734082397 0.38875 0.9962546816479401 0.3875 0.9925093632958801 0.38875 0.9606741573033708 0.38625 0.9569288389513109 0.345 0.9531835205992509 0.3425 0.951310861423221 0.3425 0.9400749063670412 0.35375 0.9363295880149812 0.365 0.9363295880149812 0.36875 0.9325842696629213 0.37375 0.9344569288389513 0.38 0.9269662921348315 0.3825 0.9176029962546817 0.3825 0.8295880149812734 0.385 0.8164794007490637 0.38625 0.7134831460674157 0.3875 0.7116104868913857 0.38625 0.6853932584269663 0.39 0.6573033707865169 0.39 0.5898876404494382 0.3925 0.5711610486891385 0.39375 0.5318352059925093 0.3925 0.5243445692883895 0.395 0.5074906367041199 0.39375 0.5056179775280899 0.395 0.4887640449438202 0.3925 0.4794007490636704 0.39625 0.44756554307116103 0.395 0.33707865168539325 0.3975 0.3202247191011236 0.39625 0.3052434456928839 0.39875 0.2902621722846442 0.3975 0.2846441947565543 0.39875 0.24531835205992508 0.4025 0.2397003745318352 0.40875 0.2397003745318352
8 0.45 0.2883895131086142 0.46 0.28651685393258425 0.47 0.29213483146067415 0.4825 0.3089887640449438 0.48875 0.31273408239700373 0.4925 0.32209737827715357 0.49 0.350187265917603 0.49125 0.3857677902621723 0.4875 0.449438202247191 0.48875 0.46629213483146065 0.48625 0.4868913857677903 0.48875 0.5692883895131086 0.4875 0.5711610486891385 0.48875 0.5917602996254682 0.4875 0.6685393258426966 0.49 0.6816479400749064 0.485 0.6872659176029963 0.485 0.6966292134831461 0.4825 0.702247191011236 0.48375 0.7322097378277154 0.4825 0.7565543071161048 0.48 0.7677902621722846 0.47875 0.8108614232209738 0.47875 0.8183520599250936 0.48375 0.8277153558052435 0.4825 0.8370786516853933 0.48625 0.846441947565543 0.48625 0.8558052434456929 0.48375 0.8670411985018727 0.485 0.8764044943820225 0.47875 0.8895131086142322 0.4775 0.897003745318352 0.47875 0.900749063670412 0.47375 0.9962546816479401 0.455 0.99812734082397 0.45125 0.9943820224719101 0.44 0.9943820224719101 0.4325 0.9906367041198502 0.43125 0.9419475655430711 0.43375 0.9344569288389513 0.43375 0.9194756554307116 0.4325 0.897003745318352 0.4275 0.8838951310861424 0.42625 0.8726591760299626 0.42875 0.8670411985018727 0.44125 0.8632958801498127 0.44125 0.8539325842696629 0.435 0.8445692883895131 0.4375 0.8052434456928839 0.4375 0.7677902621722846 0.435 0.7621722846441947 0.43125 0.7621722846441947 0.43125 0.7602996254681648 0.435 0.7621722846441947 0.4375 0.7565543071161048 0.4375 0.7303370786516854 0.44 0.7134831460674157 0.43875 0.6947565543071161 0.44 0.6704119850187266 0.4375 0.6666666666666666 0.43125 0.6685393258426966 0.43 0.6647940074906367 0.44 0.6629213483146067 0.4425 0.6348314606741573 0.4425 0.6067415730337079 0.445 0.5842696629213483 0.4425 0.5224719101123596 0.445 0.50187265917603 0.4425 0.4850187265917603 0.445 0.4737827715355805 0.445 0.4344569288389513 0.4425 0.40074906367041196 0.44625 0.3951310861423221 0.445 0.38764044943820225 0.4475 0.37265917602996257 0.44625 0.36142322097378277 0.44875 0.33707865168539325 0.44875 0.30337078651685395 0.45125 0.299625468164794 0.4525 0.29213483146067415 0.45125 0.2902621722846442
8 0.77625 0.07116104868913857 0.7775 0.06367041198501873 0.7725 0.05805243445692884 0.77375 0.04119850187265917 0.77125 0.026217228464419477 0.77125 0.0056179775280898875 0.77625 0 0.7825 0 0.785 0.003745318352059925 0.7925 0.03932584269662921 0.79375 0.06367041198501873 0.8 0.08052434456928839 0.80625 0.1198501872659176 0.815 0.13295880149812733 0.8175 0.1404494382022472 0.81375 0.15917602996254682 0.81875 0.19101123595505617 0.82125 0.19662921348314608 0.82375 0.22284644194756553 0.82875 0.2397003745318352 0.83375 0.28651685393258425 0.83875 0.2958801498127341 0.8425 0.32397003745318353 0.845 0.3295880149812734 0.845 0.3408239700374532 0.85125 0.36329588014981273 0.85 0.36891385767790263 0.8525 0.37453183520599254 0.8525 0.38202247191011235 0.85 0.3857677902621723 0.85125 0.3970037453183521 0.85625 0.41385767790262173 0.85625 0.4250936329588015 0.85875 0.4307116104868914 0.8625 0.43258426966292135 0.86625 0.4419475655430712 0.8725 0.47752808988764045 0.8725 0.49063670411985016 0.87625 0.49812734082397003 0.88 0.5168539325842697 0.88125 0.5393258426966292 0.89125 0.5767790262172284 0.89 0.5861423220973783 0.88625 0.5842696629213483 0.88375 0.5786516853932584 0.8725 0.5767790262172284 0.86625 0.5674157303370787 0.86 0.5655430711610487 0.85625 0.5580524344569289 0.845 0.548689138576779 0.845 0.5393258426966292 0.85375 0.5280898876404494 0.855 0.5224719101123596 0.85375 0.5112359550561798 0.8575 0.5056179775280899 0.85875 0.49625468164794007 0.8625 0.4887640449438202 0.86 0.48314606741573035 0.86125 0.47752808988764045 0.85875 0.4737827715355805 0.855 0.4794007490636704 0.8525 0.4756554307116105 0.8325 0.4794007490636704 0.82625 0.4700374531835206 0.82 0.4344569288389513 0.81625 0.4250936329588015 0.815 0.40823970037453183 0.8025 0.3595505617977528 0.8 0.32397003745318353 0.79125 0.2846441947565543 0.78875 0.25280898876404495 0.78375 0.23220973782771537 0.78125 0.20224719101123595 0.77625 0.18352059925093633 0.775 0.15730337078651685 0.7725 0.149812734082397 0.775 0.12359550561797752 0.77125 0.10486891385767791 0.775 0.0898876404494382 0.7825 0.08426966292134831 0.7775 0.07677902621722846 0.78 0.07303370786516854 0.77875 0.07116104868913857 0.77625 0.07303370786516854
8 0.02375 0.0898876404494382 0.03125 0.09925093632958802 0.0325 0.13670411985018727 0.03 0.19101123595505617 0.0275 0.20599250936329588 0.02875 0.21348314606741572 0.0275 0.26779026217228463 0.03125 0.28277153558052437 0.03 0.2958801498127341 0.03125 0.29775280898876405 0.04625 0.2958801498127341 0.05375 0.299625468164794 0.0575 0.3089887640449438 0.0575 0.31835205992509363 0.06125 0.3258426966292135 0.0575 0.33707865168539325 0.06 0.3445692883895131 0.05625 0.350187265917603 0.05375 0.36142322097378277 0.05625 0.36891385767790263 0.0525 0.37640449438202245 0.05625 0.38202247191011235 0.0525 0.39325842696629215 0.05375 0.41385767790262173 0.05125 0.41760299625468167 0.0575 0.42696629213483145 0.05125 0.43820224719101125 0.0525 0.4419475655430712 0.05125 0.44569288389513106 0.05625 0.449438202247191 0.055 0.46441947565543074 0.0575 0.4868913857677903 0.05125 0.49250936329588013 0.05 0.5 0.0525 0.5037453183520599 0.05625 0.5037453183520599 0.0575 0.5093632958801498 0.0525 0.5205992509363296 0.05375 0.5224719101123596 0.0525 0.5318352059925093 0.0475 0.5393258426966292 0.0475 0.5430711610486891 0.05375 0.5468164794007491 0.05625 0.552434456928839 0.055 0.5655430711610487 0.05625 0.5786516853932584 0.05375 0.5880149812734082 0.045 0.599250936329588 0.0475 0.6067415730337079 0.045 0.6142322097378277 0.045 0.6292134831460674 0.0525 0.6404494382022472 0.05 0.651685393258427 0.05125 0.6591760299625468 0.0475 0.6647940074906367 0.0475 0.6685393258426966 0.05375 0.6779026217228464 0.0475 0.6853932584269663 0.04875 0.6928838951310862 0.045 0.6947565543071161 0.04375 0.704119850187266 0.045 0.7134831460674157 0.04125 0.7191011235955056 0.04125 0.7378277153558053 0.04375 0.7434456928838952 0.04375 0.7546816479400749 0.04125 0.7602996254681648 0.04375 0.7659176029962547 0.0425 0.7771535580524345 0.05375 0.7883895131086143 0.04875 0.7921348314606742 0.05375 0.799625468164794 0.06 0.8014981273408239 0.06 0.8071161048689138 0.0525 0.8052434456928839 0.05 0.8089887640449438 0.05125 0.8146067415730337 0.05875 0.8164794007490637 0.05625 0.8202247191011236 0.055 0.8183520599250936 0.05125 0.8202247191011236 0.04375 0.8352059925093633 0.0425 0.8689138576779026 0.04625 0.8932584269662921 0.045 0.897003745318352 0.03875 0.900749063670412 0.04125 0.9082397003745318 0.05 0.9082397003745318 0.05875 0.9138576779026217 0.06 0.9250936329588015 0.05625 0.9307116104868914 0.05125 0.9325842696629213 0.04625 0.9307116104868914 0.035 0.9363295880149812 0.0325 0.9550561797752809 0.0375 0.9700374531835206 0.0375 0.9850187265917603 0.02875 0.99812734082397 0.01375 0.99812734082397 0 0.9868913857677902 0 0.9794007490636704 0.0025 0.9794007490636704 0.00625 0.9737827715355806 0.00625 0.9400749063670412 0 0.9307116104868914 0 0.9119850187265918 0.0025 0.9101123595505618 0 0.9063670411985019 0.0025 0.9044943820224719 0.0025 0.8408239700374532 0.00375 0.8389513108614233 0.0025 0.7265917602996255 0.00375 0.6853932584269663 0.0075 0.6554307116104869 0.0075 0.6423220973782772 0.005 0.6292134831460674 0.00625 0.6198501872659176 0.00875 0.6161048689138576 0.0075 0.6048689138576779 0.00875 0.5955056179775281 0.005 0.5936329588014981 0.00625 0.5074906367041199 0.00375 0.5037453183520599 0.005 0.49812734082397003 0.00375 0.49250936329588013 0.00625 0.49063670411985016 0.005 0.48314606741573035 0.00875 0.47752808988764045 0.0075 0.47191011235955055 0.01 0.4681647940074906 0.0075 0.4606741573033708 0 0.4606741573033708 0 0.44569288389513106 0.00375 0.4419475655430712 0.00375 0.43820224719101125 0 0.4344569288389513 0.00125 0.41385767790262173 0 0.40074906367041196 0.00625 0.3970037453183521 0.005 0.3913857677902622 0 0.3913857677902622 0.0025 0.38764044943820225 0.0025 0.38202247191011235 0 0.3782771535580524 0 0.37453183520599254 0.0025 0.37265917602996257 0 0.36704119850187267 0 0.3389513108614232 0.0025 0.33707865168539325 0.00375 0.33146067415730335 0.00375 0.3258426966292135 0 0.3202247191011236 0.00375 0.31647940074906367 0 0.31086142322097376 0 0.2397003745318352 0.00875 0.22659176029962547 0.00875 0.2209737827715356 0.005 0.21722846441947566 0.00375 0.20973782771535582 0.005 0.20599250936329588 0.00375 0.1947565543071161 0 0.1891385767790262 0 0.09176029962546817 0.0225 0.0898876404494382
8 0.005 0.08614232209737828 0.00625 0.08801498127340825 0.01875 0.08614232209737828 0.025 0.09176029962546817 0.03 0.10861423220973783 0.02875 0.12734082397003746 0.03 0.17415730337078653 0.02375 0.1853932584269663 0.0275 0.19101123595505617 0.02625 0.1947565543071161 0.0275 0.19850187265917604 0.025 0.20224719101123595 0.02625 0.20786516853932585 0.025 0.2340823970037453 0.02625 0.27340823970037453 0.03 0.28277153558052437 0.03 0.2958801498127341 0.02375 0.30337078651685395 0.025 0.30711610486891383 0.02375 0.3333333333333333 0.02125 0.3389513108614232 0.02 0.36142322097378277 0.01625 0.37453183520599254 0.015 0.40823970037453183 0.0125 0.41385767790262173 0.0125 0.4232209737827715 0.00875 0.43258426966292135 0.0075 0.44569288389513106 0.00875 0.46629213483146065 0.005 0.4756554307116105 0.005 0.48314606741573035 0.0025 0.4868913857677903 0.005 0.4943820224719101 0.0025 0.4943820224719101 0.0025 0.49063670411985016 0 0.4887640449438202 0 0.27902621722846443 0.00375 0.2752808988764045 0 0.27153558052434457 0 0.25842696629213485 0.0025 0.2565543071161049 0 0.24719101123595505 0.01 0.23595505617977527 0.01 0.21722846441947566 0.005 0.21348314606741572 0.005 0.20786516853932585 0.00875 0.20599250936329588 0.005 0.20224719101123595 0.005 0.19850187265917604 0.00875 0.19101123595505617 0.005 0.1891385767790262 0.0025 0.1647940074906367 0.005 0.15730337078651685 0.005 0.149812734082397 0.00875 0.14606741573033707 0.00625 0.14232209737827714 0.00875 0.1348314606741573 0.00625 0.13295880149812733 0.00375 0.12359550561797752 0.005 0.10112359550561797 0.00375 0.09363295880149813 0 0.09176029962546817 0.00375 0.08801498127340825
8 0.98625 0 0.99375 0.003745318352059925 0.99375 0.011235955056179775 0.99125 0.016853932584269662 0.99125 0.035580524344569285 0.99375 0.054307116104868915 0.99625 0.0599250936329588 0.995 0.08426966292134831 0.99625 0.13295880149812733 0.99375 0.13670411985018727 0.9925 0.149812734082397 0.995 0.15543071161048688 0.995 0.16292134831460675 0.99875 0.1704119850187266 0.99625 0.17790262172284643 0.98875 0.18164794007490637 0.98625 0.1891385767790262 0.9875 0.19101123595505617 0.9925 0.18726591760299627 0.995 0.1891385767790262 0.99375 0.20786516853932585 0.99625 0.21910112359550563 0.99875 0.2209737827715356 0.99875 0.23220973782771537 0.99625 0.2340823970037453 0.99875 0.24719101123595505 0.99625 0.250936329588015 0.9975 0.25280898876404495 0.99625 0.27153558052434457 0.99375 0.27715355805243447 0.9875 0.28277153558052437 0.99625 0.3089887640449438 0.99375 0.3295880149812734 0.99625 0.352059925093633 0.995 0.3857677902621723 0.99375 0.3895131086142322 0.99125 0.3838951310861423 0.98875 0.38764044943820225 0.98875 0.3970037453183521 0.99625 0.40823970037453183 0.995 0.41198501872659177 0.99625 0.4250936329588015 0.99375 0.43258426966292135 0.99125 0.4307116104868914 0.98875 0.4344569288389513 0.99 0.43820224719101125 0.9875 0.4419475655430712 0.99 0.449438202247191 0.99375 0.45318352059925093 0.9925 0.45880149812734083 0.98875 0.46254681647940077 0.99125 0.4681647940074906 0.9875 0.48314606741573035 0.99 0.49063670411985016 0.99 0.5056179775280899 0.99125 0.5074906367041199 0.9925 0.5037453183520599 0.995 0.5056179775280899 0.99375 0.5112359550561798 0.99 0.5131086142322098 0.99 0.5168539325842697 0.99125 0.5187265917602997 0.99375 0.5168539325842697 0.995 0.5224719101123596 0.99375 0.5262172284644194 0.99 0.5262172284644194 0.98875 0.5318352059925093 0.99625 0.548689138576779 0.99125 0.5561797752808989 0.99375 0.5617977528089888 0.99125 0.5749063670411985 0.98875 0.5749063670411985 0.9875 0.5655430711610487 0.985 0.5674157303370787 0.99 0.5917602996254682 0.9875 0.5917602996254682 0.985 0.5973782771535581 0.98625 0.602996254681648 0.985 0.6367041198501873 0.9875 0.6423220973782772 0.985 0.653558052434457 0.9875 0.6573033707865169 0.98625 0.6647940074906367 0.9825 0.6685393258426966 0.98375 0.6704119850187266 0.98125 0.6741573033707865 0.9525 0.6722846441947565 0.95 0.6629213483146067 0.95125 0.6591760299625468 0.95 0.6423220973782772 0.9525 0.6310861423220974 0.95125 0.6254681647940075 0.9525 0.5580524344569289 0.94875 0.548689138576779 0.9525 0.5393258426966292 0.95125 0.5243445692883895 0.955 0.5187265917602997 0.95125 0.5149812734082397 0.95375 0.5037453183520599 0.95 0.49812734082397003 0.95125 0.4794007490636704 0.94875 0.47191011235955055 0.95125 0.46441947565543074 0.94875 0.45692883895131087 0.95 0.44756554307116103 0.94875 0.4363295880149813 0.95125 0.4250936329588015 0.94875 0.40074906367041196 0.95125 0.3913857677902622 0.94875 0.3801498127340824 0.9525 0.36329588014981273 0.94875 0.34269662921348315 0.95 0.3333333333333333 0.94875 0.3295880149812734 0.95125 0.3258426966292135 0.95 0.31647940074906367 0.95125 0.29213483146067415 0.94875 0.2883895131086142 0.94875 0.28277153558052437 0.95375 0.27902621722846443 0.95125 0.24906367041198502 0.955 0.24157303370786518 0.955 0.23595505617977527 0.9525 0.23220973782771537 0.96375 0.2303370786516854 0.955 0.22659176029962547 0.95875 0.22284644194756553 0.95625 0.21722846441947566 0.9525 0.21722846441947566 0.955 0.21161048689138576 0.955 0.20411985018726592 0.95125 0.19850187265917604 0.95625 0.1947565543071161 0.96125 0.1704119850187266 0.9575 0.15917602996254682 0.95875 0.15355805243445692 0.9575 0.14794007490636704 0.95375 0.1441947565543071 0.9575 0.1404494382022472 0.95625 0.13670411985018727 0.9575 0.11235955056179775 0.95375 0.10486891385767791 0.955 0.10299625468164794 0.9525 0.056179775280898875 0.95375 0.04119850187265917 0.95125 0.024344569288389514 0.9525 0.018726591760299626 0.94875 0.011235955056179775 0.95125 0.003745318352059925 0.985 0
8 0.61 0.4157303370786517 0.63125 0.4400749063670412 0.635 0.4606741573033708 0.63875 0.4700374531835206 0.63375 0.4794007490636704 0.63375 0.4850187265917603 0.635 0.5074906367041199 0.6375 0.5187265917602997 0.63625 0.5561797752808989 0.63875 0.5655430711610487 0.6375 0.5842696629213483 0.64 0.5917602996254682 0.64 0.6310861423220974 0.6425 0.649812734082397 0.64125 0.6835205992509363 0.645 0.7116104868913857 0.64375 0.7228464419475655 0.64625 0.7434456928838952 0.6425 0.7546816479400749 0.63875 0.7584269662921348 0.64125 0.7659176029962547 0.63875 0.7715355805243446 0.6525 0.7734082397003745 0.65375 0.7752808988764045 0.6525 0.799625468164794 0.6575 0.8052434456928839 0.67 0.8071161048689138 0.66875 0.8352059925093633 0.6675 0.8408239700374532 0.665 0.8408239700374532 0.66125 0.848314606741573 0.665 0.8576779026217228 0.66625 0.8820224719101124 0.665 0.9026217228464419 0.6625 0.9082397003745318 0.66375 0.9176029962546817 0.6625 0.9438202247191011 0.6575 0.9588014981273408 0.6575 0.9644194756554307 0.65375 0.9681647940074907 0.625 0.9644194756554307 0.6225 0.9606741573033708 0.62 0.9456928838951311 0.6225 0.9288389513108615 0.61375 0.9250936329588015 0.61125 0.9194756554307116 0.61125 0.9101123595505618 0.61375 0.9026217228464419 0.6125 0.8838951310861424 0.615 0.850187265917603 0.61375 0.8164794007490637 0.61125 0.8014981273408239 0.61125 0.7715355805243446 0.605 0.7565543071161048 0.60625 0.7471910112359551 0.6025 0.7340823970037453 0.60625 0.7078651685393258 0.60625 0.704119850187266 0.60375 0.702247191011236 0.605 0.6928838951310862 0.60375 0.6760299625468165 0.60625 0.6647940074906367 0.59875 0.653558052434457 0.60125 0.649812734082397 0.59875 0.6348314606741573 0.59875 0.6235955056179775 0.60125 0.6217228464419475 0.60125 0.6142322097378277 0.6 0.6086142322097379 0.5975 0.6067415730337079 0.595 0.5880149812734082 0.59625 0.5823970037453183 0.59375 0.5355805243445693 0.595 0.5187265917602997 0.6 0.5149812734082397 0.6 0.5112359550561798 0.595 0.5037453183520599 0.5975 0.49812734082397003 0.595 0.4943820224719101 0.59625 0.4794007490636704 0.59375 0.46629213483146065 0.595 0.4606741573033708 0.59375 0.43258426966292135 0.59875 0.41385767790262173 0.60875 0.4157303370786517
8 0.09125 0.08239700374531835 0.10125 0.08614232209737828 0.105 0.09737827715355805 0.10375 0.11423220973782772 0.10875 0.12734082397003746 0.10875 0.15730337078651685 0.11625 0.2640449438202247 0.1225 0.2752808988764045 0.1225 0.28651685393258425 0.1175 0.2958801498127341 0.1175 0.31647940074906367 0.1225 0.36142322097378277 0.12125 0.3895131086142322 0.12375 0.40636704119850187 0.12375 0.44569288389513106 0.12625 0.45692883895131087 0.12625 0.49812734082397003 0.13 0.5374531835205992 0.13 0.5561797752808989 0.1325 0.5636704119850188 0.13125 0.5692883895131086 0.1325 0.5786516853932584 0.13 0.5880149812734082 0.1325 0.599250936329588 0.13375 0.6329588014981273 0.13625 0.6367041198501873 0.135 0.6423220973782772 0.135 0.6610486891385767 0.1375 0.6760299625468165 0.13625 0.702247191011236 0.14 0.7191011235955056 0.13875 0.7621722846441947 0.1425 0.7752808988764045 0.14375 0.7883895131086143 0.1425 0.8127340823970037 0.1475 0.8389513108614233 0.1475 0.900749063670412 0.14875 0.9026217228464419 0.1475 0.9119850187265918 0.15 0.9325842696629213 0.15 0.9606741573033708 0.1525 0.9644194756554307 0.1575 0.9644194756554307 0.175 0.9588014981273408 0.1875 0.9588014981273408 0.19625 0.9662921348314607 0.19625 0.9756554307116105 0.19 0.9794007490636704 0.18125 0.9794007490636704 0.165 0.9850187265917603 0.145 0.9850187265917603 0.14 0.9943820224719101 0.13375 0.9962546816479401 0.095 0.9925093632958801 0.07 0.99812734082397 0.06375 0.9943820224719101 0.06375 0.9850187265917603 0.07625 0.9794007490636704 0.1025 0.9756554307116105 0.1075 0.9700374531835206 0.10875 0.951310861423221 0.105 0.9213483146067416 0.10375 0.8876404494382022 0.105 0.8689138576779026 0.10125 0.8426966292134831 0.09625 0.7228464419475655 0.0925 0.6872659176029963 0.09375 0.6853932584269663 0.09 0.6779026217228464 0.08875 0.6685393258426966 0.09 0.6460674157303371 0.0875 0.6310861423220974 0.08875 0.6142322097378277 0.08625 0.5786516853932584 0.08625 0.5449438202247191 0.08375 0.5299625468164794 0.08375 0.48314606741573035 0.08125 0.4737827715355805 0.0825 0.4419475655430712 0.08 0.4101123595505618 0.08 0.3539325842696629 0.075 0.31647940074906367 0.0725 0.3089887640449438 0.07375 0.301498127340824 0.0675 0.2902621722846442 0.06875 0.27715355805243447 0.07375 0.26591760299625467 0.0725 0.24719101123595505 0.075 0.23782771535580524 0.0725 0.21348314606741572 0.07125 0.18352059925093633 0.0725 0.16104868913857678 0.07 0.15730337078651685 0.07125 0.14794007490636704 0.06875 0.10861423220973783 0.07 0.09737827715355805 0.07375 0.08801498127340825 0.08125 0.08239700374531835 0.09 0.08239700374531835
8 0.07375 0.33707865168539325 0.0775 0.3539325842696629 0.07875 0.3707865168539326 0.0775 0.37453183520599254 0.0775 0.4044943820224719 0.08 0.42696629213483145 0.07875 0.46629213483146065 0.08125 0.4794007490636704 0.0825 0.5074906367041199 0.08125 0.5280898876404494 0.0875 0.6161048689138576 0.08625 0.6329588014981273 0.0875 0.651685393258427 0.09125 0.6629213483146067 0.09125 0.6816479400749064 0.09375 0.6910112359550562 0.09375 0.7228464419475655 0.0975 0.7621722846441947 0.09625 0.7846441947565543 0.09875 0.7940074906367042 0.0975 0.8146067415730337 0.1 0.8239700374531835 0.09875 0.8277153558052435 0.10125 0.850187265917603 0.1 0.8689138576779026 0.10125 0.8857677902621723 0.1 0.9194756554307116 0.10125 0.9213483146067416 0.09875 0.9681647940074907 0.095 0.9737827715355806 0.08 0.9756554307116105 0.07375 0.9794007490636704 0.05875 0.9794007490636704 0.0625 0.9531835205992509 0.0625 0.9363295880149812 0.0675 0.9119850187265918 0.065 0.9082397003745318 0.05625 0.9063670411985019 0.04875 0.8951310861423221 0.05 0.8820224719101124 0.0525 0.8782771535580525 0.065 0.8764044943820225 0.06875 0.848314606741573 0.06875 0.8258426966292135 0.06375 0.8202247191011236 0.06375 0.8108614232209738 0.0675 0.8052434456928839 0.06625 0.8033707865168539 0.06875 0.7940074906367042 0.0675 0.7827715355805244 0.07 0.7734082397003745 0.07 0.7509363295880149 0.0725 0.7471910112359551 0.07 0.7378277153558053 0.0725 0.7153558052434457 0.06375 0.702247191011236 0.065 0.6985018726591761 0.06375 0.6872659176029963 0.05875 0.6685393258426966 0.06 0.6647940074906367 0.05875 0.6067415730337079 0.06125 0.5880149812734082 0.06 0.5 0.0625 0.49250936329588013 0.06 0.44756554307116103 0.0625 0.4363295880149813 0.06125 0.40823970037453183 0.065 0.40074906367041196 0.065 0.3913857677902622 0.0625 0.3857677902621723 0.06375 0.3782771535580524 0.0625 0.3651685393258427 0.06625 0.3539325842696629 0.065 0.34831460674157305 0.06625 0.33707865168539325 0.0675 0.3352059925093633 0.0725 0.33707865168539325
8 0.2675 0.03932584269662921 0.2725 0.04307116104868914 0.27375 0.04868913857677903 0.2675 0.052434456928838954 0.26375 0.0599250936329588 0.255 0.06741573033707865 0.2575 0.06928838951310862 0.2575 0.07303370786516854 0.25375 0.09737827715355805 0.26 0.11235955056179775 0.265 0.11423220973782772 0.28875 0.1404494382022472 0.2925 0.15917602996254682 0.29375 0.17790262172284643 0.29625 0.18164794007490637 0.2975 0.19850187265917604 0.3 0.20411985018726592 0.30125 0.21348314606741572 0.3 0.2209737827715356 0.30375 0.23220973782771537 0.30625 0.250936329588015 0.3125 0.26217228464419473 0.31 0.2940074906367041 0.315 0.31273408239700373 0.31375 0.31647940074906367 0.315 0.33146067415730335 0.3175 0.33707865168539325 0.3175 0.352059925093633 0.32125 0.3651685393258427 0.32125 0.38202247191011235 0.3325 0.45318352059925093 0.33375 0.49250936329588013 0.33875 0.5112359550561798 0.33875 0.5337078651685393 0.34375 0.5543071161048689 0.3425 0.5561797752808989 0.34375 0.5674157303370787 0.34125 0.5767790262172284 0.3425 0.5861423220973783 0.3475 0.5936329588014981 0.3475 0.601123595505618 0.35 0.6067415730337079 0.35 0.6161048689138576 0.3475 0.6235955056179775 0.35 0.6292134831460674 0.35125 0.6423220973782772 0.355 0.6479400749063671 0.355 0.6554307116104869 0.36 0.6666666666666666 0.36125 0.6816479400749064 0.355 0.6891385767790262 0.355 0.6947565543071161 0.3575 0.6985018726591761 0.3575 0.7078651685393258 0.36125 0.7153558052434457 0.36375 0.7453183520599251 0.36875 0.7584269662921348 0.36875 0.7715355805243446 0.37125 0.7771535580524345 0.3725 0.797752808988764 0.3775 0.8164794007490637 0.37375 0.8239700374531835 0.3725 0.8333333333333334 0.3725 0.8520599250936329 0.37625 0.8595505617977528 0.3775 0.8801498127340824 0.37625 0.9232209737827716 0.3725 0.9288389513108615 0.36375 0.9325842696629213 0.35875 0.9307116104868914 0.355 0.9250936329588015 0.35125 0.9044943820224719 0.3525 0.900749063670412 0.345 0.8764044943820225 0.34125 0.8726591760299626 0.34875 0.8614232209737828 0.36875 0.8558052434456929 0.3725 0.850187265917603 0.3725 0.8445692883895131 0.36875 0.8352059925093633 0.3575 0.8370786516853933 0.33875 0.8352059925093633 0.33375 0.7827715355805244 0.33125 0.7734082397003745 0.33 0.7546816479400749 0.3275 0.7490636704119851 0.32625 0.7228464419475655 0.31875 0.6891385767790262 0.31875 0.6741573033707865 0.315 0.653558052434457 0.31625 0.649812734082397 0.315 0.6292134831460674 0.31125 0.6254681647940075 0.31125 0.6086142322097379 0.30875 0.601123595505618 0.30625 0.5973782771535581 0.305 0.599250936329588 0.3 0.5973782771535581 0.3 0.5936329588014981 0.305 0.5917602996254682 0.3 0.5880149812734082 0.3025 0.5767790262172284 0.3 0.5692883895131086 0.30125 0.5655430711610487 0.29875 0.552434456928839 0.3 0.5430711610486891 0.2975 0.5393258426966292 0.3 0.5318352059925093 0.29625 0.5168539325842697 0.29375 0.48314606741573035 0.2875 0.44756554307116103 0.2875 0.43258426966292135 0.2825 0.40636704119850187 0.27625 0.3445692883895131 0.2725 0.3352059925093633 0.27125 0.3089887640449438 0.27375 0.2902621722846442 0.2725 0.2883895131086142 0.265 0.2902621722846442 0.26125 0.28277153558052437 0.26125 0.2696629213483146 0.26375 0.26591760299625467 0.2625 0.25280898876404495 0.26625 0.2397003745318352 0.2575 0.20973782771535582 0.2575 0.19850187265917604 0.25375 0.19288389513108614 0.255 0.1797752808988764 0.2525 0.17415730337078653 0.2525 0.16666666666666666 0.24875 0.15917602996254682 0.24875 0.149812734082397 0.245 0.1404494382022472 0.245 0.12359550561797752 0.2425 0.1198501872659176 0.2425 0.10861423220973783 0.23875 0.09737827715355805 0.23875 0.08801498127340825 0.24125 0.08052434456928839 0.25125 0.06741573033707865 0.25125 0.06179775280898876 0.24875 0.05805243445692884 0.24375 0.0599250936329588 0.245 0.04119850187265917 0.26625 0.03932584269662921
8 0.18875 0 0.19 0.0018726591760299626 0.22 0 0.22375 0.011235955056179775 0.2275 0.056179775280898875 0.23125 0.06741573033707865 0.23125 0.08052434456928839 0.23375 0.08801498127340825 0.235 0.11610486891385768 0.23875 0.14232209737827714 0.2375 0.15168539325842698 0.2425 0.15730337078651685 0.24125 0.1760299625468165 0.2425 0.21910112359550563 0.245 0.2303370786516854 0.25 0.2397003745318352 0.25125 0.24719101123595505 0.24875 0.2546816479400749 0.25 0.2602996254681648 0.255 0.26217228464419473 0.25375 0.27340823970037453 0.2575 0.29213483146067415 0.25875 0.31086142322097376 0.2575 0.32397003745318353 0.26 0.3352059925093633 0.26 0.34831460674157305 0.26375 0.36704119850187267 0.26625 0.36891385767790263 0.2675 0.3651685393258427 0.26625 0.36891385767790263 0.2675 0.3838951310861423 0.27125 0.3951310861423221 0.2725 0.40823970037453183 0.275 0.41198501872659177 0.27375 0.4250936329588015 0.2775 0.449438202247191 0.27625 0.46254681647940077 0.28625 0.5074906367041199 0.285 0.5205992509363296 0.2875 0.5243445692883895 0.2875 0.5374531835205992 0.29 0.5468164794007491 0.29 0.5805243445692884 0.29875 0.6086142322097379 0.2975 0.6329588014981273 0.3 0.6385767790262172 0.3025 0.6573033707865169 0.30125 0.6722846441947565 0.30375 0.6779026217228464 0.30375 0.6891385767790262 0.31375 0.7191011235955056 0.31625 0.7453183520599251 0.31625 0.7790262172284644 0.325 0.8426966292134831 0.3325 0.8445692883895131 0.3375 0.8408239700374532 0.355 0.8408239700374532 0.35875 0.8370786516853933 0.36625 0.8370786516853933 0.37 0.8408239700374532 0.37 0.848314606741573 0.3675 0.850187265917603 0.34625 0.8576779026217228 0.3425 0.8614232209737828 0.32375 0.8595505617977528 0.31875 0.8689138576779026 0.32125 0.8745318352059925 0.3225 0.898876404494382 0.32625 0.9157303370786517 0.32875 0.9531835205992509 0.33625 0.9906367041198502 0.33375 0.9943820224719101 0.32625 0.9943820224719101 0.31625 0.9925093632958801 0.3125 0.9887640449438202 0.30625 0.9644194756554307 0.305 0.9400749063670412 0.3 0.9250936329588015 0.30125 0.9213483146067416 0.29625 0.9176029962546817 0.295 0.8801498127340824 0.29125 0.8745318352059925 0.27375 0.8764044943820225 0.2625 0.8820224719101124 0.25625 0.8820224719101124 0.2575 0.8782771535580525 0.25375 0.8745318352059925 0.255 0.8689138576779026 0.2675 0.8689138576779026 0.27375 0.8632958801498127 0.28125 0.8614232209737828 0.285 0.8558052434456929 0.285 0.8408239700374532 0.28125 0.8239700374531835 0.28125 0.8127340823970037 0.27875 0.8071161048689138 0.2775 0.7865168539325843 0.275 0.7808988764044944 0.27375 0.7584269662921348 0.26875 0.7434456928838952 0.265 0.6760299625468165 0.26125 0.6647940074906367 0.26 0.6423220973782772 0.2575 0.6367041198501873 0.25375 0.5898876404494382 0.24625 0.5580524344569289 0.24125 0.49250936329588013 0.235 0.46254681647940077 0.2325 0.4288389513108614 0.22875 0.4101123595505618 0.2275 0.3801498127340824 0.22375 0.3651685393258427 0.22375 0.3445692883895131 0.2175 0.3089887640449438 0.21 0.22284644194756553 0.2075 0.20411985018726592 0.205 0.20037453183520598 0.205 0.19101123595505617 0.1975 0.17415730337078653 0.2 0.15168539325842698 0.1975 0.13670411985018727 0.1975 0.11423220973782772 0.195 0.10861423220973783 0.2 0.10299625468164794 0.20125 0.09550561797752809 0.19875 0.0898876404494382 0.19875 0.07865168539325842 0.195 0.06367041198501873 0.19375 0.04119850187265917 0.18875 0.0299625468164794 0.185 0.011235955056179775 0.1875 0.0018726591760299626
8 0.775 0.2303370786516854 0.7825 0.23782771535580524 0.78625 0.2565543071161049 0.7875 0.2902621722846442 0.79 0.2958801498127341 0.79 0.30337078651685395 0.79625 0.31835205992509363 0.795 0.3352059925093633 0.79875 0.3445692883895131 0.8025 0.3801498127340824 0.81125 0.40074906367041196 0.815 0.4344569288389513 0.82125 0.4606741573033708 0.82125 0.47191011235955055 0.82375 0.4794007490636704 0.82125 0.4868913857677903 0.82 0.4887640449438202 0.8175 0.4850187265917603 0.815 0.49063670411985016 0.81625 0.49250936329588013 0.81 0.49063670411985016 0.80625 0.49625468164794007 0.80625 0.5 0.795 0.4887640449438202 0.7825 0.4812734082397004 0.77875 0.46441947565543074 0.775 0.4288389513108614 0.77625 0.42134831460674155 0.775 0.38202247191011235 0.7725 0.3651685393258427 0.77375 0.33146067415730335 0.77125 0.32209737827715357 0.7725 0.299625468164794 0.77125 0.2565543071161049 0.77375 0.250936329588015 0.7725 0.24906367041198502 0.77375 0.23220973782771537
8 0.195 0.18726591760299627 0.19875 0.19850187265917604 0.1975 0.20224719101123595 0.19875 0.20411985018726592 0.2025 0.20224719101123595 0.2025 0.2209737827715356 0.20625 0.2303370786516854 0.205 0.250936329588015 0.20875 0.25842696629213485 0.205 0.26591760299625467 0.205 0.2696629213483146 0.20875 0.27153558052434457 0.20375 0.27902621722846443 0.205 0.2808988764044944 0.20375 0.28651685393258425 0.21 0.2883895131086142 0.20375 0.29213483146067415 0.20625 0.2958801498127341 0.21125 0.2958801498127341 0.215 0.3202247191011236 0.22 0.33707865168539325 0.22125 0.36329588014981273 0.22375 0.37640449438202245 0.22375 0.41760299625468167 0.2275 0.42696629213483145 0.22625 0.43820224719101125 0.22875 0.4550561797752809 0.22625 0.46629213483146065 0.22875 0.4812734082397004 0.2275 0.4943820224719101 0.23 0.5112359550561798 0.2275 0.5168539325842697 0.22875 0.5224719101123596 0.23375 0.5262172284644194 0.23 0.5318352059925093 0.22875 0.5468164794007491 0.23125 0.5561797752808989 0.22875 0.5767790262172284 0.2325 0.5955056179775281 0.23125 0.5973782771535581 0.2325 0.6067415730337079 0.235 0.6086142322097379 0.23375 0.6460674157303371 0.2375 0.6591760299625468 0.2375 0.6666666666666666 0.235 0.6704119850187266 0.2375 0.7265917602996255 0.23625 0.7434456928838952 0.23875 0.7490636704119851 0.2375 0.7565543071161048 0.24 0.7602996254681648 0.24625 0.7602996254681648 0.25125 0.7565543071161048 0.255 0.7584269662921348 0.25625 0.7528089887640449 0.25875 0.7509363295880149 0.26 0.7584269662921348 0.2625 0.7602996254681648 0.265 0.7528089887640449 0.265 0.7659176029962547 0.2575 0.7696629213483146 0.24375 0.7659176029962547 0.23625 0.7771535580524345 0.2375 0.8202247191011236 0.24 0.8239700374531835 0.23875 0.8614232209737828 0.24125 0.8782771535580525 0.24125 0.897003745318352 0.255 0.900749063670412 0.2825 0.900749063670412 0.28625 0.9044943820224719 0.28625 0.9138576779026217 0.28125 0.9213483146067416 0.265 0.9250936329588015 0.25 0.9232209737827716 0.2475 0.9288389513108615 0.24625 0.9250936329588015 0.235 0.9232209737827716 0.2325 0.9250936329588015 0.2325 0.9943820224719101 0.23 0.99812734082397 0.21125 0.9943820224719101 0.2075 0.9831460674157303 0.20875 0.9737827715355806 0.2075 0.9363295880149812 0.20375 0.9288389513108615 0.1925 0.9269662921348315 0.1875 0.9307116104868914 0.17125 0.9288389513108615 0.16 0.9307116104868914 0.15375 0.9250936329588015 0.15375 0.9138576779026217 0.16 0.9044943820224719 0.17625 0.900749063670412 0.1925 0.900749063670412 0.19625 0.897003745318352 0.195 0.8801498127340824 0.19625 0.8614232209737828 0.19375 0.846441947565543 0.19625 0.8108614232209738 0.19375 0.8071161048689138 0.1925 0.795880149812734 0.195 0.7677902621722846 0.19375 0.7621722846441947 0.195 0.6947565543071161 0.1925 0.6779026217228464 0.19375 0.6629213483146067 0.19125 0.651685393258427 0.19375 0.6423220973782772 0.19125 0.6329588014981273 0.1925 0.6273408239700374 0.19125 0.6217228464419475 0.1925 0.5730337078651685 0.19 0.5355805243445693 0.19125 0.5168539325842697 0.19 0.4887640449438202 0.18625 0.4794007490636704 0.1875 0.4737827715355805 0.18625 0.45131086142322097 0.18875 0.44569288389513106 0.1875 0.40823970037453183 0.19 0.40262172284644193 0.19 0.3857677902621723 0.1875 0.38202247191011235 0.18875 0.36891385767790263 0.185 0.36142322097378277 0.18625 0.3464419475655431 0.18125 0.3408239700374532 0.19 0.33707865168539325 0.19 0.3333333333333333 0.1875 0.33146067415730335 0.18625 0.31647940074906367 0.1875 0.3146067415730337 0.18625 0.2752808988764045 0.19 0.26217228464419473 0.19 0.24719101123595505 0.18625 0.23782771535580524 0.18875 0.2247191011235955 0.18125 0.21348314606741572 0.18 0.21910112359550563 0.17625 0.2153558052434457 0.18 0.20973782771535582 0.17875 0.20599250936329588 0.18125 0.20224719101123595 0.185 0.20411985018726592 0.1875 0.20037453183520598 0.18375 0.19101123595505617 0.1875 0.18726591760299627 0.19375 0.1891385767790262
8 0.3575 0.20411985018726592 0.365 0.20599250936329588 0.375 0.22284644194756553 0.385 0.22846441947565543 0.38875 0.2340823970037453 0.38875 0.24906367041198502 0.39125 0.2546816479400749 0.39 0.25842696629213485 0.39125 0.26779026217228463 0.38875 0.27340823970037453 0.39375 0.2752808988764045 0.3925 0.2808988764044944 0.39375 0.3202247191011236 0.39125 0.3295880149812734 0.3925 0.3707865168539326 0.395 0.3895131086142322 0.3925 0.43258426966292135 0.39375 0.46441947565543074 0.39125 0.4756554307116105 0.3925 0.4943820224719101 0.39125 0.5 0.385 0.5074906367041199 0.39 0.5299625468164794 0.38875 0.5355805243445693 0.39 0.5674157303370787 0.38625 0.6198501872659176 0.3825 0.6161048689138576 0.38375 0.6104868913857678 0.38125 0.602996254681648 0.3825 0.5655430711610487 0.37625 0.5468164794007491 0.375 0.5299625468164794 0.37125 0.5149812734082397 0.3725 0.5112359550561798 0.3675 0.49250936329588013 0.36875 0.4868913857677903 0.365 0.4756554307116105 0.365 0.46254681647940077 0.36875 0.45692883895131087 0.3675 0.4344569288389513 0.3625 0.41760299625468167 0.36125 0.36329588014981273 0.35375 0.3202247191011236 0.355 0.31647940074906367 0.35375 0.2883895131086142 0.35 0.27153558052434457 0.34875 0.2340823970037453 0.345 0.2247191011235955 0.325 0.22846441947565543 0.30875 0.22846441947565543 0.30625 0.2247191011235955 0.30875 0.21348314606741572 0.3125 0.20973782771535582 0.33625 0.20786516853932585 0.34375 0.20224719101123595 0.35625 0.20411985018726592
8 0.345 0.23220973782771537 0.34875 0.24906367041198502 0.3475 0.2640449438202247 0.34875 0.2808988764044944 0.3525 0.29775280898876405 0.3525 0.32771535580524347 0.355 0.3389513108614232 0.355 0.35580524344569286 0.36 0.3801498127340824 0.36 0.4157303370786517 0.3625 0.42134831460674155 0.36375 0.43820224719101125 0.3625 0.4794007490636704 0.365 0.4850187265917603 0.365 0.49812734082397003 0.37 0.5187265917602997 0.365 0.5337078651685393 0.36625 0.5430711610486891 0.36375 0.5580524344569289 0.3675 0.5636704119850188 0.37625 0.5636704119850188 0.38 0.5711610486891385 0.38 0.5861423220973783 0.37625 0.5955056179775281 0.3725 0.5842696629213483 0.365 0.5898876404494382 0.3675 0.601123595505618 0.36625 0.6161048689138576 0.3675 0.6292134831460674 0.3725 0.6404494382022472 0.37875 0.6367041198501873 0.385 0.6367041198501873 0.3825 0.6685393258426966 0.38 0.6573033707865169 0.37625 0.6591760299625468 0.37875 0.6666666666666666 0.37375 0.6647940074906367 0.375 0.6610486891385767 0.37375 0.6573033707865169 0.3675 0.6573033707865169 0.36375 0.6629213483146067 0.35875 0.6610486891385767 0.3575 0.651685393258427 0.3475 0.6254681647940075 0.35125 0.6067415730337079 0.35 0.5955056179775281 0.34375 0.5842696629213483 0.345 0.5580524344569289 0.34 0.5243445692883895 0.34125 0.5131086142322098 0.33625 0.4868913857677903 0.3375 0.47191011235955055 0.33125 0.4400749063670412 0.3225 0.3651685393258427 0.32 0.3595505617977528 0.32125 0.35580524344569286 0.3225 0.35767790262172283 0.32625 0.35580524344569286 0.32875 0.3295880149812734 0.325 0.3202247191011236 0.32125 0.32397003745318353 0.31875 0.3333333333333333 0.32125 0.33707865168539325 0.3225 0.34831460674157305 0.32125 0.352059925093633 0.32 0.350187265917603 0.3175 0.3389513108614232 0.31625 0.30337078651685395 0.31375 0.299625468164794 0.3125 0.28277153558052437 0.31625 0.2696629213483146 0.30625 0.24157303370786518 0.3075 0.2340823970037453 0.32875 0.23595505617977527 0.335 0.23220973782771537 0.34375 0.23220973782771537
8 0.1625 0 0.18125 0.0018726591760299626 0.18125 0.0149812734082397 0.1775 0.016853932584269662 0.1675 0.0149812734082397 0.165 0.018726591760299626 0.16375 0.04868913857677903 0.16875 0.10486891385767791 0.17875 0.11610486891385768 0.18 0.12359550561797752 0.17875 0.15168539325842698 0.1725 0.1647940074906367 0.1725 0.19662921348314608 0.17 0.20224719101123595 0.1725 0.20599250936329588 0.17125 0.20786516853932585 0.1725 0.2247191011235955 0.17625 0.2340823970037453 0.1775 0.24906367041198502 0.18125 0.2640449438202247 0.18 0.26591760299625467 0.18125 0.2846441947565543 0.18 0.2940074906367041 0.1775 0.2958801498127341 0.17875 0.301498127340824 0.1775 0.30711610486891383 0.18125 0.31273408239700373 0.18 0.3202247191011236 0.185 0.3258426966292135 0.18375 0.3389513108614232 0.18625 0.3595505617977528 0.18375 0.43820224719101125 0.185 0.4868913857677903 0.18375 0.5131086142322098 0.185 0.5149812734082397 0.1825 0.5187265917602997 0.1825 0.5262172284644194 0.18625 0.5337078651685393 0.185 0.5430711610486891 0.1875 0.548689138576779 0.1875 0.5599250936329588 0.185 0.5636704119850188 0.18625 0.5674157303370787 0.18375 0.5805243445692884 0.185 0.5917602996254682 0.1875 0.5955056179775281 0.18625 0.6254681647940075 0.19 0.6367041198501873 0.18875 0.649812734082397 0.19125 0.6928838951310862 0.18875 0.7153558052434457 0.19125 0.7565543071161048 0.19 0.8014981273408239 0.19375 0.8089887640449438 0.1925 0.8389513108614233 0.19375 0.8951310861423221 0.19125 0.900749063670412 0.1675 0.9044943820224719 0.16125 0.9026217228464419 0.1575 0.9063670411985019 0.15375 0.9063670411985019 0.15125 0.900749063670412 0.1525 0.8632958801498127 0.15 0.850187265917603 0.15 0.8333333333333334 0.14625 0.8164794007490637 0.15 0.8071161048689138 0.15 0.795880149812734 0.1475 0.7902621722846442 0.14625 0.7677902621722846 0.14375 0.7640449438202247 0.145 0.7265917602996255 0.14375 0.7191011235955056 0.14625 0.704119850187266 0.14125 0.6853932584269663 0.1425 0.6629213483146067 0.14 0.653558052434457 0.14125 0.651685393258427 0.14 0.6423220973782772 0.1425 0.6367041198501873 0.14 0.6198501872659176 0.1425 0.6123595505617978 0.1425 0.601123595505618 0.1375 0.5917602996254682 0.14125 0.5842696629213483 0.14125 0.5730337078651685 0.13625 0.5674157303370787 0.1425 0.548689138576779 0.1425 0.5430711610486891 0.13875 0.5355805243445693 0.14125 0.5280898876404494 0.14125 0.5168539325842697 0.13875 0.5112359550561798 0.1375 0.4943820224719101 0.14125 0.48314606741573035 0.1375 0.45318352059925093 0.13875 0.4250936329588015 0.135 0.301498127340824 0.13625 0.2846441947565543 0.13375 0.27902621722846443 0.1375 0.27153558052434457 0.13625 0.2696629213483146 0.1375 0.2565543071161049 0.13375 0.250936329588015 0.1325 0.24344569288389514 0.13 0.24157303370786518 0.13125 0.2340823970037453 0.12875 0.2303370786516854 0.125 0.2303370786516854 0.125 0.22659176029962547 0.13 0.22284644194756553 0.12625 0.21722846441947566 0.1275 0.21348314606741572 0.12625 0.20786516853932585 0.13375 0.20224719101123595 0.135 0.1853932584269663 0.13375 0.1760299625468165 0.13125 0.17228464419475656 0.13375 0.1647940074906367 0.13375 0.15543071161048688 0.13 0.149812734082397 0.1325 0.14794007490636704 0.13 0.1404494382022472 0.1275 0.1404494382022472 0.1125 0.1254681647940075 0.1125 0.12172284644194757 0.10875 0.11610486891385768 0.10875 0.10112359550561797 0.125 0.09363295880149813 0.13875 0.09363295880149813 0.14125 0.0898876404494382 0.1425 0.0749063670411985 0.14125 0.07116104868913857 0.14375 0.0599250936329588 0.14125 0.0149812734082397 0.13 0.011235955056179775 0.12875 0.003745318352059925 0.1325 0 0.16125 0
8 0 0.013108614232209739 0.01125 0 0.03 0 0.0325 0.003745318352059925 0.03375 0.013108614232209739 0.0325 0.020599250936329586 0.035 0.04868913857677903 0.035 0.07116104868913857 0.025 0.08801498127340825 0.02375 0.07116104868913857 0.01625 0.056179775280898875 0.00375 0.0449438202247191 0 0.0449438202247191 0 0.0149812734082397
8 0.86125 0.003745318352059925 0.86875 0.009363295880149813 0.87625 0.009363295880149813 0.8825 0.0056179775280898875 0.9 0.009363295880149813 0.9025 0.016853932584269662 0.90375 0.033707865168539325 0.90375 0.06554307116104868 0.9 0.08426966292134831 0.9 0.10486891385767791 0.8975 0.1104868913857678 0.8975 0.12921348314606743 0.895 0.1441947565543071 0.895 0.19101123595505617 0.9 0.19850187265917604 0.90125 0.20786516853932585 0.895 0.2209737827715356 0.89625 0.2247191011235955 0.89375 0.23782771535580524 0.895 0.2397003745318352 0.89 0.26217228464419473 0.89 0.2883895131086142 0.88375 0.32397003745318353 0.88375 0.350187265917603 0.88125 0.36329588014981273 0.88 0.36891385767790263 0.87625 0.36704119850187267 0.86875 0.37265917602996257 0.87625 0.3782771535580524 0.88 0.37640449438202245 0.88125 0.3895131086142322 0.8775 0.40636704119850187 0.87 0.41947565543071164 0.865 0.4250936329588015 0.85875 0.41385767790262173 0.8575 0.40262172284644193 0.85875 0.37453183520599254 0.855 0.36891385767790263 0.85125 0.3445692883895131 0.84875 0.3389513108614232 0.8475 0.32209737827715357 0.845 0.3146067415730337 0.845 0.299625468164794 0.84125 0.2958801498127341 0.8375 0.2752808988764045 0.8375 0.2640449438202247 0.835 0.2602996254681648 0.83375 0.24344569288389514 0.83125 0.24157303370786518 0.83125 0.2340823970037453 0.82875 0.22659176029962547 0.83125 0.2209737827715356 0.83625 0.21722846441947566 0.835 0.21161048689138576 0.83625 0.20786516853932585 0.83375 0.20411985018726592 0.83 0.20411985018726592 0.8275 0.21348314606741572 0.8275 0.20411985018726592 0.82375 0.19850187265917604 0.82375 0.17790262172284643 0.82625 0.17415730337078653 0.82 0.1647940074906367 0.82 0.15543071161048688 0.82625 0.14606741573033707 0.82375 0.13857677902621723 0.82375 0.12734082397003746 0.82875 0.1198501872659176 0.8275 0.11423220973782772 0.83 0.10861423220973783 0.8375 0.10486891385767791 0.84125 0.11423220973782772 0.845 0.11610486891385768 0.8525 0.11423220973782772 0.85125 0.12172284644194757 0.85625 0.1254681647940075 0.855 0.14606741573033707 0.85875 0.149812734082397 0.865 0.15168539325842698 0.8675 0.149812734082397 0.865 0.13857677902621723 0.86 0.12921348314606743 0.8625 0.1198501872659176 0.86625 0.11610486891385768 0.86375 0.11235955056179775 0.86125 0.09363295880149813 0.8675 0.09176029962546817 0.87 0.08801498127340825 0.87125 0.08426966292134831 0.87 0.07677902621722846 0.87625 0.06741573033707865 0.86875 0.0599250936329588 0.85625 0.056179775280898875 0.85625 0.04119850187265917 0.85375 0.031835205992509365 0.85125 0.0299625468164794 0.84875 0.03745318352059925 0.85 0.07116104868913857 0.84625 0.0749063670411985 0.8475 0.08426966292134831 0.83875 0.08801498127340825 0.83 0.08801498127340825 0.82625 0.07865168539325842 0.82125 0.07677902621722846 0.8225 0.05805243445692884 0.82 0.035580524344569285 0.82375 0.02247191011235955 0.8275 0.02247191011235955 0.83125 0.013108614232209739 0.8425 0.02247191011235955 0.8475 0.02247191011235955 0.85125 0.016853932584269662 0.85125 0.0056179775280898875 0.86 0.0056179775280898875
8 0.28125 0.05805243445692884 0.28625 0.0599250936329588 0.31375 0.08801498127340825 0.34 0.10112359550561797 0.3525 0.11610486891385768 0.355 0.11610486891385768 0.36 0.12734082397003746 0.3725 0.12921348314606743 0.3925 0.14606741573033707 0.39125 0.15730337078651685 0.3925 0.15917602996254682 0.395 0.15730337078651685 0.39625 0.15168539325842698 0.4025 0.149812734082397 0.40375 0.1647940074906367 0.40625 0.16853932584269662 0.41125 0.16666666666666666 0.4175 0.1704119850187266 0.4225 0.17790262172284643 0.43875 0.1891385767790262 0.45375 0.20599250936329588 0.46125 0.20973782771535582 0.4675 0.21910112359550563 0.4975 0.2397003745318352 0.51875 0.2640449438202247 0.5325 0.27153558052434457 0.53125 0.27340823970037453 0.5325 0.27715355805243447 0.5475 0.2846441947565543 0.59625 0.32397003745318353 0.61625 0.34831460674157305 0.62 0.3464419475655431 0.6225 0.350187265917603 0.6325 0.3539325842696629 0.64625 0.3707865168539326 0.66375 0.38202247191011235 0.67 0.3895131086142322 0.67375 0.3895131086142322 0.68375 0.40262172284644193 0.69125 0.40636704119850187 0.715 0.4288389513108614 0.71375 0.4307116104868914 0.715 0.43258426966292135 0.72375 0.4344569288389513 0.76875 0.4794007490636704 0.78875 0.49063670411985016 0.795 0.50187265917603 0.8075 0.5131086142322098 0.8125 0.5131086142322098 0.815 0.5205992509363296 0.81375 0.5280898876404494 0.81875 0.5355805243445693 0.82125 0.5374531835205992 0.82375 0.5355805243445693 0.83375 0.5411985018726592 0.83625 0.5374531835205992 0.835 0.5318352059925093 0.84 0.5224719101123596 0.8375 0.5187265917602997 0.84 0.5112359550561798 0.84875 0.5093632958801498 0.8525 0.5056179775280899 0.8525 0.5131086142322098 0.8475 0.5187265917602997 0.845 0.5299625468164794 0.84125 0.5262172284644194 0.84 0.5280898876404494 0.83875 0.548689138576779 0.84125 0.552434456928839 0.8475 0.5543071161048689 0.8575 0.5655430711610487 0.8625 0.5674157303370787 0.86875 0.5767790262172284 0.8825 0.5842696629213483 0.88625 0.5898876404494382 0.91375 0.6123595505617978 0.91875 0.6067415730337079 0.91875 0.6179775280898876 0.9125 0.6273408239700374 0.9125 0.6385767790262172 0.91 0.6460674157303371 0.90625 0.649812734082397 0.905 0.6610486891385767 0.90125 0.6647940074906367 0.9 0.6647940074906367 0.9025 0.6610486891385767 0.9025 0.653558052434457 0.9 0.649812734082397 0.9025 0.6367041198501873 0.90125 0.6348314606741573 0.89375 0.6310861423220974 0.88625 0.6310861423220974 0.87875 0.6198501872659176 0.85375 0.602996254681648 0.83875 0.5880149812734082 0.835 0.5880149812734082 0.825 0.5805243445692884 0.8175 0.5823970037453183 0.81375 0.5880149812734082 0.81375 0.599250936329588 0.80375 0.6161048689138576 0.80375 0.6235955056179775 0.8 0.6310861423220974 0.79625 0.6367041198501873 0.78875 0.6367041198501873 0.79 0.6161048689138576 0.79875 0.6048689138576779 0.8 0.5973782771535581 0.805 0.5936329588014981 0.8025 0.5749063670411985 0.78625 0.5636704119850188 0.77625 0.548689138576779 0.765 0.5411985018726592 0.75125 0.5262172284644194 0.7275 0.5131086142322098 0.71 0.4943820224719101 0.68 0.4737827715355805 0.675 0.46629213483146065 0.65625 0.45318352059925093 0.6525 0.44756554307116103 0.64375 0.4438202247191011 0.6375 0.4344569288389513 0.61125 0.41198501872659177 0.60625 0.4044943820224719 0.60125 0.4044943820224719 0.59625 0.3970037453183521 0.585 0.3895131086142322 0.5775 0.37640449438202245 0.5725 0.37640449438202245 0.555 0.36329588014981273 0.55125 0.35580524344569286 0.55125 0.350187265917603 0.54125 0.3389513108614232 0.53375 0.3408239700374532 0.5225 0.3333333333333333 0.515 0.32209737827715357 0.4925 0.3089887640449438 0.4875 0.2958801498127341 0.48 0.2958801498127341 0.47625 0.29213483146067415 0.4725 0.28277153558052437 0.46625 0.28277153558052437 0.45 0.27153558052434457 0.44625 0.2640449438202247 0.4425 0.2640449438202247 0.42875 0.24531835205992508 0.41125 0.2303370786516854 0.4075 0.22284644194756553 0.3975 0.22659176029962547 0.3875 0.21910112359550563 0.38625 0.20973782771535582 0.38375 0.21161048689138576 0.38375 0.2153558052434457 0.38 0.2153558052434457 0.37625 0.21161048689138576 0.37375 0.20037453183520598 0.3625 0.19850187265917604 0.3575 0.19101123595505617 0.3525 0.1891385767790262 0.34875 0.18164794007490637 0.345 0.18164794007490637 0.33625 0.17415730337078653 0.33 0.1647940074906367 0.315 0.15355805243445692 0.30625 0.13857677902621723 0.30125 0.1404494382022472 0.29625 0.13670411985018727 0.29125 0.12734082397003746 0.285 0.1254681647940075 0.27 0.11235955056179775 0.26 0.09737827715355805 0.26125 0.0749063670411985 0.27 0.0599250936329588 0.275 0.056179775280898875 0.28 0.05805243445692884
8 0.975 0.0018726591760299626 0.9875 0.003745318352059925 0.99 0.016853932584269662 0.99125 0.04868913857677903 0.99625 0.06179775280898876 0.99625 0.07677902621722846 0.99375 0.09176029962546817 0.99625 0.1104868913857678 0.99625 0.12921348314606743 0.99125 0.13670411985018727 0.99125 0.14232209737827714 0.9875 0.149812734082397 0.99875 0.1647940074906367 0.99875 0.1797752808988764 0.995 0.1853932584269663 0.99375 0.19288389513108614 0.995 0.21348314606741572 0.99625 0.21910112359550563 0.99875 0.2209737827715356 0.99875 0.27902621722846443 0.99625 0.27902621722846443 0.99 0.2902621722846442 0.99875 0.30337078651685395 0.99875 0.4288389513108614 0.99125 0.4419475655430712 0.99875 0.44756554307116103 0.99875 0.4681647940074906 0.99625 0.4700374531835206 0.995 0.4794007490636704 0.99125 0.48314606741573035 0.99875 0.4943820224719101 0.99875 0.552434456928839 0.99625 0.5543071161048689 0.99625 0.5580524344569289 0.99875 0.5599250936329588 0.99875 0.5786516853932584 0.99625 0.5805243445692884 0.995 0.5898876404494382 0.9925 0.5917602996254682 0.98625 0.5917602996254682 0.985 0.5805243445692884 0.9875 0.5730337078651685 0.98125 0.5355805243445693 0.985 0.5149812734082397 0.9825 0.50187265917603 0.9825 0.4756554307116105 0.97875 0.45318352059925093 0.98 0.4419475655430712 0.97625 0.4344569288389513 0.97875 0.41760299625468167 0.97375 0.37640449438202245 0.975 0.35767790262172283 0.97125 0.3352059925093633 0.96875 0.28651685393258425 0.96625 0.27902621722846443 0.9675 0.2752808988764045 0.96375 0.24906367041198502 0.965 0.20973782771535582 0.96 0.1947565543071161 0.96125 0.16292134831460675 0.95625 0.13108614232209737 0.9575 0.1104868913857678 0.955 0.10299625468164794 0.95375 0.08614232209737828 0.955 0.07677902621722846 0.9525 0.033707865168539325 0.9525 0.018726591760299626 0.955 0.0149812734082397 0.95375 0.011235955056179775 0.95625 0.011235955056179775 0.95875 0.0056179775280898875 0.9625 0.003745318352059925 0.97375 0.0018726591760299626
8 0.84875 0.6741573033707865 0.85125 0.6853932584269663 0.85 0.7059925093632958 0.845 0.7378277153558053 0.84625 0.7471910112359551 0.84375 0.7827715355805244 0.83875 0.8127340823970037 0.8375 0.8426966292134831 0.835 0.8558052434456929 0.8275 0.8689138576779026 0.83 0.8745318352059925 0.84125 0.8801498127340824 0.84 0.8932584269662921 0.8325 0.9044943820224719 0.8325 0.9288389513108615 0.83125 0.947565543071161 0.82875 0.9569288389513109 0.8275 0.9850187265917603 0.8225 0.9943820224719101 0.805 0.9962546816479401 0.78625 0.9943820224719101 0.78375 0.9887640449438202 0.7875 0.9157303370786517 0.78625 0.9082397003745318 0.7875 0.8895131086142322 0.78375 0.8820224719101124 0.78375 0.8745318352059925 0.78625 0.8670411985018727 0.7925 0.8670411985018727 0.7975 0.8614232209737828 0.7975 0.8539325842696629 0.79375 0.850187265917603 0.79375 0.846441947565543 0.79625 0.8408239700374532 0.7975 0.8277153558052435 0.79625 0.8164794007490637 0.79875 0.799625468164794 0.79875 0.7827715355805244 0.80125 0.7771535580524345 0.80375 0.7415730337078652 0.8025 0.7322097378277154 0.8075 0.7134831460674157 0.80875 0.6947565543071161 0.83625 0.6872659176029963 0.84375 0.6835205992509363 0.84875 0.6760299625468165
8 0.65375 0.45131086142322097 0.66 0.45692883895131087 0.66375 0.46629213483146065 0.68 0.47752808988764045 0.6875 0.4850187265917603 0.6925 0.4943820224719101 0.695 0.5280898876404494 0.7 0.5430711610486891 0.7075 0.601123595505618 0.715 0.6310861423220974 0.715 0.6423220973782772 0.71875 0.6591760299625468 0.72 0.6891385767790262 0.72375 0.6966292134831461 0.725 0.7191011235955056 0.7275 0.7265917602996255 0.72875 0.7471910112359551 0.7275 0.7602996254681648 0.73 0.7640449438202247 0.725 0.7715355805243446 0.725 0.7771535580524345 0.73125 0.8052434456928839 0.73125 0.8183520599250936 0.735 0.8314606741573034 0.7375 0.8632958801498127 0.745 0.9026217228464419 0.7475 0.9063670411985019 0.765 0.9082397003745318 0.7625 0.9138576779026217 0.7575 0.9176029962546817 0.73625 0.9232209737827716 0.71875 0.9232209737827716 0.715 0.9176029962546817 0.715 0.9138576779026217 0.72125 0.9101123595505618 0.72125 0.9044943820224719 0.7125 0.8539325842696629 0.71125 0.8370786516853933 0.7125 0.8352059925093633 0.7075 0.8202247191011236 0.7075 0.8146067415730337 0.70375 0.8071161048689138 0.70375 0.799625468164794 0.6975 0.7902621722846442 0.69375 0.7902621722846442 0.685 0.797752808988764 0.66625 0.8014981273408239 0.6575 0.8014981273408239 0.655 0.795880149812734 0.6575 0.7865168539325843 0.6625 0.7846441947565543 0.6725 0.7883895131086143 0.675 0.7827715355805244 0.67375 0.7790262172284644 0.6825 0.7771535580524345 0.68375 0.7752808988764045 0.6825 0.7715355805243446 0.69 0.7677902621722846 0.68375 0.7059925093632958 0.67 0.6385767790262172 0.67 0.6161048689138576 0.66625 0.5973782771535581 0.66375 0.5599250936329588 0.65 0.5093632958801498 0.65 0.49625468164794007 0.64375 0.4737827715355805 0.6425 0.4606741573033708 0.64375 0.45131086142322097 0.64625 0.44756554307116103 0.6525 0.45131086142322097
8 0.5225 0.34269662921348315 0.5525 0.3651685393258427 0.56125 0.3801498127340824 0.57625 0.3857677902621723 0.5825 0.3951310861423221 0.58375 0.40262172284644193 0.5825 0.4101123595505618 0.5875 0.4606741573033708 0.585 0.4681647940074906 0.58625 0.4737827715355805 0.585 0.4794007490636704 0.5875 0.4850187265917603 0.58625 0.49063670411985016 0.58875 0.49812734082397003 0.58875 0.5374531835205992 0.59125 0.552434456928839 0.59125 0.5898876404494382 0.59375 0.6273408239700374 0.5925 0.6329588014981273 0.5975 0.6928838951310862 0.59625 0.702247191011236 0.59875 0.7172284644194756 0.59875 0.7453183520599251 0.6 0.7621722846441947 0.60875 0.7752808988764045 0.60875 0.7883895131086143 0.6025 0.797752808988764 0.605 0.8108614232209738 0.60375 0.8239700374531835 0.60625 0.8558052434456929 0.605 0.8764044943820225 0.61 0.949438202247191 0.60875 0.9887640449438202 0.595 0.9943820224719101 0.57 0.9887640449438202 0.565 0.9662921348314607 0.56375 0.951310861423221 0.565 0.9325842696629213 0.56125 0.900749063670412 0.5625 0.8895131086142322 0.56 0.8782771535580525 0.55875 0.8408239700374532 0.55625 0.8370786516853933 0.55125 0.848314606741573 0.55125 0.8539325842696629 0.55 0.8558052434456929 0.545 0.8539325842696629 0.54375 0.8632958801498127 0.5375 0.8689138576779026 0.54375 0.8745318352059925 0.5425 0.8801498127340824 0.52875 0.8764044943820225 0.535 0.8689138576779026 0.5325 0.8632958801498127 0.51 0.8670411985018727 0.50875 0.8820224719101124 0.5125 0.8876404494382022 0.51125 0.8895131086142322 0.51625 0.8951310861423221 0.51625 0.9063670411985019 0.51875 0.9101123595505618 0.5225 0.9101123595505618 0.525 0.9157303370786517 0.5225 0.9213483146067416 0.52375 0.9250936329588015 0.52125 0.9363295880149812 0.51625 0.9382022471910112 0.52 0.9456928838951311 0.51375 0.947565543071161 0.51 0.9531835205992509 0.50375 0.951310861423221 0.5025 0.9363295880149812 0.50375 0.8838951310861424 0.5 0.8782771535580525 0.49875 0.8651685393258427 0.50125 0.8595505617977528 0.5075 0.8595505617977528 0.51375 0.8539325842696629 0.51375 0.846441947565543 0.5075 0.8370786516853933 0.5075 0.7602996254681648 0.50875 0.7584269662921348 0.5075 0.7340823970037453 0.51 0.7284644194756554 0.50875 0.6910112359550562 0.51125 0.6741573033707865 0.51 0.602996254681648 0.51125 0.5749063670411985 0.515 0.550561797752809 0.5125 0.5393258426966292 0.51375 0.5374531835205992 0.5125 0.5224719101123596 0.515 0.5037453183520599 0.515 0.46441947565543074 0.5175 0.45318352059925093 0.51875 0.4250936329588015 0.5175 0.40823970037453183 0.52125 0.37265917602996257 0.51875 0.36142322097378277 0.52 0.3445692883895131 0.52125 0.3445692883895131
8 0.84125 0.00749063670411985 0.845 0.011235955056179775 0.845 0.018726591760299626 0.84875 0.031835205992509365 0.84875 0.04868913857677903 0.8525 0.06741573033707865 0.8525 0.09363295880149813 0.8475 0.09737827715355805 0.8525 0.09925093632958802 0.855 0.10674157303370786 0.8575 0.13857677902621723 0.85625 0.1441947565543071 0.85 0.1441947565543071 0.84375 0.1404494382022472 0.8325 0.1404494382022472 0.825 0.1441947565543071 0.82 0.13108614232209737 0.8125 0.12172284644194757 0.8125 0.1198501872659176 0.8175 0.12172284644194757 0.8275 0.09925093632958802 0.8425 0.09737827715355805 0.84125 0.09363295880149813 0.83625 0.09176029962546817 0.8275 0.09363295880149813 0.82125 0.0898876404494382 0.8175 0.07677902621722846 0.82 0.06554307116104868 0.82 0.05805243445692884 0.8175 0.052434456928838954 0.81875 0.035580524344569285 0.8175 0.031835205992509365 0.8225 0.018726591760299626 0.8225 0.013108614232209739 0.8325 0.0056179775280898875 0.84 0.00749063670411985
8 0.9075 0 0.9425 0 0.94625 0.003745318352059925 0.945 0.020599250936329586 0.9475 0.035580524344569285 0.94625 0.03745318352059925 0.9475 0.054307116104868915 0.945 0.1404494382022472 0.94625 0.1441947565543071 0.945 0.45880149812734083 0.9475 0.5337078651685393 0.945 0.5936329588014981 0.9475 0.6067415730337079 0.9475 0.653558052434457 0.9425 0.6685393258426966 0.935 0.6779026217228464 0.9375 0.7172284644194756 0.93625 0.7284644194756554 0.9375 0.7790262172284644 0.93625 0.7846441947565543 0.93375 0.7865168539325843 0.93 0.7752808988764045 0.93 0.7640449438202247 0.92125 0.7284644194756554 0.92 0.7097378277153558 0.91625 0.702247191011236 0.9175 0.6985018726591761 0.91625 0.6872659176029963 0.91125 0.6704119850187266 0.91375 0.651685393258427 0.92375 0.6292134831460674 0.93125 0.5955056179775281 0.92125 0.5861423220973783 0.9125 0.5936329588014981 0.91125 0.5973782771535581 0.90625 0.5898876404494382 0.9075 0.5711610486891385 0.90625 0.5243445692883895 0.90375 0.5112359550561798 0.905 0.5074906367041199 0.90375 0.5037453183520599 0.905 0.4868913857677903 0.90375 0.350187265917603 0.90625 0.29775280898876405 0.905 0.2846441947565543 0.90625 0.25280898876404495 0.90375 0.23595505617977527 0.90625 0.20599250936329588 0.90375 0.1947565543071161 0.905 0.19288389513108614 0.905 0.1198501872659176 0.90625 0.11797752808988764 0.905 0.08052434456928839 0.9075 0.056179775280898875 0.90625 0.04868913857677903 0.9075 0.0018726591760299626